76,79,64,52
76,79,64,52
76,79,63,52
76,79,63,52
76,78,63,52
76,78,63,52
76,78,63,52
76,78,63,52
76,78,63,52
75,78,63,52
75,78,62,52
75,78,62,52
75,78,62,52
75,78,62,52
75,78,62,51
75,78,62,51
75,78,62,51
75,78,62,51
75,78,62,51
75,78,62,51
75,78,62,51
75,78,62,51
75,78,62,51
75,78,62,51
75,78,62,51
75,78,62,51
75,78,62,51
75,78,62,51
74,78,62,51
74,78,62,51
74,78,62,51
75,78,62,51
75,78,62,51
75,79,62,51
75,79,62,51
75,79,62,51
75,79,62,51
75,79,62,51
75,78,62,51
75,78,62,51
75,78,62,51
75,78,62,51
75,78,62,51
75,78,62,50
75,78,62,50
75,78,62,49
75,78,62,50
75,78,62,50
75,78,61,51
75,78,61,51
75,78,61,51
75,78,61,51
75,78,61,50
75,79,61,49
75,79,61,49
75,79,61,48
75,79,61,49
75,79,61,49
75,78,61,50
75,78,60,51
75,78,60,51
75,78,60,50
75,78,60,49
75,78,59,48
75,78,59,47
75,78,59,47
75,78,59,47
75,78,59,47
75,78,59,48
75,78,59,48
75,78,59,48
75,78,59,48
75,78,59,48
75,78,59,47
75,79,59,47
74,79,59,46
74,78,59,47
74,77,59,48
74,77,59,49
73,76,59,49
73,76,59,49
73,76,59,49
73,77,58,49
74,77,58,48
74,78,58,48
74,78,58,48
74,78,58,48
73,78,58,48
73,78,58,48
73,77,58,48
73,77,58,48
73,77,58,48
73,78,58,47
73,78,58,46
73,79,57,46
73,79,57,45
73,79,57,46
73,79,57,46
73,78,57,47
73,78,57,48
73,78,57,48
73,77,57,48
73,77,56,48
73,77,56,48
73,77,55,48
73,77,55,48
73,76,55,48
73,76,56,48
73,76,56,48
72,76,56,48
72,76,57,48
72,76,56,48
73,76,56,48
73,75,56,48
73,75,56,48
73,75,56,48
73,75,56,48
73,75,56,48
72,75,56,47
72,75,56,47
72,75,56,47
72,75,56,47
72,75,56,47
72,76,56,46
72,76,56,46
72,76,56,45
72,77,56,45
72,77,56,46
72,77,56,46
72,78,56,46
72,78,56,47
72,79,56,47
72,79,56,47
72,80,56,47
73,80,56,47
73,80,56,47
73,80,56,47
73,80,56,47
73,80,56,47
73,80,56,47
73,80,56,47
73,80,56,47
73,81,56,47
73,82,56,47
74,82,56,46
74,82,56,46
74,82,56,46
74,82,56,46
74,81,56,46
74,81,56,46
74,80,56,46
74,79,56,46
74,78,56,46
74,77,56,47
74,76,56,47
74,75,56,47
74,75,56,47
75,74,56,47
75,74,56,47
75,73,56,47
75,73,56,47
75,73,56,47
75,73,56,47
76,73,56,46
76,73,56,46
76,74,56,46
76,74,56,46
76,74,56,46
76,74,56,47
77,74,56,47
77,74,56,47
76,74,56,47
76,74,56,47
76,75,56,46
75,75,56,46
75,75,56,46
75,75,56,46
76,75,56,46
76,74,56,47
76,73,56,47
76,73,56,47
76,73,56,47
76,74,56,47
75,74,56,47
75,74,56,47
75,75,57,47
75,75,57,47
75,75,57,47
75,76,57,47
75,76,57,47
75,76,57,47
75,76,57,47
75,76,57,47
75,76,57,47
75,76,57,47
75,76,57,47
74,75,57,47
74,75,57,47
74,74,57,47
74,74,57,47
74,74,57,47
74,74,57,47
74,74,57,47
74,74,57,47
74,74,57,47
74,74,58,47
74,74,58,47
74,74,58,47
74,74,58,47
74,74,58,47
74,74,58,47
73,75,58,47
73,75,58,47
73,76,58,47
73,76,58,47
73,76,58,47
73,76,58,47
73,76,58,47
72,75,58,47
72,75,58,47
72,75,58,47
72,75,58,47
72,75,58,47
71,76,58,47
71,76,58,47
71,76,58,47
71,76,58,47
70,75,58,47
70,75,59,47
70,75,59,47
70,74,59,47
69,74,59,47
69,74,59,47
69,74,59,47
69,74,59,47
68,74,59,47
68,74,59,47
68,73,59,47
68,73,59,47
68,73,59,47
68,73,59,47
67,73,59,47
67,73,59,47
67,73,59,48
67,73,59,48
67,73,59,48
67,73,59,48
67,73,59,48
67,72,59,48
66,72,59,48
66,72,59,48
66,72,59,48
66,72,59,48
66,72,59,48
66,71,59,48
66,71,59,48
66,71,59,48
66,71,59,48
66,71,59,49
66,71,59,49
66,71,59,49
66,71,59,49
66,72,59,49
66,72,59,49
66,73,59,49
66,73,59,49
66,73,59,49
66,74,59,49
66,74,59,49
66,74,59,49
66,74,59,49
66,74,59,49
66,74,59,49
66,74,59,49
66,75,59,49
66,75,59,49
66,75,59,49
66,76,59,49
66,76,59,49
66,76,59,49
67,77,59,49
67,77,59,49
67,77,59,49
67,76,59,48
67,76,59,48
68,76,59,48
68,76,59,48
68,76,59,48
69,75,59,48
69,75,59,48
69,75,59,48
70,74,59,48
70,74,59,48
70,74,59,47
70,74,59,47
70,73,59,47
70,73,59,47
71,73,59,47
71,73,59,47
71,73,59,47
71,73,58,47
72,73,58,47
72,74,58,46
73,75,57,46
73,76,57,46
74,76,56,46
74,76,56,46
75,76,56,46
75,76,55,46
76,75,55,46
76,75,55,46
76,75,55,46
76,75,55,46
77,74,55,46
77,74,55,46
77,74,55,46
77,74,56,46
77,74,56,46
77,75,56,47
78,75,56,47
78,75,56,47
78,76,56,47
79,76,56,46
79,77,56,46
80,77,55,46
80,78,55,46
81,78,55,45
81,78,55,45
81,79,54,45
82,79,54,45
82,79,54,44
82,79,54,44
82,79,54,44
82,79,54,44
82,79,54,44
82,79,54,44
83,79,54,44
83,78,54,44
83,78,54,44
83,78,54,44
83,77,54,44
83,77,54,44
83,76,54,44
84,75,54,44
84,75,54,44
84,74,53,44
84,74,53,43
85,75,53,43
85,75,53,43
85,75,53,43
85,75,53,43
85,75,53,43
85,76,53,43
85,76,53,43
85,77,52,43
85,77,52,43
85,79,52,43
85,80,52,43
85,81,52,44
85,81,52,44
85,82,52,44
85,81,52,44
85,80,52,44
85,79,52,43
85,78,52,43
85,78,52,43
85,78,52,43
85,79,52,43
85,79,52,43
85,79,52,42
85,80,52,42
85,80,52,42
85,80,52,42
85,79,52,42
85,79,52,41
85,79,52,41
85,79,52,41
85,79,52,41
85,79,52,41
84,79,52,41
84,79,52,41
84,79,52,41
84,80,52,41
84,80,52,41
84,80,52,41
84,80,52,41
85,80,52,41
85,80,52,41
85,80,52,41
85,80,52,41
85,80,52,41
85,80,52,41
85,80,52,41
85,80,52,41
86,80,52,41
86,80,52,41
86,80,52,41
86,80,52,41
86,80,52,41
86,80,52,41
86,80,52,41
86,80,52,41
86,80,52,41
86,81,52,41
86,81,52,41
86,81,52,41
86,81,52,41
86,81,51,41
86,81,51,41
86,81,51,41
86,81,51,41
86,81,51,41
86,81,51,41
86,81,51,41
86,82,51,41
86,82,51,41
85,82,51,41
85,82,51,41
85,82,51,41
85,82,50,41
85,82,50,41
85,82,50,41
85,82,50,41
85,82,50,41
84,81,50,42
84,81,50,42
84,81,50,42
84,81,50,41
84,80,50,41
84,80,50,41
84,80,50,41
84,80,50,41
84,81,50,42
84,81,50,42
84,81,50,42
84,81,50,42
84,82,50,42
84,82,50,42
84,82,50,41
84,83,50,41
84,83,50,41
84,83,50,41
84,83,50,41
84,83,50,41
84,82,50,41
85,82,50,41
85,82,50,41
85,82,50,41
85,82,50,41
86,81,50,41
86,81,50,41
86,81,50,41
87,80,50,41
87,80,50,41
87,79,50,42
88,79,50,42
88,79,50,42
89,79,50,41
89,79,50,41
89,79,50,41
90,79,50,41
90,79,50,41
90,79,50,41
91,79,50,41
91,79,50,42
91,79,50,42
92,79,50,42
92,79,50,41
92,79,50,41
93,80,50,41
93,80,50,41
94,80,50,41
94,80,50,41
94,80,50,41
95,80,50,41
95,80,50,41
95,80,50,41
96,80,50,41
96,80,50,41
96,80,50,41
97,80,50,41
97,81,50,41
97,81,50,40
98,82,50,40
98,83,50,40
99,83,50,40
99,83,50,40
99,84,50,40
100,84,50,40
100,84,50,41
101,84,50,41
101,84,50,41
102,83,50,41
102,83,49,42
102,82,49,42
103,82,49,42
103,82,49,42
104,82,49,41
104,82,49,41
105,82,49,41
106,82,49,41
106,82,49,41
107,81,49,41
108,80,49,41
109,80,49,41
110,79,49,41
111,79,49,41
112,79,49,41
113,79,49,41
114,78,49,41
115,78,49,41
116,79,49,41
117,79,49,40
118,79,49,40
119,80,49,40
120,80,49,40
121,80,49,40
122,80,49,40
123,80,49,41
124,80,49,41
125,79,49,41
126,79,49,41
127,79,49,41
129,78,49,41
130,78,49,41
131,77,49,41
132,77,49,41
133,77,49,41
134,77,49,41
135,77,49,41
136,77,49,41
137,77,49,41
138,77,49,41
140,77,49,41
141,77,49,41
142,78,49,41
143,78,49,41
144,78,49,41
145,79,49,41
146,79,49,41
148,79,49,41
149,79,49,41
150,79,49,41
151,78,49,41
152,78,49,41
154,78,49,41
155,78,49,41
155,79,49,41
156,80,49,41
157,80,49,41
158,81,49,41
160,82,49,41
161,82,48,40
163,83,48,40
164,84,47,40
165,84,47,39
166,84,47,40
167,83,48,40
167,83,48,40
168,83,49,41
168,83,49,41
169,83,49,41
171,83,48,41
172,83,47,40
174,83,46,40
175,83,46,40
176,83,46,40
176,82,46,40
177,82,46,40
177,82,46,39
178,82,46,39
178,82,46,39
179,81,46,40
180,81,46,40
180,81,46,40
181,81,46,40
182,80,46,40
182,80,46,40
183,80,46,41
184,80,46,41
185,80,46,41
185,80,46,41
186,80,46,40
186,80,46,40
187,80,46,40
187,80,46,39
188,80,46,39
188,80,47,39
189,80,47,39
190,80,47,39
190,80,47,39
191,80,47,39
191,80,47,39
192,80,47,39
192,80,46,39
193,80,46,39
193,80,46,39
193,80,46,40
194,80,46,40
194,80,46,40
195,80,46,40
192,80,49,41
193,80,48,40
194,80,47,40
195,80,47,40
196,80,47,40
197,80,47,40
197,80,47,40
197,80,47,40
198,80,47,41
198,80,47,41
199,80,47,41
199,80,47,40
200,80,47,40
201,80,47,40
201,79,47,40
201,79,47,40
201,79,47,40
201,78,48,40
201,78,49,41
201,78,49,41
201,78,49,41
201,78,49,41
202,78,48,40
202,78,48,40
203,78,48,40
203,78,48,40
203,77,47,40
203,77,47,41
203,76,47,41
204,76,47,41
203,76,47,41
203,76,47,40
203,76,48,40
203,76,48,40
202,76,48,40
201,76,48,40
200,76,49,40
200,76,49,41
199,76,49,41
199,76,49,41
198,76,49,41
198,76,49,41
198,76,49,41
198,76,48,41
198,76,48,41
197,76,48,41
197,75,48,41
197,75,48,41
197,75,48,41
197,75,48,40
196,75,48,40
196,76,48,40
195,76,48,40
195,77,48,40
194,77,48,40
194,77,48,40
193,77,49,40
193,77,49,40
192,77,49,41
192,76,49,41
192,76,49,41
192,76,49,41
192,76,49,41
191,76,48,41
191,76,48,41
191,76,48,41
191,76,48,41
191,75,47,41
190,75,47,41
190,75,47,41
190,75,47,41
190,76,47,40
190,76,47,40
189,77,47,39
189,77,47,39
189,76,47,40
189,75,47,40
188,75,47,40
188,75,47,41
188,75,47,41
187,75,48,41
187,75,48,40
187,76,48,40
187,76,48,40
186,76,49,40
186,76,49,40
187,76,48,40
187,76,48,40
187,76,48,41
187,76,48,41
187,76,48,41
187,75,48,41
187,75,47,41
187,74,47,41
187,74,47,41
187,74,47,41
187,75,47,41
187,75,47,41
187,75,47,41
187,75,47,41
187,75,47,41
187,75,47,40
187,75,47,40
188,75,47,40
188,75,47,40
188,75,47,40
188,75,47,40
188,75,47,41
188,75,47,41
189,75,47,41
189,75,47,41
189,74,47,41
189,73,47,41
190,72,47,41
190,71,47,41
190,71,47,41
190,70,48,41
190,70,48,41
190,70,48,41
190,70,48,41
190,70,48,41
190,70,48,41
190,70,48,41
190,71,49,41
190,71,49,40
190,72,49,41
190,72,49,41
190,73,49,41
190,73,48,41
191,74,48,41
191,73,48,41
191,73,48,41
192,72,47,41
192,71,47,41
192,71,47,41
192,71,47,41
192,71,47,41
192,72,47,41
193,72,47,41
193,73,46,41
193,72,47,41
193,72,47,41
193,71,47,41
193,70,47,41
193,69,47,41
193,69,47,41
193,68,47,41
193,68,47,41
193,68,46,41
194,67,46,41
194,67,46,41
194,67,46,41
193,66,46,41
193,66,46,41
193,66,46,41
193,66,47,41
193,66,47,41
193,66,47,41
193,66,47,41
193,66,47,41
193,66,47,41
192,67,47,41
192,67,47,41
192,67,46,41
192,68,46,41
192,68,46,41
192,68,46,41
192,68,46,41
192,68,46,41
192,68,47,41
192,69,47,41
191,69,47,41
191,70,47,41
191,70,47,41
191,70,47,41
191,70,47,41
191,70,47,41
191,70,47,41
191,69,47,41
191,69,46,41
190,69,47,41
190,69,47,41
190,69,47,41
190,69,47,40
190,69,47,40
190,69,47,40
190,69,46,40
190,69,46,40
190,69,46,40
190,69,46,40
190,69,46,40
189,69,46,40
189,69,46,40
189,69,46,40
189,69,46,40
189,70,47,41
188,71,47,41
188,71,47,41
188,72,47,41
188,73,47,41
188,73,47,41
188,73,47,41
188,73,47,41
188,73,46,41
188,73,46,40
188,73,46,40
188,73,46,40
188,74,46,40
188,74,46,40
188,75,46,40
188,75,46,40
188,75,46,40
188,75,46,40
188,76,46,40
188,76,46,41
188,77,46,41
188,77,46,41
188,78,46,41
188,78,46,41
188,78,46,41
188,77,46,40
188,77,46,40
188,76,46,40
188,75,46,39
188,76,46,40
188,76,46,40
189,77,46,40
189,78,46,41
189,78,46,41
189,78,46,41
189,78,46,41
189,77,47,41
189,76,47,41
189,76,47,41
188,75,48,41
188,76,48,41
188,76,48,41
188,76,49,41
188,76,49,41
188,76,49,41
190,76,49,41
191,75,49,41
190,75,48,41
190,75,48,41
189,75,48,41
189,75,49,41
189,75,49,41
189,75,49,41
189,76,49,41
189,76,49,41
189,76,49,41
190,76,49,41
190,76,49,41
190,76,49,41
190,76,49,41
190,76,49,41
190,76,49,41
190,76,49,41
191,76,49,41
191,76,49,41
191,76,49,42
192,76,49,42
192,75,49,42
192,75,49,42
192,75,49,42
193,75,49,42
193,74,49,42
193,74,49,42
193,74,49,42
193,73,49,42
194,73,49,42
194,73,49,43
195,73,49,43
195,73,49,43
195,73,49,43
195,73,49,43
195,73,49,43
196,72,50,43
196,72,50,43
196,72,50,43
196,73,50,43
196,73,50,44
197,73,51,44
197,73,51,44
197,73,51,44
197,73,51,44
197,73,51,44
198,74,52,44
198,74,52,44
198,74,52,44
199,74,52,44
199,74,52,44
199,75,52,44
200,75,52,44
200,75,52,44
201,75,52,45
201,75,52,45
201,75,52,45
202,76,52,45
202,76,53,45
202,76,54,45
202,77,54,45
202,76,54,45
202,76,54,46
203,76,54,46
203,76,54,46
204,76,54,46
204,76,54,46
205,76,54,46
205,76,54,47
206,76,55,47
206,77,55,47
