164,121,27,24
164,121,27,24
165,121,27,24
165,121,27,24
166,121,27,24
166,121,27,24
166,121,27,24
167,121,27,24
167,121,27,24
167,121,27,24
167,121,27,24
168,121,27,24
168,121,27,24
168,121,27,24
168,121,27,24
168,121,27,24
168,121,27,24
168,121,27,24
169,121,27,24
169,121,27,24
169,121,27,24
169,121,27,24
170,121,27,24
171,122,27,24
171,122,27,24
172,122,27,24
172,122,27,24
171,121,27,24
171,121,27,24
171,120,27,24
171,120,27,24
171,120,27,24
170,121,27,24
170,121,27,24
170,122,27,24
170,122,27,24
169,122,27,24
169,122,27,24
169,121,27,24
169,121,27,24
169,121,27,24
169,121,27,24
169,122,27,24
169,122,27,24
169,123,27,24
169,123,27,24
169,123,27,24
169,123,27,24
169,123,27,24
169,123,27,24
169,123,27,24
169,123,27,24
169,123,27,24
169,123,27,25
169,123,27,25
169,123,27,25
169,123,27,25
169,124,27,25
169,124,27,24
169,125,27,24
169,125,27,24
169,124,27,24
169,124,27,24
169,123,27,24
169,123,27,24
169,123,27,24
169,123,27,24
169,123,27,24
169,123,27,24
169,123,27,24
169,123,27,24
169,123,27,24
169,123,27,24
169,123,27,24
169,123,27,24
169,123,27,24
169,123,27,24
169,123,27,24
169,124,27,24
169,124,27,24
169,124,27,24
169,124,27,24
170,124,27,24
170,124,27,24
170,124,27,24
170,124,27,24
170,124,27,24
170,124,27,24
170,124,27,24
170,124,27,24
170,124,27,24
171,124,27,24
171,124,27,24
172,124,27,24
172,124,27,24
172,124,27,24
172,124,27,24
172,124,27,24
172,124,27,24
172,124,27,24
172,124,27,24
172,124,27,24
172,124,27,24
173,124,27,24
174,124,27,24
174,123,27,24
174,123,27,24
174,123,27,24
175,123,27,24
175,122,27,24
175,122,27,24
175,122,27,24
175,122,27,24
175,122,27,24
175,123,27,24
175,123,27,24
175,123,27,24
174,123,27,24
174,123,27,24
174,124,27,24
174,124,27,24
174,124,27,24
174,124,27,24
174,124,27,25
174,124,27,25
174,124,27,25
174,124,27,25
174,125,27,25
174,125,27,24
174,126,27,24
174,126,27,24
174,126,27,24
174,125,27,24
174,125,27,25
174,124,27,25
174,124,27,25
174,124,27,25
174,124,27,25
174,124,27,24
174,124,27,24
174,124,27,24
174,123,27,24
174,123,27,25
174,122,27,25
174,121,27,25
174,121,27,25
174,121,27,25
174,122,27,25
174,122,27,25
174,122,27,25
174,122,27,25
174,122,27,25
174,122,27,25
174,123,27,25
174,123,27,25
174,123,27,25
174,123,27,25
174,123,27,24
173,123,27,24
173,124,27,24
173,124,27,24
173,124,27,24
173,123,27,25
173,123,27,25
173,123,27,26
173,123,27,26
173,123,27,26
173,123,27,25
173,124,27,25
173,125,27,24
173,125,27,24
173,125,27,24
173,125,27,24
173,124,27,24
173,124,27,24
173,124,27,24
173,124,27,24
173,123,27,24
173,123,27,24
172,123,27,24
172,122,27,24
172,122,27,24
172,121,27,24
171,121,28,25
171,121,28,25
171,120,28,25
170,120,28,25
170,120,28,25
169,120,29,25
169,119,29,25
169,119,29,25
169,119,29,25
169,119,29,25
169,118,28,25
168,118,28,25
168,118,28,25
168,118,28,25
168,118,28,24
168,118,27,24
168,117,27,24
168,117,27,24
168,117,27,24
167,116,27,25
166,116,28,26
166,115,28,26
166,115,28,26
165,115,28,26
165,116,29,26
165,116,29,26
165,117,29,26
164,118,29,25
164,118,29,25
164,119,29,25
164,120,29,25
164,120,29,25
164,121,29,25
164,122,28,25
164,122,28,25
164,122,28,25
164,123,28,25
164,123,28,25
164,123,28,25
164,122,28,25
164,122,28,25
163,122,28,26
163,121,28,26
163,121,28,26
163,121,29,26
163,120,29,26
163,120,29,26
163,119,29,26
163,119,29,26
163,119,29,26
163,119,29,26
163,118,29,26
163,118,29,26
163,118,28,26
163,117,28,25
163,116,28,25
163,116,28,25
163,116,28,25
163,116,28,25
163,116,28,25
163,116,28,25
163,116,28,25
163,117,28,25
163,116,28,25
163,116,28,25
164,116,28,25
164,116,28,25
164,115,28,25
164,115,28,25
165,115,28,26
165,114,28,26
165,114,28,27
165,114,29,27
165,114,29,27
165,114,29,26
165,115,29,26
165,115,29,25
165,115,29,25
166,115,29,25
166,115,29,26
166,114,29,26
166,114,29,27
166,114,29,27
167,114,29,27
167,114,29,27
167,115,29,26
167,115,29,26
168,116,29,26
168,116,29,26
168,116,29,26
168,116,29,26
169,116,29,26
169,116,29,26
169,116,29,26
170,116,29,26
170,116,29,26
170,116,29,26
170,116,29,26
171,116,29,26
171,116,29,27
171,116,29,27
171,116,29,28
172,116,29,28
172,116,29,27
172,116,29,27
173,116,29,26
173,116,29,26
173,116,29,26
173,116,29,26
174,116,29,26
174,116,29,26
175,117,29,26
175,117,29,26
175,117,29,26
175,116,29,26
176,116,29,26
176,116,29,26
176,116,29,26
176,116,29,26
176,116,29,27
175,116,29,27
175,117,29,27
175,117,29,27
175,117,30,27
175,118,30,27
175,118,30,27
175,118,30,26
175,119,30,26
175,118,30,26
175,118,30,27
175,118,30,27
175,118,30,27
175,118,30,28
175,118,30,27
175,119,30,27
175,119,30,27
174,120,30,26
174,120,30,26
174,120,30,26
174,120,30,26
174,120,30,26
174,120,30,26
174,120,30,26
174,120,30,26
174,120,30,26
174,120,30,27
173,120,30,27
173,120,30,27
173,120,30,27
173,120,30,27
173,119,30,27
173,119,30,27
173,119,30,27
173,119,30,27
172,119,30,27
172,120,30,27
172,120,30,27
172,120,30,27
172,120,30,27
171,119,30,28
171,119,30,28
170,118,30,28
170,118,30,29
170,118,30,28
169,119,30,28
169,119,30,28
168,120,30,27
168,120,30,27
167,120,30,27
167,120,30,27
166,120,30,27
166,120,30,27
165,120,30,27
165,120,30,27
165,120,30,27
165,120,30,27
165,120,30,27
165,120,30,27
165,120,30,27
165,120,30,27
164,120,30,27
164,119,30,28
164,119,30,28
164,119,30,28
164,119,30,27
165,119,30,27
165,118,30,27
165,118,30,27
165,118,30,27
165,118,30,27
165,118,30,27
165,117,30,27
165,117,30,27
165,117,30,27
165,117,30,27
165,117,30,27
165,117,30,27
165,117,30,27
165,117,30,27
165,117,30,27
165,117,30,27
165,117,30,27
165,117,30,27
165,117,30,28
165,118,30,28
166,118,30,28
166,118,30,28
166,118,30,28
166,118,30,28
166,118,30,28
166,118,30,28
166,119,30,28
167,119,30,28
167,119,30,28
167,119,30,29
167,119,30,29
167,119,30,29
167,119,30,29
167,119,30,29
167,120,30,29
167,120,30,29
167,120,30,29
167,120,30,29
167,120,30,29
167,120,30,29
167,120,31,29
167,120,31,29
167,120,31,29
167,120,31,29
167,120,31,29
167,120,31,29
167,120,31,29
167,120,31,29
167,120,31,29
167,120,31,29
167,119,31,29
167,119,31,29
167,119,31,29
167,119,31,29
167,119,31,29
167,119,31,29
167,119,31,29
167,119,31,29
167,119,31,29
167,119,31,29
167,119,31,29
167,119,31,29
167,119,31,29
167,119,31,29
167,119,31,30
167,119,31,30
167,119,31,30
167,119,31,30
167,119,31,30
167,119,31,30
167,119,31,31
167,119,31,31
167,119,31,31
167,119,31,31
167,119,31,31
167,119,31,31
167,120,31,31
167,120,31,31
167,120,31,31
166,120,31,31
166,120,32,31
166,120,32,31
165,120,32,31
165,120,32,31
165,121,32,31
164,121,32,31
164,121,32,31
164,121,32,31
163,121,32,31
163,121,32,31
162,121,32,31
162,121,33,31
161,121,33,31
161,121,33,31
160,121,33,31
160,121,33,31
159,121,33,31
159,121,33,31
158,121,33,31
158,121,33,31
157,121,33,31
156,121,34,31
156,121,34,31
155,121,34,31
154,120,34,31
153,120,34,31
152,120,34,32
151,120,34,32
151,120,34,32
150,120,34,32
150,120,34,32
150,120,35,32
149,120,35,32
148,120,35,32
148,120,35,32
147,119,35,32
146,119,35,32
145,119,35,33
144,119,36,33
144,119,36,33
144,118,36,33
143,118,36,33
143,118,36,33
142,118,36,33
141,117,36,33
141,117,36,33
140,117,37,33
140,117,37,33
139,117,37,33
139,117,37,33
139,117,37,33
138,117,37,34
138,117,37,34
137,117,37,34
137,117,37,34
136,117,37,34
136,117,37,34
136,117,37,34
135,117,37,34
135,117,37,34
134,117,37,34
134,117,37,34
134,117,37,34
133,117,37,34
133,117,37,34
132,117,37,34
132,116,37,34
132,116,37,34
131,116,37,34
131,116,37,35
130,116,37,35
130,116,37,35
129,116,37,35
129,116,37,35
128,117,37,35
128,117,37,35
127,117,37,35
127,117,37,35
126,117,37,35
126,117,37,35
125,117,38,35
125,117,38,35
124,117,38,35
123,117,38,35
123,117,38,35
122,117,38,35
122,117,38,35
121,117,38,35
121,117,38,35
120,117,38,35
120,117,38,35
119,117,39,35
118,117,39,35
118,117,39,35
117,116,39,35
117,115,39,36
116,115,39,36
116,114,39,36
115,115,39,36
114,115,39,36
114,116,39,36
113,117,39,35
113,117,39,35
112,117,39,35
111,117,39,35
110,117,39,35
110,117,39,35
109,117,39,36
109,117,39,36
109,117,39,36
109,117,39,36
108,117,39,36
108,117,39,36
108,117,39,36
107,117,39,36
106,117,39,36
106,117,39,36
106,117,39,36
105,117,39,36
105,117,39,37
105,117,40,37
105,117,40,37
105,117,40,37
105,117,40,37
104,116,40,37
104,116,40,37
104,116,40,37
104,116,40,37
104,116,41,37
103,116,41,37
103,116,41,37
103,116,41,37
103,116,41,37
102,116,41,37
102,116,41,37
102,116,41,37
101,116,41,37
101,115,41,37
101,115,42,37
101,115,42,37
101,115,42,37
101,115,42,37
101,115,42,37
100,115,42,37
100,115,42,37
100,115,42,37
100,115,42,37
99,115,42,37
99,115,42,37
99,115,42,37
99,115,42,37
99,115,43,37
99,115,43,37
99,115,42,37
99,115,42,37
99,115,42,37
99,115,42,37
99,114,42,37
98,114,42,37
98,114,42,37
98,114,42,37
98,114,42,37
98,114,43,37
98,114,43,38
98,114,43,38
97,114,43,38
97,114,43,38
97,114,43,38
97,114,43,38
97,114,43,38
97,114,43,38
97,114,43,38
97,114,43,38
97,114,43,38
97,114,43,38
96,114,43,38
96,114,43,38
96,114,43,38
96,114,43,38
96,114,43,38
96,114,43,38
96,114,43,38
96,114,43,38
96,114,43,38
96,114,43,38
96,114,43,38
96,114,43,38
96,114,43,38
96,114,43,38
95,114,43,38
95,114,43,38
95,114,43,38
95,114,43,38
95,114,43,38
95,114,43,38
95,114,43,38
95,114,43,38
95,114,43,38
95,114,43,38
95,114,43,38
94,114,43,38
94,114,43,38
94,114,43,38
94,114,43,38
94,114,43,38
94,114,43,38
94,114,43,38
94,114,43,38
94,114,43,38
94,114,43,38
94,115,43,38
93,115,43,38
93,115,43,38
93,116,43,38
93,116,43,38
93,116,43,38
92,116,43,38
92,116,43,38
92,116,43,38
92,116,43,38
92,116,43,38
91,117,43,38
91,117,43,38
91,117,43,38
91,116,43,38
91,116,43,38
91,116,43,38
90,116,43,38
90,116,43,38
90,116,43,38
90,116,43,38
89,116,43,38
89,116,43,38
89,116,43,38
89,116,43,38
89,116,43,38
88,116,43,38
88,117,43,38
88,117,43,38
88,117,43,38
87,117,43,38
87,117,43,38
87,117,43,38
87,117,43,38
87,117,43,38
87,116,43,38
87,116,43,38
87,116,43,38
87,116,43,38
87,116,43,38
87,116,43,38
87,117,43,38
87,117,43,38
87,116,43,38
87,116,43,38
87,115,43,39
87,115,43,39
87,114,43,39
87,115,43,39
87,115,43,38
87,116,43,38
87,116,43,38
87,116,43,38
87,116,43,38
87,115,43,38
87,115,43,38
87,115,43,38
87,115,43,38
87,115,43,38
87,115,43,38
87,115,43,38
87,115,43,38
87,115,43,38
87,115,43,38
87,115,43,38
87,115,43,38
87,115,43,38
87,115,43,38
87,115,43,38
87,115,43,38
88,115,43,38
88,115,43,38
88,115,43,38
88,114,43,38
88,114,43,38
88,114,43,38
89,114,43,38
89,114,43,38
89,114,43,38
89,114,43,38
89,114,43,38
90,114,43,38
90,114,43,38
90,114,43,38
90,114,43,38
90,114,43,38
90,114,43,38
91,114,43,38
91,114,43,38
91,114,43,38
91,114,43,38
91,114,43,38
91,114,43,38
92,114,43,38
92,115,43,38
92,115,43,38
92,115,43,38
92,115,43,38
92,115,43,38
92,115,43,38
92,115,43,38
93,115,43,38
93,115,43,38
93,115,42,38
93,115,42,38
93,115,42,38
94,115,42,38
94,115,42,38
94,115,42,38
94,114,41,38
94,114,41,38
95,114,41,38
95,114,41,38
95,114,41,38
95,114,41,38
95,114,41,38
95,114,41,38
95,114,41,38
95,114,42,38
95,114,42,38
95,114,42,38
95,114,42,38
95,114,43,38
95,114,43,38
95,114,42,38
95,114,42,38
96,114,42,38
96,114,42,38
96,115,42,38
97,115,42,38
97,115,42,38
97,115,42,37
98,115,42,37
98,115,42,37
98,115,42,38
98,115,42,38
99,116,42,38
99,116,42,38
99,115,42,38
99,115,42,38
99,115,42,38
99,115,43,38
99,115,43,38
99,115,42,38
99,115,42,38
99,115,42,38
99,115,42,38
99,115,41,38
99,115,41,37
99,115,41,37
98,115,42,37
98,115,42,37
98,115,42,37
98,115,42,37
98,115,42,37
98,115,42,37
97,115,42,37
97,115,42,38
97,116,42,38
97,116,42,38
97,116,42,38
97,116,43,38
97,116,43,38
97,116,43,38
97,116,43,38
97,116,42,38
97,117,42,38
97,117,42,38
97,117,42,38
97,117,42,38
97,117,42,38
97,117,42,38
97,117,42,38
97,117,42,38
97,117,42,38
97,116,42,38
97,116,42,38
97,116,42,38
97,116,42,38
97,117,42,38
97,117,43,38
97,117,43,38
97,117,43,38
97,117,43,38
97,117,43,38
97,117,43,38
97,117,43,38
97,117,43,38
97,117,43,38
97,117,43,38
97,117,43,38
97,117,43,38
97,117,43,38
97,117,43,38
97,117,43,38
97,117,43,38
97,117,43,38
97,117,43,38
97,117,43,38
97,117,43,38
97,117,43,38
97,117,43,38
97,117,43,38
97,117,43,38
97,117,42,38
97,117,42,38
97,117,42,38
97,117,42,38
97,117,42,38
97,117,42,38
97,117,42,38
97,117,42,38
97,117,42,38
97,117,42,38
97,117,42,38
97,117,42,38
97,117,42,38
97,117,42,38
97,117,42,38
97,117,42,38
97,117,42,38
97,117,43,38
97,117,43,38
97,117,43,38
97,117,43,38
97,117,43,38
97,117,43,38
97,117,43,38
97,117,43,38
97,117,43,38
97,117,43,38
97,117,43,38
97,117,43,38
97,117,43,38
96,117,43,38
96,117,43,38
96,117,43,38
96,117,43,38
96,117,43,38
96,117,43,38
96,117,43,38
96,117,43,38
96,117,43,38
96,117,43,38
96,117,43,38
96,117,43,38
96,117,43,38
96,117,43,38
96,117,43,38
96,117,43,38
96,117,43,38
95,117,43,38
95,117,43,38
95,117,43,38
95,117,43,38
95,117,43,38
95,117,43,38
95,117,43,38
95,117,43,38
95,117,43,38
95,117,43,38
95,117,43,38
95,116,43,38
95,116,43,38
95,116,43,38
95,116,43,38
95,116,43,38
95,116,43,38
95,116,43,38
95,116,43,38
95,116,43,38
95,116,43,38
95,116,43,39
95,116,43,39
95,115,43,39
95,115,44,39
95,115,44,39
95,115,44,39
95,115,44,39
95,115,44,39
95,114,44,39
95,114,44,39
95,114,44,39
95,114,44,39
95,114,44,39
95,115,44,39
95,115,44,39
95,115,44,39
96,115,44,39
96,115,44,39
96,115,44,39
96,115,44,39
97,115,44,39
97,115,44,39
97,116,44,39
98,116,44,39
98,116,44,39
98,116,44,39
98,116,44,39
99,116,44,39
99,116,44,39
99,116,44,39
99,116,44,39
99,116,44,39
99,116,44,39
100,116,44,39
100,116,44,39
100,116,44,39
100,116,44,39
100,116,44,39
100,116,44,39
100,115,44,39
100,115,44,39
100,115,44,39
100,115,44,39
100,115,44,39
100,115,44,39
100,115,44,39
101,115,44,39
101,114,44,39
101,114,44,39
101,114,44,39
101,114,44,39
101,114,44,39
101,115,44,39
101,115,44,39
101,115,44,39
101,115,44,39
101,116,44,39
101,116,44,39
101,117,44,39
101,117,44,39
101,117,44,39
101,118,44,39
101,118,44,39
100,118,44,39
100,118,44,40
99,118,44,40
99,118,44,40
99,118,44,39
98,118,44,39
98,119,44,39
98,119,44,39
97,119,44,39
97,119,44,39
96,119,44,39
95,119,44,39
95,119,44,39
94,119,44,39
94,119,44,39
93,119,45,39
93,118,45,40
93,118,45,40
92,118,45,40
92,118,45,40
91,118,45,40
91,118,45,40
90,119,45,40
90,118,45,40
90,118,45,40
90,118,45,40
89,118,45,40
89,118,46,40
89,118,46,40
89,118,46,40
88,118,46,40
88,118,46,40
88,118,46,40
88,118,46,40
87,118,46,40
87,117,46,40
87,117,46,40
87,117,46,40
86,117,46,40
86,117,46,40
86,117,46,40
86,117,46,40
86,117,46,40
86,117,46,40
86,117,46,40
85,117,46,40
85,117,46,40
85,117,46,40
85,117,46,40
85,117,46,40
85,117,46,40
85,117,46,40
85,117,46,40
85,117,46,40
85,117,46,41
85,117,46,41
85,117,46,41
85,117,46,41
85,117,46,41
85,118,46,41
85,118,46,41
85,119,46,41
85,119,46,41
85,119,46,41
85,119,46,41
85,119,46,41
85,119,46,41
85,119,46,41
85,119,46,41
86,120,46,41
86,120,46,41
87,121,46,41
87,121,46,41
87,121,46,41
87,121,46,41
87,120,46,41
87,120,46,41
87,120,46,41
86,120,46,41
86,120,46,41
86,119,46,41
86,119,46,41
86,119,46,41
86,118,46,41
86,118,46,41
86,118,46,41
86,118,46,41
86,118,46,41
86,118,46,41
86,118,46,41
86,118,46,41
85,118,46,41
85,118,46,41
85,118,46,41
85,118,46,41
85,118,46,41
85,118,46,41
85,118,46,41
85,118,46,41
84,118,46,41
84,118,46,41
84,118,46,41
84,118,46,41
84,118,46,41
84,118,46,41
84,118,46,41
83,118,46,41
83,118,46,41
83,118,46,42
83,117,46,42
83,117,46,42
83,117,46,42
83,117,46,42
82,117,46,42
82,117,46,42
82,117,46,42
82,117,46,42
82,117,46,41
82,117,46,41
82,117,46,41
82,117,46,41
81,116,46,41
81,116,46,41
81,116,46,41
81,116,46,41
81,117,46,41
81,117,46,41
81,117,46,41
81,117,46,41
81,117,46,41
81,118,46,41
81,118,46,41
81,118,46,41
81,118,46,41
81,117,46,41
80,117,46,41
80,117,46,41
80,117,46,41
80,117,46,41
80,117,46,41
81,117,46,41
81,117,46,41
81,117,46,41
81,117,46,41
81,117,46,41
80,117,46,41
80,117,46,41
80,117,46,41
80,117,46,42
80,117,46,42
80,117,46,42
80,117,46,42
80,117,46,42
80,117,46,42
80,118,46,42
81,118,46,42
81,118,46,42
81,118,46,42
81,118,46,42
81,117,46,42
81,117,46,42
81,117,46,42
82,117,46,42
82,117,46,42
82,117,46,42
82,117,46,42
82,117,46,42
82,117,46,41
82,117,46,42
82,117,46,42
82,117,46,42
82,117,46,42
82,117,46,42
82,117,46,42
82,117,46,42
82,118,46,42
82,118,46,42
82,118,46,41
82,118,46,42
82,118,46,42
82,118,46,42
82,118,46,42
82,118,46,42
82,118,46,42
82,118,46,42
82,118,46,42
82,118,46,42
82,118,46,41
82,118,46,42
82,118,46,42
82,118,46,42
82,118,46,42
82,118,46,42
82,118,46,42
82,119,46,42
82,119,46,42
82,119,46,42
82,119,46,42
82,119,46,42
82,119,46,43
82,119,46,43
82,118,46,43
82,118,46,43
82,118,46,42
82,118,46,42
82,118,46,42
82,118,46,42
82,118,46,41
82,118,46,42
82,118,46,42
82,117,46,42
82,117,46,43
82,117,46,43
82,117,46,43
82,118,46,42
82,118,46,42
82,118,46,42
82,119,46,42
82,119,46,42
82,119,46,42
82,120,46,42
82,120,46,42
82,120,46,42
82,120,46,42
82,120,46,42
82,120,46,42
82,119,46,42
82,119,46,41
82,119,46,41
82,119,46,42
82,120,46,42
83,120,46,42
83,120,46,42
83,120,46,42
83,119,46,42
83,119,46,42
83,118,46,42
83,118,46,42
83,118,46,42
83,118,46,42
84,118,46,42
84,119,46,42
84,119,46,42
84,118,46,42
84,118,46,42
84,118,46,42
84,117,46,42
84,117,46,42
84,117,46,42
84,118,46,42
85,118,46,42
85,118,46,42
85,118,46,42
85,118,46,42
85,119,46,42
85,119,46,42
86,119,46,42
86,120,46,42
86,120,46,42
86,120,46,42
86,120,46,42
86,120,46,42
86,120,46,42
86,120,46,42
87,121,46,42
87,121,46,42
87,121,46,42
87,121,46,42
87,121,46,42
87,121,46,42
88,120,46,42
88,120,46,42
88,120,46,42
88,120,46,42
88,119,46,42
88,119,46,42
87,118,46,42
87,118,46,42
87,118,46,42
88,118,46,42
88,117,46,42
88,117,46,42
88,117,46,42
88,117,46,42
88,118,46,42
88,118,46,42
88,119,46,42
88,119,46,42
88,119,46,42
88,119,46,42
88,119,46,42
88,119,46,42
88,119,46,42
88,119,46,42
88,119,46,42
88,119,46,42
88,119,46,42
87,119,46,42
87,119,46,42
87,119,46,42
87,119,46,42
87,119,46,42
87,119,46,42
87,119,46,42
87,119,46,42
87,119,46,42
87,119,46,42
87,119,46,42
87,119,46,42
87,119,46,42
87,119,46,42
86,119,46,42
86,119,46,42
86,119,46,42
86,119,46,42
86,119,46,42
86,119,46,42
86,119,46,42
86,119,46,42
86,119,46,42
86,119,46,42
86,119,46,42
86,120,46,42
85,120,46,42
85,120,46,42
85,120,46,42
85,120,46,42
85,120,46,42
85,120,46,42
85,120,46,42
85,120,46,42
85,120,46,42
85,120,46,42
85,120,46,42
85,120,46,42
85,120,46,42
85,120,46,42
85,120,46,42
85,120,46,42
85,120,46,42
85,119,46,42
85,119,46,42
85,119,46,42
85,119,46,42
85,119,46,42
85,119,46,42
85,119,46,42
85,119,46,42
85,119,46,42
85,118,46,42
85,118,46,42
85,118,46,42
85,118,46,42
85,118,46,42
85,117,46,42
85,117,46,42
85,117,46,42
85,117,46,42
85,117,46,42
85,117,46,42
85,117,46,42
85,117,46,42
85,117,46,42
85,117,46,42
85,117,46,42
85,117,46,42
85,117,46,42
85,117,46,42
85,117,46,42
85,117,46,42
85,117,46,42
85,117,46,42
85,116,46,42
85,117,46,42
85,117,46,42
85,117,46,42
84,117,46,42
84,118,46,42
84,117,46,42
84,117,46,42
84,117,46,42
84,117,46,42
84,117,46,42
84,117,46,42
84,117,46,42
83,118,46,42
83,118,46,42
83,118,46,42
83,118,46,42
82,118,46,42
82,118,46,42
82,118,46,42
82,118,46,42
81,117,46,42
81,117,46,42
81,116,46,42
81,116,46,42
80,116,46,42
80,116,46,42
80,116,46,42
80,116,46,42
79,116,46,42
79,117,46,42
79,117,46,42
78,117,46,42
78,118,46,42
78,119,46,42
77,119,46,42
77,119,46,42
77,118,46,42
76,118,46,42
76,117,46,42
76,117,46,42
75,118,46,42
75,118,46,42
75,118,46,42
74,119,46,42
74,119,46,42
74,119,46,42
73,118,46,42
73,118,46,42
72,118,46,42
72,118,46,42
72,118,46,42
71,118,46,42
71,118,46,42
70,117,46,42
70,117,46,42
70,117,46,42
69,117,46,42
69,117,46,42
68,117,46,41
68,116,46,41
68,116,46,41
67,116,46,42
67,116,46,42
67,116,46,42
66,115,46,42
66,115,46,43
66,115,46,43
65,115,46,43
65,115,46,43
65,114,46,43
64,114,46,43
64,114,46,43
64,114,46,43
63,114,46,43
63,114,46,42
63,114,46,42
63,114,46,42
62,114,46,42
62,114,46,42
62,113,46,42
62,113,46,42
62,113,46,42
62,113,46,42
61,113,46,42
61,113,46,42
61,113,46,42
61,113,46,42
61,113,46,42
61,113,46,42
60,113,46,42
60,113,46,42
60,113,46,42
60,113,46,42
60,113,46,42
60,113,46,42
59,113,45,42
59,113,45,42
59,113,45,42
59,113,45,42
59,113,45,41
59,113,45,41
58,113,45,42
58,113,45,42
58,113,45,42
58,113,45,42
58,113,45,42
58,113,45,41
57,113,45,41
57,113,45,41
57,113,45,41
57,113,45,41
57,113,45,42
56,113,45,42
56,113,45,42
56,113,46,42
56,113,45,42
56,113,45,42
56,113,45,42
56,113,45,41
56,113,45,41
56,113,44,41
55,113,44,41
55,113,44,41
55,113,44,41
55,113,44,41
55,113,44,42
55,113,44,42
54,113,44,42
54,113,44,42
54,113,45,42
54,113,45,42
53,113,45,42
53,112,45,42
53,112,45,42
53,112,46,42
53,113,45,42
53,113,45,42
53,114,45,41
52,115,45,40
52,115,45,40
52,115,45,40
52,115,45,40
52,115,45,40
52,114,44,40
52,114,44,40
52,114,44,40
52,114,44,40
52,114,44,40
52,114,44,40
52,114,43,40
52,114,43,40
52,114,43,40
52,114,43,40
52,114,43,40
52,114,43,40
52,114,43,40
52,114,43,40
52,114,43,40
52,114,43,40
52,114,42,40
52,114,43,40
52,114,43,40
52,114,43,40
52,114,43,40
52,114,43,40
52,114,43,39
52,113,43,39
52,113,43,39
52,113,43,39
52,113,43,39
53,113,43,39
53,113,43,39
53,113,43,39
53,113,43,39
53,113,43,39
53,113,43,39
53,113,43,39
53,114,43,39
53,114,43,39
53,114,43,39
53,114,43,39
53,114,43,39
53,114,43,39
53,114,43,39
53,114,43,39
54,114,43,38
54,114,43,38
54,115,43,37
54,116,43,37
54,116,43,37
54,116,43,37
54,115,43,37
54,115,43,38
55,115,43,38
55,115,43,38
55,115,43,38
55,115,43,38
55,115,43,38
55,115,42,38
55,115,42,38
55,115,42,38
55,115,42,38
55,115,42,38
55,115,42,38
55,115,42,38
55,115,42,38
55,115,42,38
55,115,42,38
55,115,42,38
55,115,42,38
55,115,42,38
55,115,42,38
56,115,42,38
56,115,42,38
56,115,42,38
56,115,42,38
56,115,42,38
56,115,42,38
56,115,42,38
57,115,42,38
57,115,42,38
57,115,42,38
57,115,42,38
57,115,42,38
57,115,42,38
57,115,41,38
57,115,41,38
57,114,41,38
57,114,41,38
57,114,41,38
57,114,41,38
57,114,41,38
57,114,41,38
57,114,41,38
57,114,41,38
57,114,41,38
58,114,41,38
58,114,40,38
59,114,40,38
59,115,40,38
59,115,40,38
59,115,40,38
60,115,41,38
60,115,41,38
60,115,41,38
60,115,41,38
60,115,41,38
60,115,41,38
61,115,41,38
61,115,41,38
61,115,41,38
61,115,41,38
61,115,41,38
62,115,41,38
62,115,41,38
62,115,41,38
62,115,41,38
62,115,41,38
62,115,41,38
62,115,41,38
62,115,41,38
61,115,41,38
61,115,41,38
61,115,41,38
61,115,41,38
61,115,41,38
61,115,41,38
61,114,41,38
61,114,41,38
61,114,41,38
61,114,41,38
61,114,41,38
61,114,41,38
61,114,41,38
61,114,41,38
61,114,41,38
61,115,41,38
61,115,41,38
61,115,41,38
61,115,41,38
61,115,41,38
61,115,41,38
60,114,41,38
60,114,41,38
60,113,41,38
60,113,41,38
60,113,41,38
60,113,41,38
60,113,41,38
60,113,41,38
60,113,41,38
60,112,41,38
60,112,41,38
60,112,41,38
60,112,41,38
60,112,41,38
60,112,41,38
60,113,41,38
60,113,41,37
60,113,41,37
60,114,41,37
60,114,41,37
60,115,41,37
60,115,41,37
60,115,41,37
60,116,41,36
60,116,41,36
60,116,40,36
60,117,40,36
61,117,40,36
60,117,40,36
60,116,40,37
60,116,41,37
60,116,41,38
60,116,41,38
60,116,41,38
60,116,41,38
60,116,41,37
60,116,41,37
60,116,41,37
60,116,41,37
60,116,41,38
60,116,41,38
60,116,41,38
60,116,41,38
60,116,41,38
60,116,41,38
61,116,41,38
61,116,41,38
61,116,41,38
61,116,41,38
61,116,41,38
61,116,41,38
61,116,41,38
62,116,41,38
62,116,41,38
62,116,41,38
62,116,41,38
62,116,41,38
62,116,41,38
62,116,41,38
62,116,41,38
62,115,41,38
62,115,41,38
62,115,41,38
62,115,41,38
62,115,41,38
62,115,41,38
62,115,41,38
62,115,41,38
62,115,41,38
63,115,41,38
63,115,41,38
63,115,41,38
63,115,41,38
63,115,41,38
63,115,41,38
63,115,41,38
63,115,41,38
63,115,41,38
63,115,41,38
63,115,41,38
63,115,41,38
63,115,41,38
63,115,41,38
63,115,41,38
63,115,41,38
63,116,41,38
63,116,41,38
63,116,41,38
63,116,41,38
63,116,41,38
63,116,41,38
63,116,41,38
63,116,41,38
62,116,41,38
62,116,41,38
62,116,41,38
62,116,41,38
62,116,41,38
62,116,41,38
62,116,41,38
62,116,41,38
62,116,41,38
62,115,41,38
62,115,41,38
62,114,41,38
62,114,41,38
62,113,41,38
62,113,41,38
62,114,41,38
61,114,41,38
61,115,41,38
61,115,41,38
61,115,41,38
61,115,41,38
61,115,41,38
61,115,41,38
61,115,41,38
61,115,41,38
61,115,41,38
61,114,41,39
61,114,41,39
60,114,41,39
60,114,41,39
60,114,41,39
60,114,41,39
60,114,41,39
60,114,41,40
60,113,41,40
60,113,41,40
60,113,41,40
60,113,41,40
60,113,41,40
60,113,41,40
60,114,41,40
60,114,41,40
60,115,41,40
60,115,41,40
60,115,42,40
60,115,42,40
60,115,42,40
60,115,42,40
60,115,42,40
60,115,42,40
60,115,42,40
60,115,43,40
59,114,43,40
59,114,43,40
59,113,43,40
59,114,43,40
59,114,43,40
60,115,43,40
60,115,43,40
60,115,44,40
60,115,44,40
60,115,44,40
61,115,44,40
61,114,44,40
61,114,44,40
61,114,44,40
62,113,44,40
62,113,44,40
62,113,44,40
62,112,44,40
63,112,44,40
63,112,44,40
63,111,44,40
64,111,44,40
64,111,44,40
64,111,44,40
65,111,44,40
65,111,44,40
65,111,44,40
65,111,44,40
65,111,44,40
65,112,44,40
65,112,44,40
66,112,44,40
66,112,44,40
66,112,44,40
66,112,44,40
66,112,44,40
66,112,44,40
66,112,44,40
66,112,44,40
66,112,44,40
66,112,44,40
66,112,44,40
66,112,44,40
66,112,44,40
66,113,44,40
67,113,44,40
67,114,44,40
67,114,44,40
67,114,44,40
67,114,44,40
68,114,44,40
68,114,44,40
68,114,44,40
68,114,44,40
68,113,44,40
68,113,44,40
69,113,44,40
69,113,44,40
69,113,43,40
69,113,43,40
69,113,43,40
69,114,42,40
69,114,42,40
69,114,42,40
69,114,43,40
69,114,43,40
68,114,43,40
68,114,44,40
68,114,44,40
68,114,44,40
68,114,44,40
68,114,44,40
68,114,44,40
68,114,44,40
68,114,44,40
68,114,44,40
68,114,44,40
68,114,44,40
68,114,44,40
68,114,44,40
68,114,44,40
68,115,44,40
68,115,44,40
68,115,44,40
68,114,44,40
68,114,44,40
68,114,44,40
68,114,44,40
68,114,44,40
68,114,44,40
69,114,44,40
69,115,44,40
69,115,44,40
69,115,44,40
69,115,44,40
69,114,44,40
69,114,44,40
69,114,44,40
69,114,43,40
69,114,43,40
70,114,43,40
70,114,43,40
70,114,42,40
70,114,43,40
70,114,43,40
70,115,43,40
70,115,43,40
69,115,44,40
69,115,44,40
69,115,44,40
69,115,44,40
69,115,44,40
69,114,44,40
69,114,44,40
69,114,44,40
69,114,44,40
69,114,44,40
69,114,44,40
68,114,44,40
68,114,44,40
68,114,44,40
68,114,44,40
68,114,44,40
68,115,44,40
68,115,44,40
68,115,44,40
68,115,44,40
68,115,44,40
67,115,44,40
67,114,43,40
67,114,43,40
67,114,43,40
67,114,43,40
67,114,43,40
67,114,43,40
68,114,43,40
68,114,43,40
68,114,43,40
68,114,43,40
68,114,43,40
69,115,43,40
69,115,43,40
69,115,43,40
69,115,43,40
69,114,43,40
69,114,43,40
69,114,44,40
69,114,44,40
70,114,44,40
70,114,44,40
70,114,44,40
70,114,44,40
71,114,44,40
71,114,44,40
71,114,44,40
72,114,44,40
72,114,44,40
72,114,44,40
72,114,44,40
73,114,44,40
73,114,44,40
73,114,44,40
73,114,44,40
73,114,44,40
74,114,44,40
74,114,44,40
74,115,44,40
74,115,44,40
74,115,44,40
74,116,44,40
74,116,44,40
75,117,44,40
75,117,44,40
75,117,44,40
75,116,44,40
74,115,44,40
74,114,44,40
74,114,44,41
74,113,44,41
74,112,44,41
74,111,44,41
73,110,44,42
73,109,44,42
73,109,44,42
73,108,44,42
73,108,44,42
73,108,44,42
72,107,44,42
72,108,44,42
72,108,44,42
72,108,44,42
71,109,44,42
71,109,44,42
71,109,44,42
71,109,44,42
71,109,44,42
72,109,44,42
72,109,44,42
72,109,43,42
72,109,43,42
72,109,43,42
72,109,43,42
72,109,43,42
72,109,43,42
72,109,43,42
71,109,43,42
71,109,43,42
71,109,44,42
71,110,44,42
71,110,44,42
71,111,44,42
71,111,44,42
70,111,44,42
70,111,44,42
70,110,44,42
70,110,44,42
70,109,44,42
70,109,44,42
70,109,44,42
70,109,44,42
69,109,44,42
69,109,44,42
69,109,44,42
69,108,44,42
68,108,44,42
68,108,44,42
68,108,44,42
68,108,44,42
67,109,44,42
67,109,44,42
67,109,44,42
66,109,44,42
66,110,44,42
66,110,44,42
66,110,44,42
65,109,44,42
65,109,44,42
65,109,44,42
65,110,44,42
64,110,44,42
64,110,44,42
64,111,44,41
64,111,44,41
63,111,44,42
63,111,44,42
63,111,44,42
63,111,44,42
63,111,44,42
63,111,43,42
63,112,43,42
63,112,43,41
63,113,42,41
63,113,42,41
63,113,42,41
62,112,43,41
62,112,43,42
61,112,43,42
61,111,44,42
61,111,43,42
61,112,43,42
61,112,42,41
61,112,42,41
61,112,41,41
61,112,42,41
61,112,42,41
60,112,43,42
60,112,43,42
60,112,44,42
60,112,43,42
59,112,43,42
59,112,43,42
59,112,42,42
59,112,42,41
59,112,42,41
59,112,42,41
59,112,43,41
59,112,43,41
59,113,43,40
59,113,43,40
59,113,43,40
59,113,43,39
59,113,43,39
59,113,42,39
59,113,43,39
59,113,43,40
59,113,43,40
59,113,43,41
59,113,43,41
59,114,43,41
59,114,43,40
59,114,43,40
60,115,42,40
60,115,42,40
60,115,42,40
60,115,42,40
60,115,42,40
60,115,42,40
61,115,42,40
61,115,41,40
61,115,41,39
61,115,41,39
61,116,41,39
61,116,41,38
61,116,41,38
60,116,42,38
60,116,42,38
59,116,43,38
59,116,43,38
59,116,43,38
59,116,43,38
60,116,42,38
60,117,42,37
60,117,42,37
60,117,42,37
60,117,43,38
59,116,43,38
59,116,43,38
59,116,43,38
59,117,43,37
59,117,43,37
59,118,42,36
59,118,42,36
59,118,42,36
60,118,42,36
60,118,42,36
60,117,42,37
60,117,42,37
60,117,42,37
60,117,42,37
61,117,42,37
61,117,42,37
61,118,41,37
61,118,41,36
62,118,41,37
62,118,41,37
62,117,41,37
63,117,40,37
63,117,40,37
64,117,40,37
64,118,41,37
64,119,41,36
65,119,41,36
65,119,41,36
66,119,41,36
66,119,41,36
67,118,41,37
67,117,41,37
68,117,41,37
69,117,41,37
69,118,41,37
70,118,41,37
70,118,41,37
71,118,41,36
72,118,41,36
72,119,40,36
73,119,40,36
73,119,40,36
74,119,40,36
74,119,40,35
75,120,40,35
75,120,40,35
75,120,40,35
76,120,40,35
76,119,40,35
77,118,40,36
77,117,41,37
77,116,41,37
78,116,41,37
79,116,41,37
79,117,41,37
80,118,40,36
81,119,40,36
82,119,40,36
82,119,40,36
83,119,40,36
83,118,40,36
84,118,41,37
84,118,41,37
85,118,41,37
86,118,40,36
87,119,40,36
88,119,40,35
89,119,40,35
89,119,40,36
89,119,40,36
90,118,40,36
90,118,40,36
91,118,40,36
91,118,40,36
92,117,40,36
93,117,40,36
94,117,40,36
95,117,40,36
96,117,40,36
96,118,40,36
97,118,40,36
97,118,40,36
98,119,40,35
98,119,40,35
99,119,39,35
99,119,39,35
100,120,39,35
100,120,39,35
101,120,39,35
101,120,39,35
101,120,39,35
102,120,39,35
102,120,39,35
102,120,39,35
102,120,39,35
102,120,39,35
102,119,39,35
102,119,39,35
102,119,39,35
102,119,39,35
102,118,39,35
102,118,39,35
102,118,38,35
102,118,38,35
102,119,38,35
101,119,38,35
101,120,38,35
101,120,38,35
101,121,38,35
101,122,38,35
101,123,38,35
101,123,38,35
101,124,38,35
100,123,38,35
100,122,38,35
100,121,38,35
99,119,38,35
99,119,38,35
99,118,38,35
98,118,38,35
98,118,38,35
98,118,38,35
98,118,38,35
98,117,38,35
98,117,38,35
98,117,38,35
98,116,38,35
97,116,38,35
97,116,38,35
97,116,38,35
97,116,38,35
97,115,38,35
97,115,38,35
97,115,38,35
97,116,38,35
97,116,38,35
96,116,38,35
96,116,38,35
96,116,38,35
96,117,38,35
96,117,38,35
96,117,38,35
96,117,38,35
96,117,38,35
96,118,38,35
96,118,38,35
96,118,38,35
96,118,38,35
96,118,38,35
96,118,38,35
96,118,38,35
96,118,38,35
96,118,38,35
96,118,38,35
96,118,38,35
96,118,38,35
96,118,38,35
96,118,38,35
96,118,38,35
96,118,38,35
96,118,38,35
97,118,38,35
97,118,38,35
97,118,38,35
97,118,38,35
97,118,38,35
98,118,38,35
98,119,38,35
98,118,38,35
98,118,38,35
98,117,38,35
98,117,38,35
99,117,38,35
99,117,38,35
99,117,38,35
99,117,38,35
100,118,38,35
100,118,38,35
100,118,38,35
100,118,38,35
100,118,38,35
100,118,38,35
101,118,38,35
101,118,38,35
101,117,38,35
101,117,38,35
101,117,38,35
102,117,38,35
102,117,38,35
102,117,38,35
102,117,38,35
102,117,38,35
102,117,38,35
102,117,38,35
102,117,38,35
102,118,38,35
102,118,38,35
102,118,38,35
102,118,38,35
103,118,38,35
103,118,38,35
103,118,39,36
103,118,39,36
103,118,39,36
103,117,39,36
103,117,39,37
103,117,39,37
103,117,39,37
103,117,39,37
103,118,39,37
103,118,39,37
103,119,39,37
103,119,40,37
103,119,40,37
104,119,40,37
104,119,40,37
104,119,40,37
105,119,40,37
105,119,40,37
105,119,40,37
105,119,40,37
106,119,40,37
106,119,41,37
106,118,41,37
106,118,41,37
106,118,41,37
106,117,41,38
106,117,41,38
105,117,41,38
105,118,41,37
105,118,41,37
105,118,41,37
105,118,41,37
105,118,41,37
105,118,41,37
105,118,41,37
105,118,41,37
105,118,41,37
105,118,41,37
105,118,41,37
104,118,41,37
104,118,41,37
104,118,41,37
104,118,41,37
104,118,41,38
104,118,41,38
104,118,41,38
104,118,41,38
104,118,41,38
104,117,41,38
103,117,41,38
103,117,41,38
103,117,41,39
103,117,41,39
103,117,41,39
103,116,41,39
103,116,41,39
102,116,42,39
102,116,42,39
102,116,42,39
102,116,42,39
102,116,42,39
101,116,43,39
101,116,43,39
101,116,43,40
101,116,43,40
101,116,43,40
101,116,44,40
101,115,44,40
100,115,44,40
100,115,44,40
100,115,44,40
100,115,44,40
100,116,44,40
100,116,44,40
100,117,44,40
100,117,44,41
100,117,44,41
100,117,44,41
100,117,44,41
100,117,44,42
100,117,44,42
100,117,44,42
100,117,44,42
100,117,44,42
100,118,44,41
100,118,44,41
100,118,44,41
100,118,44,41
100,118,44,41
100,118,44,41
100,118,44,41
100,118,44,40
100,118,44,41
99,118,44,41
99,118,44,41
99,118,45,41
99,118,45,41
98,118,45,41
98,118,45,42
98,117,45,42
98,117,46,42
97,117,46,42
97,117,46,42
97,117,46,42
97,117,46,43
97,117,46,43
96,117,46,43
96,117,46,43
96,117,46,43
96,117,46,43
96,117,46,43
96,117,46,43
96,117,46,43
95,117,46,43
95,117,46,43
95,117,46,43
95,117,46,43
95,117,46,43
95,117,46,43
95,117,46,43
95,117,46,43
95,117,46,43
95,117,46,43
95,117,46,43
95,117,46,43
95,117,46,43
94,117,46,43
94,117,46,43
94,117,46,43
94,117,46,43
94,117,46,43
94,117,46,43
94,117,46,43
94,117,46,43
94,117,46,43
94,117,46,43
93,117,46,43
93,117,46,43
93,117,46,43
93,117,46,43
93,117,46,43
93,117,46,43
93,117,46,43
93,117,46,43
93,118,46,43
93,118,46,44
93,118,46,44
93,117,46,44
93,117,46,44
94,117,46,44
94,116,46,44
94,116,46,44
94,116,47,44
95,117,47,44
95,117,47,44
95,117,47,44
96,117,47,44
96,117,47,44
96,117,47,44
97,117,47,44
97,117,47,44
97,117,47,45
98,117,48,45
98,117,48,45
99,117,48,45
99,117,48,45
99,117,48,45
100,117,48,45
100,117,49,45
100,117,49,45
101,117,49,45
101,117,49,45
102,117,49,45
102,117,49,45
102,117,49,45
103,117,49,45
103,117,50,45
103,117,50,45
104,117,50,45
104,117,50,45
104,117,50,45
105,117,50,46
105,117,50,46
105,117,50,46
105,117,50,46
105,117,50,46
106,117,50,46
106,117,51,46
106,117,51,46
106,117,51,46
106,117,51,46
107,117,51,46
107,117,51,46
107,117,51,46
107,117,51,47
107,117,51,47
108,117,51,47
108,118,52,47
108,118,52,48
108,118,52,48
109,118,52,48
109,118,52,48
109,118,52,48
109,118,52,48
110,117,52,48
110,117,52,48
110,117,52,48
110,116,52,48
111,116,52,48
111,116,52,48
111,115,52,48
111,115,52,48
111,115,53,48
111,115,53,48
111,115,53,48
110,115,53,48
110,116,53,48
109,116,53,48
108,116,53,48
108,117,54,48
107,117,54,48
107,117,54,48
107,117,54,48
106,117,53,48
106,117,53,48
106,117,53,48
106,117,53,48
106,117,53,48
106,117,53,48
106,117,53,48
106,116,52,48
106,116,52,49
106,116,52,49
106,116,52,49
106,116,53,49
106,115,53,49
106,115,53,49
106,115,53,49
106,115,53,49
106,114,53,49
107,114,53,49
107,114,53,49
107,114,53,49
107,114,53,49
107,115,53,49
107,115,53,49
108,115,53,49
108,115,53,49
108,115,54,49
108,115,54,49
108,116,54,49
109,116,54,50
109,116,54,50
110,116,54,50
110,116,54,50
111,116,54,50
111,117,55,50
111,116,55,50
111,115,55,50
111,113,55,50
111,112,55,51
111,111,55,51
111,111,55,51
111,112,55,51
111,112,55,51
111,112,56,51
111,112,56,51
111,112,56,51
111,112,56,51
111,113,56,51
111,113,56,51
111,113,56,51
111,113,56,51
111,113,56,51
111,113,56,51
111,112,56,51
111,112,56,51
111,112,56,51
110,112,56,51
110,112,56,51
110,112,56,51
110,112,56,51
110,112,56,51
109,111,56,51
109,111,56,51
109,111,56,51
109,111,56,51
108,112,56,51
107,113,56,51
106,114,56,51
106,114,56,51
106,114,56,51
105,114,56,51
105,114,56,51
105,114,56,51
105,114,56,51
105,114,56,51
104,114,55,51
104,114,55,51
104,114,55,51
104,114,55,51
104,114,55,51
104,115,55,51
104,115,55,51
104,116,55,50
103,116,55,50
103,116,55,50
103,116,55,50
103,116,55,50
103,116,55,51
103,115,55,51
103,115,55,51
103,115,55,51
103,116,55,51
103,116,55,51
103,116,55,51
103,117,55,50
103,117,55,50
103,117,55,50
103,117,55,49
103,118,54,49
103,118,54,49
103,118,54,49
103,118,54,49
103,117,55,50
103,117,55,50
103,117,55,50
103,117,55,50
103,116,55,51
103,116,55,51
103,116,55,51
103,116,55,51
103,116,55,51
103,116,55,51
103,116,55,50
103,117,55,50
103,117,55,50
103,117,54,50
103,118,54,49
103,118,54,49
103,118,54,49
103,118,54,49
103,118,54,49
103,118,54,49
103,118,54,49
103,118,53,49
103,117,53,50
103,117,53,50
103,117,53,50
103,117,53,50
103,116,53,50
103,116,53,50
103,116,53,50
103,116,53,50
103,117,53,50
103,117,53,50
103,117,53,50
102,117,53,49
102,117,53,49
102,117,53,49
102,117,53,49
101,117,53,49
101,117,53,49
101,117,53,49
100,117,53,49
100,116,53,49
100,116,53,49
100,116,53,49
99,116,53,49
99,116,53,49
99,116,53,49
99,116,53,50
99,116,53,49
99,116,53,49
99,116,53,49
100,116,53,49
100,117,53,49
100,117,53,49
100,117,53,49
100,117,52,49
101,118,52,49
101,118,52,49
101,118,52,49
101,118,52,48
101,117,53,48
101,117,53,48
101,117,53,48
101,117,53,48
101,117,53,48
101,117,53,48
102,117,53,48
102,117,53,48
102,117,53,48
102,116,53,48
102,116,53,48
103,116,53,48
103,116,53,48
104,116,53,48
104,115,52,48
104,115,52,48
105,115,52,48
105,115,52,48
106,115,52,48
106,115,52,48
107,115,52,48
107,115,52,48
107,115,52,48
108,116,52,48
108,116,52,48
109,116,51,48
109,116,51,48
109,116,51,48
109,116,51,48
109,117,51,48
110,117,51,48
110,117,51,48
110,117,51,48
110,117,51,48
110,117,51,48
110,117,51,48
110,117,51,48
110,117,51,48
111,118,51,47
111,118,51,47
111,119,51,47
112,120,51,47
112,120,51,46
112,119,51,47
111,118,51,47
111,118,51,48
111,117,51,48
111,117,51,48
111,117,51,48
111,117,51,48
111,118,51,48
111,118,51,48
111,118,51,47
111,118,51,47
111,118,51,47
111,119,51,47
111,119,51,47
111,119,51,47
111,119,51,47
111,119,51,47
111,119,51,47
111,119,51,47
110,118,51,47
110,118,51,48
110,118,51,48
110,118,51,48
110,118,51,48
110,118,51,48
109,118,51,48
109,118,51,48
109,117,51,47
109,117,51,47
109,117,51,47
109,117,51,47
109,117,51,47
109,117,51,47
108,116,51,47
108,116,51,47
108,116,51,47
108,116,51,47
108,116,51,47
108,116,51,47
108,115,51,48
108,115,51,48
107,115,51,48
107,115,51,48
107,115,51,48
107,114,51,48
107,114,51,48
107,114,51,48
107,114,51,48
107,113,51,47
107,113,51,47
106,113,51,47
106,112,51,48
106,112,51,48
106,112,51,48
106,112,51,48
106,112,51,48
106,112,51,48
105,112,51,48
105,112,51,48
105,112,51,48
105,112,51,48
105,111,51,48
105,111,51,48
105,110,51,48
105,110,51,48
105,110,51,48
104,110,51,48
104,110,51,48
104,110,51,48
104,110,51,48
103,110,51,48
103,110,51,48
103,111,51,47
103,111,51,47
102,111,51,47
102,112,51,47
102,112,51,47
101,113,51,46
101,113,51,46
101,114,51,46
100,114,51,46
100,114,51,47
99,115,51,47
99,115,51,48
99,115,51,48
98,116,51,48
98,116,51,48
97,116,51,48
97,116,51,48
97,116,51,48
96,116,51,48
96,116,51,48
95,116,51,48
95,117,51,48
95,117,51,48
94,117,51,48
94,117,51,48
93,117,51,47
93,117,51,47
92,117,51,47
92,117,51,47
92,117,51,47
91,116,51,48
91,115,51,48
91,115,51,48
90,114,51,48
90,114,51,48
90,113,51,48
90,113,51,48
90,113,51,48
89,112,51,48
89,112,51,48
89,112,51,48
89,111,51,48
89,111,51,48
88,111,51,48
88,112,51,48
88,112,51,48
88,112,51,48
88,112,51,48
88,113,51,48
87,113,51,48
87,113,51,48
87,113,51,48
87,113,51,48
87,113,51,48
86,113,51,48
86,112,51,48
86,112,51,48
86,112,51,48
86,111,51,48
86,111,51,48
85,110,51,48
85,110,51,48
85,110,51,48
85,110,51,48
85,110,51,48
84,110,51,48
84,110,51,48
84,110,51,48
84,110,51,48
84,111,51,48
83,111,51,48
83,111,51,48
83,111,51,48
83,112,51,48
83,112,51,48
84,112,51,48
84,112,51,48
84,113,51,48
84,113,51,48
84,113,51,48
84,113,51,48
84,114,51,48
84,114,51,48
84,114,51,48
85,114,51,48
85,114,51,48
85,115,51,48
85,115,51,48
85,115,51,48
85,115,51,48
85,115,51,48
85,115,51,48
85,115,51,48
85,115,51,48
85,115,51,48
85,115,51,48
85,115,51,48
85,115,51,48
85,115,51,48
85,115,51,48
85,115,51,48
85,115,51,48
85,115,51,48
84,115,51,48
84,115,51,48
84,115,51,48
84,115,51,48
84,115,51,48
84,115,51,48
84,115,51,48
84,115,51,48
84,115,51,48
84,115,51,48
84,115,51,48
84,115,51,48
84,115,51,48
84,115,51,48
84,115,51,48
84,115,51,48
84,115,51,48
84,115,51,48
84,114,51,48
84,114,51,48
84,114,51,48
84,114,51,48
84,114,51,48
84,114,51,48
84,114,51,48
84,114,51,48
84,114,51,48
84,114,51,48
84,113,51,48
84,113,51,48
84,113,51,48
84,113,51,48
84,113,51,48
84,113,51,48
84,113,51,48
84,113,51,48
84,112,51,48
84,112,51,48
84,112,51,48
84,112,51,48
84,112,51,48
84,112,51,48
84,112,51,48
84,112,51,48
84,112,51,48
84,112,51,48
85,112,51,48
85,112,51,48
85,112,51,48
85,112,51,48
85,112,51,48
85,112,51,48
84,112,51,48
84,112,51,48
84,112,51,48
83,112,51,48
83,113,51,48
83,113,51,48
83,113,51,48
82,113,51,48
82,113,51,48
82,113,51,48
81,113,51,48
81,113,51,48
81,113,51,48
80,113,51,48
80,113,51,48
80,113,51,48
79,113,51,48
79,113,51,48
79,113,51,48
78,113,51,48
78,113,51,48
77,112,51,48
77,112,51,48
76,112,51,48
76,112,51,48
76,112,51,48
75,112,51,48
75,112,51,48
75,112,51,48
74,112,51,48
74,112,51,48
74,112,51,48
73,112,51,48
73,112,51,48
73,112,51,48
72,112,51,48
72,112,51,48
71,112,51,48
71,112,51,48
70,112,51,48
70,112,51,48
69,112,51,48
68,113,51,48
68,113,51,48
67,113,51,48
66,113,51,48
66,113,51,48
65,113,51,48
64,113,51,48
64,114,51,48
63,114,51,48
63,114,51,48
62,115,51,48
61,115,51,48
61,115,51,48
60,115,51,48
59,115,51,48
59,115,51,48
58,115,51,48
57,114,52,48
56,114,52,48
55,113,52,48
54,113,52,48
53,113,52,49
52,112,52,49
51,112,52,49
50,112,52,49
48,112,52,49
47,111,52,49
46,111,52,49
45,111,52,49
44,112,52,49
43,112,53,49
41,113,53,49
40,114,53,49
39,114,53,50
38,114,53,50
37,114,53,50
36,114,53,50
35,113,53,50
33,113,54,50
32,113,54,50
31,113,54,50
30,113,54,50
28,113,54,50
27,113,54,50
26,113,55,50
24,113,55,50
23,113,55,50
22,112,55,50
20,112,55,50
19,112,56,50
18,113,56,50
16,113,56,50
15,113,56,50
14,113,56,50
