326,414,15,42
326,416,15,42
326,417,15,42
326,419,15,42
326,420,15,42
325,420,15,42
325,420,15,42
324,421,15,42
322,421,15,42
321,421,15,42
319,421,15,42
317,421,15,42
316,422,15,42
316,422,15,42
316,423,15,42
316,423,15,42
316,424,15,42
316,424,15,42
316,425,15,42
316,425,15,42
316,426,15,42
316,426,15,42
317,426,15,42
318,427,15,42
319,427,15,42
320,427,15,42
321,428,15,42
322,429,15,42
322,431,15,42
322,433,15,42
322,434,15,42
321,434,15,42
321,433,15,42
320,431,15,42
320,430,15,42
319,429,15,42
318,430,15,42
316,433,15,42
315,436,15,42
313,439,15,42
312,440,15,42
311,440,15,42
310,439,15,42
310,437,15,42
309,435,15,42
308,433,15,42
307,431,15,42
304,429,15,42
302,427,15,42
300,426,15,42
299,425,15,42
301,427,15,42
301,427,15,42
300,425,15,42
299,424,15,42
298,423,15,42
297,424,15,42
296,424,15,42
294,424,15,42
293,424,15,42
291,424,15,42
290,424,15,42
288,424,15,42
287,423,15,42
286,423,15,42
285,422,15,42
286,422,15,42
287,422,15,42
288,422,15,42
289,421,15,42
290,421,15,42
290,421,15,42
289,420,15,42
289,419,15,42
288,418,15,42
287,416,15,42
286,415,15,42
285,413,15,42
284,411,15,42
283,408,15,42
283,406,15,42
282,403,15,42
281,398,15,42
281,393,15,42
280,389,15,42
280,387,15,42
279,384,15,42
279,383,15,42
279,380,15,42
278,379,15,42
278,378,15,42
278,378,15,42
278,379,15,42
279,380,15,42
279,381,15,42
279,382,15,42
279,384,15,42
279,385,15,42
280,386,15,42
280,386,15,42
280,387,15,42
279,387,15,42
278,387,15,42
276,387,15,42
274,386,15,42
272,386,15,42
270,386,15,42
268,386,15,42
266,386,15,42
264,386,15,42
264,386,15,42
263,386,15,42
263,387,15,42
263,387,15,42
263,388,15,42
263,388,15,42
262,388,15,42
262,388,15,42
261,388,15,42
260,388,15,42
259,388,15,42
259,388,15,42
260,389,15,42
260,391,15,42
261,392,15,42
261,394,15,42
262,396,15,42
262,397,15,42
263,398,15,42
263,399,15,42
263,400,15,42
263,400,15,42
263,400,15,42
263,399,15,42
263,399,15,42
263,399,15,42
263,398,15,42
263,398,15,42
262,398,15,42
262,397,15,42
262,397,15,42
262,397,15,42
261,397,15,42
259,397,17,42
258,397,17,42
257,396,17,42
257,395,16,42
256,394,16,42
255,394,15,42
254,394,15,42
253,393,15,42
251,392,15,42
249,390,15,42
246,387,15,42
244,385,15,42
242,383,15,42
239,381,15,42
238,383,15,42
236,386,15,42
235,390,15,42
235,393,15,42
238,395,15,42
246,397,15,42
252,401,15,42
260,400,15,42
270,400,15,42
276,400,15,42
280,401,15,42
279,398,15,42
277,392,15,42
278,386,15,42
276,386,15,42
271,388,15,42
263,394,15,42
252,398,15,42
243,398,15,42
238,395,15,42
234,387,15,42
229,385,15,42
224,384,15,42
218,388,15,42
214,389,15,42
210,390,15,42
205,392,15,42
201,394,15,42
197,397,15,42
194,399,15,42
191,397,15,42
191,400,15,42
188,400,15,42
187,404,15,42
187,404,15,42
187,404,15,42
188,404,15,42
189,403,15,42
190,403,15,42
194,404,15,42
198,402,15,42
200,398,15,42
203,394,15,42
205,396,15,42
208,396,15,42
210,394,15,43
212,397,15,44
216,397,15,45
219,401,15,45
220,400,15,45
221,398,15,46
220,397,15,46
217,396,15,46
212,401,15,46
211,402,15,46
209,403,15,46
208,405,15,46
207,406,15,46
206,407,15,47
207,408,15,47
208,408,15,47
207,406,16,47
210,409,16,47
211,409,16,47
212,409,16,47
214,408,16,47
215,407,16,47
216,406,16,47
217,406,16,48
218,407,16,48
218,410,16,48
220,412,16,48
220,415,16,48
219,418,16,48
221,419,16,49
220,422,16,49
217,425,16,49
215,428,16,49
213,430,16,49
211,433,17,49
210,435,17,50
210,434,17,50
210,429,17,54
211,427,17,55
211,424,17,57
211,425,18,55
211,422,18,58
211,420,19,61
211,419,20,63
211,419,21,64
211,420,21,65
212,422,22,66
213,423,23,66
214,425,23,67
216,425,23,68
218,426,24,69
220,427,24,71
222,428,24,72
223,429,24,73
222,430,24,74
222,434,24,76
220,434,25,77
218,437,25,78
217,439,25,79
217,441,25,80
213,441,25,81
212,443,25,82
214,445,28,83
214,446,26,84
210,446,26,84
205,446,26,85
206,446,27,86
206,444,27,86
206,443,27,87
205,439,27,88
203,432,27,88
200,425,28,89
198,419,28,89
197,416,28,90
197,416,28,90
199,416,28,90
202,415,28,91
204,415,28,91
205,415,28,91
205,415,28,91
204,415,28,91
204,415,28,91
204,415,28,91
203,416,28,91
200,416,28,91
193,417,28,91
185,419,28,91
177,420,28,91
172,421,28,91
170,421,28,91
165,423,28,91
155,424,28,91
154,429,28,91
152,431,28,91
152,434,28,91
154,436,28,91
157,438,28,91
160,439,28,91
163,441,28,91
169,443,29,91
171,442,29,91
175,443,29,91
179,446,29,91
178,450,29,91
179,450,30,91
180,450,30,92
180,451,30,92
181,451,30,92
181,451,31,92
179,447,31,92
176,441,31,92
170,433,31,92
166,426,31,93
165,423,31,93
167,423,31,93
175,420,31,93
181,424,31,93
191,426,31,93
198,427,31,93
211,429,31,94
219,433,31,94
225,439,31,94
230,445,31,94
236,447,31,94
242,445,31,95
247,442,31,95
250,438,31,95
252,433,31,95
254,430,31,95
255,428,31,95
261,423,31,96
259,421,31,96
262,419,31,96
260,424,31,96
262,428,31,97
260,428,31,97
259,427,31,97
259,427,31,97
256,423,31,97
255,422,31,98
255,420,31,98
258,415,31,98
261,414,32,98
260,417,32,98
260,415,32,99
258,414,32,99
258,409,32,99
256,408,32,99
255,402,32,99
251,399,32,100
252,399,32,100
253,396,32,100
253,392,32,101
256,385,32,101
259,383,32,101
263,382,32,101
262,379,32,102
261,377,33,102
261,376,33,103
263,377,33,103
262,378,34,104
264,380,34,105
264,381,34,105
265,384,35,106
264,391,35,107
264,398,36,108
260,403,37,109
258,407,37,110
257,407,38,112
256,405,38,113
256,408,39,114
258,409,40,115
258,407,40,117
258,404,41,118
259,404,42,119
260,404,43,121
262,400,43,122
265,399,44,124
262,404,45,126
262,404,45,128
262,405,46,130
260,400,47,133
258,399,47,136
256,398,48,139
256,399,49,142
254,398,49,145
252,399,50,148
251,400,51,150
251,396,51,153
250,395,52,156
250,397,52,158
249,394,53,161
246,396,53,163
251,406,54,165
251,412,54,167
249,416,54,168
246,421,55,170
250,432,55,171
251,439,55,171
251,442,55,171
247,435,55,171
243,432,55,171
239,428,55,171
236,423,55,171
233,416,55,171
228,399,55,171
224,390,55,171
225,382,55,171
224,384,55,171
227,387,55,171
228,388,55,171
231,390,55,171
232,391,55,171
233,392,55,171
234,391,55,171
234,390,55,171
234,389,55,171
234,388,55,171
235,388,55,171
234,385,55,171
237,383,55,171
237,386,55,171
243,394,55,171
247,409,55,171
246,425,55,171
247,424,55,171
246,424,55,171
249,424,55,171
245,419,55,176
241,414,55,182
229,414,55,182
226,405,55,179
225,397,55,178
226,393,55,179
226,391,55,175
223,392,55,171
227,392,55,171
226,393,55,171
226,398,55,171
229,406,55,171
233,408,54,170
233,407,54,168
241,410,53,166
243,411,52,162
244,416,52,162
243,414,51,159
241,408,50,157
239,405,49,148
241,403,41,146
235,400,45,144
231,399,46,137
229,403,45,135
225,402,44,134
222,401,38,135
220,403,39,133
219,404,38,130
218,405,38,131
217,407,40,130
217,406,39,128
217,401,39,129
217,398,38,127
218,396,38,124
220,396,37,121
218,396,37,120
219,399,37,116
219,399,36,116
223,400,36,116
222,399,36,115
224,401,35,113
226,403,35,111
226,402,35,109
230,400,35,107
234,406,34,105
237,408,34,104
240,409,34,102
243,411,34,101
246,413,34,100
248,415,34,99
249,417,34,99
250,419,34,99
251,421,34,99
251,424,34,99
252,427,34,99
252,429,34,99
253,432,34,99
253,434,34,99
253,436,34,99
253,437,34,99
254,437,34,99
254,437,34,99
254,441,34,99
255,441,34,99
253,437,34,99
254,435,34,99
255,430,34,99
255,426,34,99
253,421,34,99
255,421,34,99
255,419,34,99
256,418,34,99
256,417,34,99
257,416,34,100
259,415,34,100
260,415,34,101
261,414,34,102
263,414,34,102
264,413,34,103
264,413,34,104
265,417,34,105
264,416,34,105
263,418,34,106
262,422,34,107
260,427,34,108
259,431,34,108
255,436,34,109
250,440,34,109
244,445,34,110
239,448,34,110
235,450,34,110
234,451,34,110
232,452,33,110
231,452,32,110
230,453,30,110
230,453,30,110
229,454,30,110
229,455,31,110
229,456,31,110
229,457,32,110
228,458,33,110
228,459,34,110
228,459,34,110
229,459,35,110
230,459,35,110
232,459,35,110
233,459,35,110
235,457,36,110
238,458,36,110
236,458,36,110
236,458,36,111
236,458,36,111
236,459,37,111
236,461,37,111
237,462,37,111
237,462,38,111
239,462,38,111
239,463,38,111
242,464,39,111
245,465,39,111
241,464,39,111
234,462,39,111
230,459,39,111
235,454,39,111
243,447,39,112
247,444,39,112
247,445,39,112
246,449,39,112
246,453,39,113
245,456,39,113
245,458,39,113
245,457,39,114
243,454,39,114
249,451,39,114
251,448,39,115
253,445,39,115
254,443,39,116
256,441,39,116
257,439,39,117
258,437,39,117
260,435,39,118
261,434,39,118
263,433,39,119
264,433,39,119
266,433,39,120
267,433,40,120
268,433,40,121
267,435,40,121
267,437,40,122
266,438,40,122
265,438,40,123
262,438,41,123
259,438,41,124
254,437,41,124
248,434,41,124
244,433,41,125
241,433,42,125
238,433,42,126
236,433,42,126
237,433,42,126
238,433,42,126
240,433,42,127
241,433,42,127
244,432,42,127
247,432,42,126
249,431,42,126
249,432,42,126
248,434,42,126
247,436,41,125
247,439,41,125
246,442,41,124
245,446,40,124
244,449,40,123
243,452,40,122
242,455,40,122
242,457,39,122
241,460,39,127
243,460,39,121
243,461,39,134
244,463,38,129
245,464,38,126
246,465,38,123
246,466,38,119
247,467,38,120
248,467,38,120
248,468,38,120
248,470,39,120
248,472,39,121
248,475,39,129
248,480,39,130
248,484,40,130
248,487,40,129
248,489,41,130
247,491,41,131
246,493,41,131
247,495,42,128
247,497,42,127
247,499,42,126
246,499,42,126
243,500,43,127
244,498,43,127
236,499,43,127
237,499,43,127
236,499,43,127
237,495,43,127
238,493,43,127
239,493,43,127
240,492,43,127
242,491,43,132
242,490,43,131
242,492,43,127
242,494,43,127
241,496,43,127
241,494,43,129
241,496,43,127
241,496,43,127
242,497,43,127
242,499,43,134
242,502,43,134
242,503,43,133
242,509,43,127
242,512,43,127
243,513,43,127
243,513,43,127
243,513,43,127
244,512,43,127
245,512,43,127
245,512,43,127
246,512,44,127
246,512,44,127
247,511,44,127
247,511,44,127
247,511,44,127
247,510,44,129
247,509,44,131
246,508,45,132
246,512,45,127
246,506,45,131
246,508,45,130
246,506,45,129
245,500,46,128
245,498,46,128
244,496,46,127
244,491,46,128
243,486,47,129
243,483,47,130
244,482,47,131
245,482,48,133
248,482,48,135
251,482,48,137
254,482,49,139
257,482,49,140
258,482,49,140
260,482,49,140
261,482,50,139
263,482,50,138
264,483,50,136
265,483,50,134
266,484,51,133
267,485,51,131
268,485,51,130
268,486,51,129
268,487,51,129
268,487,51,129
268,488,51,129
268,489,51,129
268,491,51,129
267,492,51,129
267,493,51,129
266,494,51,129
265,495,51,129
265,495,51,129
264,495,51,129
263,493,51,129
260,489,51,129
258,487,51,129
257,487,51,129
256,489,51,129
260,493,51,129
259,497,51,129
254,505,51,129
252,506,51,129
251,507,51,129
