99,237,27,82
102,238,29,82
105,239,30,82
108,240,32,82
110,241,33,82
110,241,35,82
110,241,36,82
110,240,37,82
109,240,38,82
109,239,40,82
108,238,41,82
109,237,42,82
109,236,43,82
110,234,44,82
111,232,45,82
113,230,46,82
114,228,47,82
115,226,48,82
117,224,48,82
118,223,49,82
120,223,49,82
121,223,48,82
122,224,47,82
123,224,44,82
124,225,42,82
126,225,40,82
128,225,37,82
131,225,35,82
135,224,33,82
138,224,31,82
140,223,30,82
142,223,30,82
143,223,31,82
145,222,32,82
145,222,33,82
146,222,34,82
144,222,35,82
139,222,36,82
133,223,37,82
128,223,38,82
126,223,39,82
126,223,39,82
126,223,40,82
126,223,40,82
126,224,41,82
126,224,41,82
126,224,42,82
126,224,42,82
127,224,42,82
127,225,42,82
127,225,42,82
126,225,42,82
125,226,41,82
123,227,40,82
122,227,39,82
121,228,39,82
122,228,38,82
125,228,37,82
129,228,36,82
133,228,35,82
135,228,35,82
137,228,35,82
138,227,35,82
139,227,35,82
140,227,35,82
142,226,36,82
143,226,36,82
144,225,36,82
145,225,36,82
147,225,36,82
148,224,36,82
149,224,37,82
151,224,37,82
152,224,37,82
154,225,37,82
155,225,37,82
153,225,37,82
151,225,38,82
151,225,38,82
150,225,38,82
150,225,38,82
151,225,38,82
154,225,38,82
157,226,38,82
160,226,38,82
162,226,38,82
163,226,38,82
164,226,38,82
165,227,38,82
166,227,38,82
167,227,38,82
169,227,38,82
171,227,38,82
173,226,38,82
175,226,38,82
177,226,38,82
180,226,38,82
182,225,38,82
183,225,38,82
185,225,38,82
185,225,38,82
186,225,38,82
186,225,38,82
186,225,38,82
187,225,38,82
187,225,38,82
187,226,38,82
187,226,38,82
188,226,38,82
188,226,38,82
188,226,38,82
188,227,38,82
188,227,38,82
187,228,38,82
187,229,38,82
187,230,38,82
187,231,38,82
187,232,38,82
186,233,38,82
186,234,38,82
186,234,38,82
186,234,38,82
187,233,38,82
188,233,37,81
190,232,37,81
191,231,36,81
193,230,36,81
195,230,35,80
197,229,35,80
199,228,34,80
200,228,34,79
201,228,33,79
203,227,33,79
204,227,32,78
205,227,31,78
206,227,31,78
207,226,30,78
209,226,30,77
210,226,30,77
212,226,29,77
213,226,29,77
216,226,29,77
218,226,29,77
221,226,29,77
223,227,29,77
226,227,29,77
229,227,29,77
231,227,29,77
234,227,29,77
236,228,29,77
238,228,29,77
241,228,29,77
244,228,29,77
246,229,29,77
249,229,29,77
252,229,29,77
255,230,29,77
257,230,29,77
259,230,29,77
261,231,29,77
263,231,29,77
264,231,29,77
266,231,29,77
267,231,29,76
268,231,29,76
269,231,28,75
270,231,28,74
271,231,28,74
272,231,28,73
273,232,27,72
274,232,27,72
276,232,27,71
277,232,27,70
279,232,27,70
280,233,26,69
282,233,26,68
284,233,26,68
285,234,26,67
286,234,25,67
287,234,25,66
287,235,25,66
288,235,25,66
288,236,25,66
288,236,25,66
288,237,25,66
288,238,25,66
289,238,25,66
289,239,25,66
289,239,25,66
289,240,25,66
289,240,25,66
289,240,25,66
289,240,25,66
289,240,25,66
289,240,25,66
289,240,25,66
288,240,25,66
288,240,25,66
288,240,25,66
288,240,25,66
288,240,25,66
288,239,25,66
289,239,25,66
289,239,25,66
290,239,25,66
290,239,25,66
291,238,25,66
292,238,25,66
293,238,25,66
294,237,25,66
295,237,25,66
296,237,25,66
297,236,25,66
298,236,25,66
299,236,25,66
300,235,25,66
301,235,25,66
301,235,25,66
302,234,25,66
303,234,25,66
303,234,25,66
303,233,25,66
304,233,25,66
304,233,25,66
304,233,26,66
304,233,26,66
305,232,26,66
305,232,26,66
305,232,26,66
305,232,26,66
305,232,26,66
305,231,26,66
304,231,27,66
303,231,27,66
302,231,27,66
301,231,27,66
300,230,27,66
299,230,27,66
298,230,27,66
297,230,27,66
297,230,27,66
298,230,27,66
299,229,27,66
300,229,27,66
301,229,27,66
303,229,27,66
304,229,27,66
305,229,27,66
307,229,27,66
308,229,27,66
310,228,27,66
311,228,27,66
312,228,27,66
313,228,27,66
314,228,27,66
314,228,27,66
314,228,27,66
314,227,27,66
315,227,27,66
315,227,27,66
315,227,27,66
315,227,27,66
317,226,27,66
319,226,27,66
321,226,27,66
322,226,27,66
323,226,27,66
324,225,27,66
325,225,27,66
326,225,27,66
327,225,27,66
327,224,27,66
326,224,27,66
326,224,27,66
325,224,27,66
325,224,27,66
324,223,27,66
323,223,27,66
323,223,27,66
323,223,27,66
322,223,27,66
323,223,27,66
323,223,27,66
323,223,27,66
323,223,27,66
324,223,27,66
324,223,27,66
324,223,27,66
324,223,27,66
325,223,27,66
325,223,27,66
325,223,27,66
326,223,27,66
326,223,27,66
326,223,27,66
327,223,27,66
327,223,27,66
328,223,27,66
328,223,27,66
329,223,27,66
329,223,27,66
330,223,27,66
331,222,27,66
333,222,27,66
334,221,27,66
336,220,27,66
337,219,27,66
339,219,27,66
340,218,27,66
341,217,27,66
341,217,27,66
342,216,27,66
342,216,27,66
342,216,27,66
342,215,27,66
342,215,27,66
343,215,27,66
343,215,27,66
343,214,27,66
343,214,27,66
343,214,27,66
343,214,27,66
342,215,27,66
342,215,27,66
341,216,27,65
340,217,27,65
339,218,27,65
338,219,27,64
338,220,27,64
337,221,27,64
337,221,27,63
337,221,27,63
337,222,27,63
337,222,27,62
338,223,27,62
338,223,27,61
339,223,27,61
339,224,27,61
340,224,27,61
340,224,27,60
341,224,27,60
342,224,27,60
344,224,27,60
346,224,27,60
348,223,27,60
351,223,27,60
354,223,27,60
357,222,27,60
360,222,27,60
362,222,27,60
364,222,27,60
365,221,27,60
367,221,27,60
368,220,27,60
369,220,27,60
371,220,27,60
372,219,27,60
373,219,27,60
374,219,27,60
375,218,27,60
376,218,27,60
377,218,27,60
378,218,27,60
379,218,27,60
380,217,27,60
381,217,27,60
382,217,27,60
383,217,27,60
384,217,27,60
385,217,27,60
386,217,27,60
387,216,27,60
388,216,27,60
389,216,27,60
390,216,27,60
390,216,27,60
391,216,27,60
392,216,27,60
393,216,27,60
394,215,27,60
395,215,27,60
395,215,27,60
396,215,27,60
397,215,27,60
397,214,27,60
398,214,27,60
398,214,27,60
399,214,27,60
400,213,27,60
401,213,27,60
402,213,27,60
403,213,27,60
404,212,27,60
406,212,27,60
408,212,27,60
410,212,27,60
412,211,27,60
414,211,27,60
416,211,27,60
418,211,27,60
419,210,27,60
420,210,27,60
421,210,27,60
422,210,27,60
423,209,27,59
424,209,26,59
424,209,26,58
425,209,25,58
425,208,25,57
426,208,25,57
426,208,24,56
427,208,24,55
428,208,24,55
429,209,23,54
430,209,23,54
430,209,23,53
430,209,22,53
429,208,22,52
427,207,22,52
425,206,22,52
424,205,21,52
422,204,21,52
419,201,21,52
416,198,21,52
415,195,21,52
414,194,21,52
414,195,21,52
414,196,21,52
415,198,21,52
415,200,21,52
416,202,21,52
417,202,21,52
417,203,21,52
418,203,21,52
419,204,21,52
420,204,21,52
421,204,21,52
422,205,21,52
422,205,21,52
423,205,21,52
424,205,21,52
424,206,21,52
425,206,21,52
426,207,21,52
426,207,21,52
427,207,21,52
427,208,21,52
428,208,21,52
429,208,21,52
429,209,21,52
430,209,21,52
430,210,21,52
431,210,21,52
431,210,21,52
431,210,21,52
432,211,21,52
432,211,21,52
432,211,21,52
432,211,21,52
432,211,21,52
433,211,21,52
432,211,21,52
431,211,21,52
430,210,21,52
428,209,21,52
426,209,21,52
424,208,21,52
422,207,21,52
420,206,21,52
419,206,21,52
419,206,21,52
419,206,21,52
419,206,21,52
419,206,21,52
420,206,21,52
421,207,21,52
422,208,21,52
423,208,21,52
425,209,21,52
427,209,21,52
429,209,21,52
431,209,21,52
435,209,21,52
438,208,21,52
440,207,21,52
441,206,21,52
441,206,21,52
440,205,21,52
439,204,21,52
438,204,21,52
436,203,21,52
435,202,21,52
432,201,21,52
429,199,21,52
427,198,21,52
424,198,21,52
421,198,21,52
418,200,21,52
415,203,21,52
413,205,21,52
411,206,21,52
410,207,21,52
410,207,21,52
409,208,21,52
408,208,21,52
408,208,21,52
408,208,21,52
407,208,21,52
407,209,21,52
407,209,21,52
407,209,21,52
407,209,21,52
407,209,21,52
407,209,21,52
407,209,21,52
408,210,21,52
409,211,21,52
411,213,21,52
413,216,21,52
415,218,21,52
416,219,21,52
416,219,21,52
416,217,21,52
416,215,21,52
416,213,21,52
416,210,21,52
416,207,21,52
416,205,21,52
416,203,21,52
416,201,21,52
415,200,21,52
415,199,21,52
415,199,21,52
414,198,21,52
413,198,21,52
412,198,21,52
409,199,21,52
405,203,21,52
400,207,21,52
395,210,21,52
392,211,21,52
390,211,21,52
388,209,21,52
386,207,21,52
385,205,21,52
385,205,21,52
386,205,21,52
387,205,21,52
388,205,21,52
388,205,21,52
389,205,21,52
390,205,21,52
391,207,21,49
392,208,21,47
396,207,17,48
397,207,19,47
400,206,19,48
404,204,18,50
405,203,19,47
409,203,19,48
413,203,18,48
413,206,18,46
415,206,18,45
420,208,16,46
422,207,18,46
424,206,17,46
425,206,18,44
429,204,18,46
431,206,18,45
431,205,18,47
432,206,20,46
436,207,16,46
437,208,20,45
438,208,20,45
438,206,20,44
440,203,20,44
444,203,16,43
445,203,16,43
447,203,16,42
450,204,17,42
451,204,19,42
456,203,17,42
458,203,19,42
460,203,19,42
464,204,19,42
468,202,19,42
471,202,17,42
473,201,19,42
475,201,19,42
476,201,19,42
480,203,19,42
481,201,19,42
481,201,19,42
482,201,19,42
484,200,19,42
487,197,19,42
486,196,19,42
486,197,19,42
488,195,19,42
491,194,19,42
492,193,19,42
492,193,19,42
493,194,19,42
494,194,19,42
495,192,19,42
496,193,19,42
497,192,19,42
501,193,19,42
503,193,19,42
504,190,19,42
504,191,19,42
506,191,19,42
506,191,19,42
506,192,19,42
507,192,19,42
507,191,19,42
507,190,19,42
508,192,19,42
508,192,16,42
508,193,16,42
510,194,16,39
510,193,17,42
510,194,16,42
511,195,16,42
512,195,17,42
512,195,16,42
513,192,18,42
515,191,17,42
517,190,19,42
519,191,19,42
521,191,19,42
522,190,16,42
523,192,17,40
524,191,18,39
525,192,18,40
526,192,17,41
527,192,16,40
526,193,16,39
527,193,16,36
529,192,17,35
530,190,15,39
529,191,15,39
530,195,15,37
531,195,16,39
531,196,16,41
532,196,17,41
533,197,17,41
534,197,17,42
537,197,17,40
538,197,15,41
539,197,16,41
541,196,16,42
542,197,16,40
543,196,16,41
542,195,16,41
545,195,17,42
546,195,15,42
548,194,15,40
548,194,15,41
548,191,16,43
550,191,15,41
550,190,16,42
551,189,16,42
552,189,15,41
553,190,15,41
552,189,17,41
553,188,16,40
