162,188,34,84
162,188,34,84
162,188,34,84
162,188,34,84
161,188,34,84
161,188,34,84
161,186,34,86
158,185,34,86
158,183,34,88
158,183,34,88
158,182,32,90
158,182,32,90
158,182,32,90
158,182,32,90
158,182,31,90
160,183,29,88
160,183,29,88
160,185,29,86
160,185,29,86
160,190,29,82
159,191,29,82
160,192,29,82
160,195,29,80
160,195,29,80
160,195,29,80
163,195,29,80
167,195,29,80
167,195,29,80
168,196,29,80
168,196,29,80
168,196,29,80
168,196,29,80
168,196,29,80
168,196,29,80
168,196,29,80
168,196,29,80
168,196,29,80
166,196,31,80
166,196,31,80
166,196,31,80
165,196,31,80
162,196,31,80
162,196,31,80
162,196,31,80
162,196,31,80
160,196,31,80
160,196,31,80
158,195,31,80
158,195,31,80
158,195,31,80
158,195,31,80
158,195,31,80
155,193,34,82
155,193,34,82
155,193,34,82
150,190,34,85
150,190,34,85
150,188,34,88
150,188,34,88
144,186,34,91
144,186,34,91
144,186,34,91
144,186,34,91
144,186,34,91
144,186,34,91
144,186,34,91
144,186,34,91
144,186,32,94
143,186,33,94
143,186,33,94
143,186,33,94
145,186,32,94
147,184,32,96
147,184,35,102
147,184,35,102
151,184,35,102
153,184,35,102
153,185,35,103
158,183,35,105
162,183,35,105
165,183,35,105
169,182,35,105
172,182,35,105
176,182,35,105
176,180,36,107
180,180,36,107
184,178,36,107
188,178,36,107
190,179,36,107
192,179,36,107
194,179,36,107
194,179,36,107
196,179,36,107
196,179,36,107
196,179,36,107
196,179,36,107
198,179,36,107
198,179,36,107
198,179,36,107
198,179,36,107
198,179,36,107
198,179,37,107
198,179,37,107
198,175,37,112
198,175,37,112
201,174,37,112
201,174,37,112
201,170,37,117
205,170,37,117
205,166,40,121
209,162,40,124
209,162,40,124
209,160,40,126
213,160,40,126
213,160,40,126
216,157,40,129
216,157,40,129
219,157,40,129
219,154,42,132
221,154,42,132
222,153,42,132
222,153,42,132
222,153,42,132
222,153,45,129
222,153,45,129
222,153,45,129
222,153,45,129
222,153,45,129
222,153,45,129
222,151,45,132
222,151,45,132
222,151,45,132
222,151,45,132
222,151,45,132
222,151,45,132
222,151,45,132
222,151,45,132
222,151,45,132
222,151,45,132
222,151,45,132
222,151,45,132
222,151,45,132
222,151,45,132
222,151,45,132
222,151,45,132
222,151,45,132
222,151,45,132
222,151,45,132
222,151,45,132
222,151,45,132
222,151,45,132
222,151,45,132
222,151,45,132
222,151,45,132
225,150,45,132
225,153,45,129
225,156,45,126
225,157,45,125
225,159,45,123
231,159,45,123
231,159,45,123
231,159,45,123
231,159,45,123
231,159,45,123
231,159,45,123
229,159,45,123
229,159,45,123
227,158,45,123
227,157,45,124
224,157,45,124
224,155,45,127
224,155,45,127
224,151,45,130
224,151,45,130
224,151,45,130
224,145,45,141
221,144,45,141
221,144,45,141
219,144,45,141
219,144,45,141
219,144,45,141
219,144,45,141
219,144,45,141
219,144,41,141
219,144,41,141
219,144,41,141
219,144,36,141
219,144,36,141
217,144,33,138
217,144,33,138
217,148,33,134
217,151,33,131
212,151,38,131
212,154,36,129
209,158,37,120
209,158,37,120
208,158,37,120
203,158,42,120
203,158,42,120
201,158,42,118
201,157,42,118
201,157,42,118
198,157,45,118
198,157,45,118
197,157,45,118
197,157,43,115
192,157,48,115
192,161,46,112
192,163,45,110
192,163,45,110
188,164,46,109
188,166,46,107
188,166,46,107
188,166,46,107
188,164,46,109
188,164,46,109
188,161,45,112
188,161,45,112
188,159,45,114
188,159,45,114
188,159,45,114
188,159,45,114
188,159,45,114
188,159,45,114
188,154,45,118
188,154,45,118
184,154,47,118
184,154,47,118
184,154,47,118
174,152,56,130
174,152,56,130
172,152,56,130
172,152,56,130
172,152,56,130
172,152,56,130
172,149,56,133
172,149,56,133
172,149,56,133
172,146,56,136
172,146,56,136
175,146,56,136
175,146,56,136
175,146,56,136
175,146,56,136
175,146,56,136
184,143,49,139
184,143,49,139
187,143,49,139
187,139,49,149
187,139,49,149
188,137,49,151
188,137,52,154
188,137,52,154
188,137,52,154
188,137,52,154
188,137,52,154
188,137,52,154
188,137,52,154
188,137,52,154
186,137,52,154
186,137,52,154
186,137,52,154
186,134,52,157
186,134,52,157
193,135,52,157
193,135,52,157
194,130,52,162
194,130,52,162
194,130,52,162
194,130,52,162
194,130,52,162
199,134,52,162
199,134,52,162
203,135,52,162
203,135,52,162
212,136,52,162
212,136,52,162
217,136,52,162
218,135,52,162
218,135,52,162
229,135,52,162
229,135,52,162
231,135,52,162
231,135,52,162
235,135,52,162
235,135,52,162
235,135,52,162
235,135,52,162
235,135,52,162
235,135,52,162
237,135,52,162
237,135,52,162
239,135,52,162
242,135,52,162
242,135,52,162
242,135,52,162
242,135,52,162
244,135,52,162
244,135,52,162
244,135,52,162
244,135,52,162
244,135,52,162
244,135,48,162
244,135,48,162
240,135,48,162
240,135,48,162
240,135,48,162
238,133,48,162
238,133,48,162
235,134,48,162
235,134,48,162
235,134,48,162
232,134,48,162
232,134,48,162
232,134,48,162
227,134,48,162
227,134,48,162
224,135,48,162
224,135,48,162
224,135,48,162
224,135,48,162
220,134,48,162
220,134,48,162
220,134,48,162
220,134,48,162
220,134,48,162
220,134,48,162
220,134,48,162
220,134,48,162
220,134,48,162
220,134,48,162
220,134,48,162
220,138,48,157
220,138,48,157
224,138,48,157
224,138,48,157
230,142,48,157
230,142,48,157
232,142,48,157
232,142,48,157
239,142,50,152
239,142,50,152
243,141,50,152
243,141,50,152
252,141,50,152
252,141,50,152
252,141,50,152
256,142,50,152
256,142,50,152
262,143,50,152
262,143,50,152
268,143,46,148
268,143,46,148
270,143,46,148
270,143,46,148
274,142,46,148
280,144,46,148
280,144,46,148
280,144,46,148
281,145,46,148
281,145,46,148
283,147,51,153
283,147,51,153
283,147,51,153
283,147,49,153
283,147,49,153
283,145,49,155
283,145,49,155
283,145,49,155
288,145,49,159
288,145,49,159
292,144,49,159
292,144,49,159
296,142,50,164
296,142,50,164
302,140,50,164
302,140,50,164
307,140,50,164
307,140,50,164
313,141,51,172
313,141,51,172
318,141,45,172
318,141,45,172
323,140,45,172
325,140,45,172
327,140,43,172
330,137,42,180
330,137,42,180
332,137,42,180
332,137,42,180
334,136,42,180
334,136,42,180
334,136,42,180
334,136,42,180
334,136,42,180
334,136,42,180
334,134,42,183
334,134,42,183
334,134,42,183
334,131,42,186
