692	439	24	79
686	438	33	82
683	436	31	84
680	438	28	80
677	438	30	80
673	438	32	80
671	436	29	77
666	434	30	77
665	434	29	76
663	434	29	74
661	432	26	78
659	430	24	78
656	430	28	77
655	428	21	79
651	428	22	78
648	430	24	74
647	429	25	76
642	430	27	76
639	429	29	79
634	428	28	75
629	428	34	76
626	430	33	71
626	425	30	75
621	425	31	75
620	423	32	78
619	422	27	77
615	421	28	79
612	422	31	75
611	420	27	77
607	421	30	78
606	423	27	75
605	422	26	76
597	423	31	74
599	421	24	73
597	420	26	72
595	419	22	72
591	418	29	72
591	417	22	72
589	418	24	71
587	416	23	74
582	414	22	76
578	417	29	70
578	417	24	71
574	415	28	73
573	416	28	71
571	416	25	73
564	414	31	73
565	415	27	68
563	413	25	70
558	412	27	72
555	409	29	75
555	410	26	72
552	408	26	73
551	406	26	75
546	409	24	73
545	408	28	74
544	410	23	72
541	408	25	76
537	410	28	71
536	407	27	71
534	407	23	68
530	408	26	65
532	404	22	71
530	404	21	67
527	405	21	64
522	401	22	69
524	404	19	66
517	402	26	68
517	404	23	68
516	405	23	65
509	403	30	68
510	405	25	62
507	401	24	70
506	403	24	65
503	400	23	68
502	397	23	72
497	399	25	68
496	396	23	71
494	398	23	66
493	397	23	70
491	396	23	70
485	396	30	69
486	396	24	71
483	398	24	66
480	398	24	67
478	396	23	68
477	398	22	62
474	395	27	64
474	394	22	64
475	392	18	63
469	393	21	64
468	390	24	68
465	389	23	66
464	391	21	64
459	391	26	65
460	392	22	66
458	391	24	63
453	395	27	59
454	393	22	64
451	391	22	63
448	391	25	60
450	388	18	61
447	390	21	59
444	388	22	62
442	387	21	61
439	387	25	63
438	386	22	62
435	388	26	59
435	386	23	61
432	387	23	64
429	385	26	63
428	387	25	59
424	384	26	62
427	384	22	62
423	383	26	62
423	381	21	61
421	379	20	64
418	381	22	63
417	380	22	62
416	382	19	59
415	382	21	60
409	382	25	58
405	381	29	63
409	382	20	60
405	382	24	59
402	382	21	59
403	379	19	61
398	378	21	64
399	376	18	62
397	377	20	63
394	376	23	60
393	377	23	57
389	377	22	61
390	378	23	59
388	378	20	57
385	378	23	59
385	376	21	61
380	376	23	61
379	373	25	66
375	371	27	66
378	375	21	57
375	373	23	60
373	375	22	59
371	370	24	65
371	372	22	61
367	371	25	62
364	372	25	59
363	373	25	59
362	374	24	62
360	374	26	56
358	374	25	57
357	371	25	60
357	369	19	58
354	370	22	58
352	369	23	56
352	369	20	61
352	371	18	54
348	370	24	58
348	372	16	53
346	370	18	54
341	371	25	55
343	370	20	56
339	370	22	56
339	370	23	54
339	369	17	53
335	366	21	60
333	368	20	56
334	368	17	55
334	371	16	48
331	367	18	52
329	369	20	52
329	367	17	52
326	367	18	54
325	366	18	57
320	365	22	55
320	368	21	54
318	366	23	55
318	366	23	55
316	364	20	56
312	368	23	51
314	363	19	54
311	367	20	48
306	364	25	52
307	364	22	53
306	362	20	54
302	361	22	53
302	362	19	54
300	364	19	52
299	361	21	54
300	366	7	25
298	363	18	51
293	362	23	53
295	361	17	51
292	361	19	52
292	360	18	50
290	360	16	52
288	360	17	50
284	359	22	53
284	360	19	50
281	361	22	49
281	361	21	49
280	359	18	50
277	356	21	53
275	356	19	52
274	359	20	51
273	359	18	47
272	360	17	47
272	360	17	47
269	353	20	56
267	357	21	48
264	354	22	51
263	355	19	54
263	353	19	51
259	356	19	48
259	356	19	48
254	353	22	53
253	356	21	50
255	354	18	50
252	355	18	48
249	357	20	48
248	355	19	48
248	351	17	50
246	353	19	47
245	354	17	49
245	353	19	50
242	354	20	48
240	353	20	49
238	354	19	45
238	354	19	45
236	353	20	47
234	353	19	47
231	356	19	43
229	352	20	50
227	348	21	52
227	349	19	47
225	346	18	50
223	348	20	50
219	346	22	54
219	346	22	54
220	350	19	45
213	347	26	52
215	347	20	53
215	350	18	47
215	349	17	47
212	348	19	49
212	348	19	49
210	346	20	50
207	346	18	54
206	348	20	48
204	345	21	52
204	345	20	51
205	347	17	47
200	347	20	46
201	347	17	49
198	348	19	47
197	348	19	47
195	347	19	48
195	348	18	47
192	346	20	50
191	345	21	51
191	343	16	49
187	345	22	47
187	344	19	51
185	344	21	51
185	344	21	51
182	346	22	44
178	342	23	52
180	343	20	48
178	343	21	49
178	343	21	49
175	343	23	50
174	340	18	50
174	340	18	50
173	341	18	47
170	341	19	46
169	341	20	47
167	341	20	46
167	342	19	43
166	340	18	49
164	340	18	48
162	339	17	49
160	340	18	48
160	343	19	47
159	339	17	46
158	339	16	46
158	339	16	46
156	338	16	49
154	339	14	47
151	341	20	43
151	339	18	42
150	337	17	47
149	338	16	46
148	339	16	45
145	340	18	45
143	341	18	42
142	339	18	43
142	336	16	49
140	339	19	44
138	333	17	52
138	335	16	47
138	336	16	45
135	334	17	47
134	337	18	43
134	336	17	45
131	336	18	48
131	336	17	46
129	338	19	44
128	337	16	46
128	337	15	42
126	335	15	44
124	335	18	43
123	332	16	47
121	334	17	46
121	333	15	46
121	332	16	47
118	333	17	46
118	333	16	45
117	332	18	47
117	331	15	49
115	333	17	45
113	335	18	41
114	333	15	43
111	334	18	44
111	334	19	46
109	331	18	46
108	333	18	45
109	332	16	42
108	330	16	46
108	329	13	46
104	331	18	42
104	329	16	48
105	331	16	43
101	332	19	42
100	329	17	46
98	328	19	48
99	330	17	45
98	327	17	50
95	327	17	46
96	325	15	48
93	324	18	50
92	326	17	46
90	327	19	43
91	328	16	41
90	325	19	45
90	326	17	44
90	326	14	48
89	328	13	43
85	327	18	42
86	330	14	39
85	329	16	42
85	328	16	41
82	327	17	41
83	328	15	38
81	325	15	43
82	326	14	40
79	325	17	41
79	324	16	44
79	326	16	44
78	323	14	45
76	327	15	41
74	326	17	43
75	325	15	40
74	325	14	43
73	328	15	37
71	327	16	39
71	326	15	38
68	324	18	41
68	322	16	46
65	321	21	44
63	322	21	41
64	323	21	41
65	323	14	37
64	322	17	42
62	324	19	40
62	323	17	42
61	323	15	40
60	322	17	42
59	323	19	40
58	319	17	44
59	320	16	43
56	320	16	43
55	318	17	46
56	318	14	43
56	319	15	43
55	320	14	42
52	322	17	39
50	320	18	45
50	318	19	46
47	318	20	45
48	318	14	45
48	320	14	43
46	319	18	41
45	317	18	43
43	317	19	43
43	317	17	45
44	316	14	43
43	316	15	41
39	316	19	41
40	319	16	39
38	320	20	40
40	317	16	41
37	317	16	42
37	316	17	46
36	316	17	44
37	318	14	40
35	316	14	41
34	314	16	42
32	315	18	42
32	317	16	42
32	312	17	43
33	314	14	41
32	314	14	43
