623,476,69,89
623,476,69,89
622,476,69,89
622,476,69,89
621,476,69,89
621,476,69,89
620,476,69,89
619,476,69,89
618,476,69,88
617,476,69,88
617,476,69,88
617,475,69,88
617,475,69,88
616,475,70,88
616,475,70,88
615,475,71,88
615,475,71,88
614,475,70,88
614,475,70,88
614,474,70,88
613,474,70,88
613,473,70,88
613,473,70,88
612,473,70,88
612,473,70,88
611,473,70,87
610,473,71,87
609,473,71,86
609,473,71,85
608,473,71,85
608,473,71,84
608,473,71,83
607,472,70,83
607,472,70,82
607,472,70,82
606,471,69,83
606,471,69,83
605,471,69,83
605,470,70,82
604,470,70,82
604,470,70,82
604,470,69,81
604,470,69,81
603,470,69,81
602,469,70,81
601,469,70,81
601,468,70,81
601,468,69,80
601,467,69,80
601,467,68,80
601,466,68,80
601,466,67,80
600,466,67,80
600,465,68,80
599,465,68,80
598,464,68,80
598,464,69,80
597,463,69,80
597,463,69,80
596,462,69,79
596,462,69,79
596,461,69,79
595,461,69,80
595,460,69,80
595,460,68,80
594,459,68,79
594,459,67,79
594,458,67,79
594,458,67,78
594,457,67,78
593,457,67,78
593,456,67,78
592,456,67,78
592,456,67,78
592,455,67,77
592,455,67,77
591,454,67,77
591,454,66,77
590,453,66,77
590,452,66,77
590,452,66,77
590,451,66,77
590,451,66,77
591,450,66,76
591,450,66,76
591,449,66,76
592,449,66,76
592,448,66,76
592,448,66,75
592,447,66,75
592,447,66,74
592,446,66,74
592,446,66,74
592,445,66,74
592,444,65,74
592,444,65,74
592,443,64,74
592,443,64,73
592,442,63,72
592,442,63,71
592,442,63,71
591,441,64,71
591,441,64,71
591,440,64,71
590,438,64,72
590,437,64,72
590,437,64,72
590,436,63,71
590,436,63,71
590,435,63,71
590,435,63,71
590,434,63,71
590,433,63,71
590,433,63,70
590,432,63,70
590,431,63,70
589,431,62,69
589,430,62,69
589,429,62,69
588,428,62,69
588,427,62,69
588,427,61,68
589,426,61,68
589,426,60,67
589,425,60,67
588,424,61,66
588,423,61,66
588,422,61,66
588,422,60,66
588,421,60,66
588,420,60,66
588,420,60,66
588,419,60,66
588,418,60,65
589,418,59,65
589,417,59,64
589,417,59,63
589,416,59,63
589,416,59,62
589,415,59,62
588,413,59,62
588,412,59,62
588,411,59,62
587,411,59,62
587,410,59,62
587,410,59,62
586,409,59,61
586,409,59,61
586,408,58,61
586,407,58,60
586,406,57,60
586,406,57,60
586,405,56,60
586,405,56,60
586,404,56,60
585,403,57,59
585,402,57,59
585,401,57,59
585,401,56,58
585,400,56,58
584,399,56,58
584,399,56,58
583,398,56,58
583,397,56,58
583,396,57,58
583,395,57,58
583,395,56,58
583,394,56,57
583,394,55,57
582,393,55,57
582,392,55,57
581,391,55,57
581,390,55,57
580,390,56,56
580,389,56,56
580,388,56,56
580,388,55,55
580,387,55,55
580,387,54,55
580,386,54,55
580,386,53,55
579,385,54,55
579,385,54,55
578,384,55,55
578,383,54,55
577,383,54,54
577,382,53,54
577,382,53,54
577,381,52,53
577,381,52,53
577,380,52,53
577,380,52,53
577,379,52,53
576,379,52,53
576,378,52,53
575,378,52,53
574,378,52,53
574,377,52,52
573,377,52,52
573,377,52,52
573,376,52,51
573,376,52,51
572,376,52,51
572,375,52,51
571,375,52,51
571,375,52,51
571,375,51,50
571,375,51,50
570,375,51,50
570,374,52,50
569,374,52,50
569,374,52,50
569,373,51,49
569,373,51,49
569,373,51,49
570,372,51,49
570,372,51,49
571,372,51,49
571,371,51,49
572,371,51,49
573,371,50,49
573,371,50,48
574,371,49,48
575,371,49,48
575,370,48,48
576,370,48,48
576,370,48,48
577,369,48,48
577,369,48,48
577,369,48,48
577,369,48,48
577,369,48,48
577,369,48,48
577,368,48,47
577,368,48,47
577,368,48,47
578,368,48,47
578,368,48,47
580,368,48,47
582,368,47,46
584,368,47,46
586,367,47,46
588,367,48,46
590,366,48,46
592,366,48,46
594,366,48,46
596,366,48,46
597,366,48,46
599,365,48,46
600,365,48,46
601,365,48,46
603,365,48,46
604,365,48,46
604,365,48,46
605,364,48,46
605,364,48,46
605,364,47,46
606,364,47,45
606,364,46,45
606,364,46,45
605,364,47,45
605,364,47,45
605,364,46,45
605,364,46,45
605,364,45,45
605,364,45,45
605,364,45,45
605,364,45,45
605,364,45,45
604,364,45,44
604,364,45,44
604,364,45,44
604,364,45,44
604,364,45,44
604,364,45,44
603,364,45,44
603,364,45,44
603,364,45,44
603,365,45,44
603,365,45,44
603,365,45,44
602,365,45,44
602,365,45,44
602,365,45,44
601,366,45,43
601,366,45,43
601,366,45,43
600,367,45,42
600,367,45,42
600,367,45,42
600,367,45,43
600,367,45,43
600,367,45,43
600,368,44,43
600,368,44,43
600,368,44,43
600,369,44,42
600,369,44,42
600,369,44,42
600,370,43,42
600,370,43,42
600,370,43,42
600,370,42,43
600,370,42,43
600,370,42,43
599,371,43,43
599,371,43,43
599,371,43,43
599,371,43,42
599,371,43,42
599,371,43,42
598,371,43,42
598,371,43,42
598,371,43,42
598,372,43,42
598,372,43,42
598,372,43,42
598,373,42,42
598,373,42,42
598,373,42,42
597,374,43,42
597,374,43,42
597,374,43,42
597,375,43,42
597,375,43,42
597,375,43,42
597,376,44,41
597,376,44,41
597,376,44,41
597,376,43,42
597,376,43,42
597,376,43,42
596,377,42,41
596,377,42,41
596,377,42,41
596,378,42,42
596,378,42,42
596,378,42,42
596,379,41,41
596,379,41,41
596,379,41,41
596,380,41,42
596,380,41,42
596,380,41,42
596,381,41,42
596,381,41,42
596,381,41,42
595,382,41,41
595,382,41,41
595,382,41,41
595,383,41,41
595,383,41,41
595,383,41,41
594,384,41,41
594,384,41,41
594,384,41,41
593,384,41,42
593,384,41,42
593,384,41,42
593,385,41,42
593,385,41,42
593,385,41,43
593,385,41,43
593,385,41,44
593,385,41,44
593,386,41,43
593,386,41,43
593,386,41,43
592,387,41,42
592,387,41,42
592,387,41,42
592,388,41,42
592,388,41,42
592,388,41,42
591,389,41,42
591,389,41,42
591,389,41,42
592,390,41,41
592,390,41,41
594,390,41,41
596,390,41,41
598,390,41,41
603,390,41,41
609,390,41,42
614,390,41,42
620,391,41,42
626,391,40,41
632,392,40,41
637,392,40,41
642,391,39,42
647,391,39,42
649,391,39,42
652,392,39,42
654,392,39,42
655,392,39,42
656,392,39,42
657,392,39,42
657,392,39,42
657,393,39,42
657,393,39,42
657,393,39,42
657,394,39,41
657,394,39,41
657,394,39,41
656,394,39,41
656,394,39,41
656,394,39,41
656,394,39,41
656,394,39,41
656,395,39,41
656,395,39,40
656,396,39,40
656,396,39,40
656,396,39,40
656,396,39,40
656,396,39,40
656,396,39,40
656,396,39,40
656,396,39,40
656,397,39,40
656,397,39,40
656,397,39,40
656,397,39,41
656,397,39,41
656,397,39,41
656,398,39,40
656,398,39,40
656,398,39,40
656,398,39,41
656,398,39,41
656,398,39,41
656,399,38,40
656,399,38,40
656,399,38,40
656,399,38,39
656,399,38,39
656,399,38,39
656,399,38,39
656,399,38,39
656,399,38,39
656,400,38,39
656,400,38,39
656,400,38,39
656,401,37,39
656,401,37,39
656,401,37,39
656,401,37,39
656,401,37,39
656,401,37,39
656,401,37,39
656,401,37,39
656,401,37,39
656,401,37,39
656,401,37,39
656,401,37,38
656,402,36,38
656,402,36,37
656,402,36,37
655,402,36,38
655,402,36,38
655,402,36,38
655,402,36,38
655,402,36,38
655,402,36,38
655,403,36,38
655,403,36,38
655,403,36,38
655,403,35,38
655,403,35,38
655,403,35,38
655,403,35,39
655,403,35,39
655,403,35,39
654,404,36,38
654,404,36,38
654,404,36,38
654,405,35,37
654,405,35,37
654,405,35,37
653,405,36,37
653,405,36,37
653,405,36,37
654,406,35,37
654,406,35,37
654,406,35,37
653,406,36,37
653,406,36,37
653,406,36,37
653,406,36,36
653,406,36,36
653,406,36,36
653,406,36,37
653,406,36,37
653,406,36,37
653,407,36,37
653,407,36,37
653,407,36,37
653,407,35,36
653,407,35,36
653,407,35,36
653,408,35,36
653,408,35,36
653,408,35,36
652,408,35,37
652,408,35,37
652,408,35,37
652,408,35,37
652,408,35,37
652,408,35,37
652,408,34,37
652,408,34,37
652,408,34,37
652,409,34,36
652,409,34,36
652,409,34,36
652,409,34,36
652,409,34,36
652,409,34,36
652,409,34,36
652,409,34,36
652,409,34,36
652,410,34,35
652,410,34,35
652,410,34,35
652,410,34,35
652,410,34,35
652,410,34,35
652,411,34,35
652,411,34,35
652,411,34,35
652,411,33,35
652,411,33,35
652,411,33,35
652,411,33,36
652,411,33,36
652,411,33,36
651,412,34,35
651,412,34,35
651,412,34,35
651,412,34,35
651,412,34,35
651,412,34,35
651,412,33,36
651,412,33,36
651,412,33,36
651,412,33,36
651,412,33,36
651,412,33,36
651,413,33,35
651,413,33,35
651,413,33,35
651,414,33,35
651,414,33,35
651,414,33,35
651,414,32,35
651,414,32,35
651,414,32,35
651,414,32,35
651,414,32,35
651,414,32,35
651,415,32,34
651,415,32,34
651,415,32,34
651,416,32,33
651,416,32,33
651,416,32,33
650,416,32,33
650,416,32,33
650,416,32,33
650,416,31,33
650,416,31,33
650,416,31,33
650,416,31,34
650,416,31,34
650,416,31,34
649,417,32,34
649,417,32,34
649,417,32,34
649,417,31,34
649,417,31,34
649,417,31,34
649,417,31,35
649,417,31,35
649,418,31,35
649,418,31,34
649,419,31,34
649,419,31,34
649,419,31,34
649,419,31,34
649,419,31,34
649,419,31,34
649,419,31,34
649,419,31,34
649,420,31,34
649,420,31,34
649,420,31,34
649,421,31,34
649,421,31,34
649,421,31,34
649,421,31,34
649,421,31,34
649,421,31,34
649,422,31,33
649,422,31,33
649,422,31,33
649,422,31,34
649,422,31,34
649,422,31,34
649,423,31,34
649,423,31,34
649,423,31,34
649,424,31,34
649,424,31,34
649,424,31,34
649,425,31,33
649,425,31,33
649,425,31,33
649,425,31,34
649,425,31,34
649,425,31,33
649,426,31,33
649,426,31,32
649,426,31,33
649,426,31,33
649,426,31,34
649,426,31,34
649,427,31,33
649,427,31,33
649,427,31,33
649,428,31,34
649,428,31,34
649,428,31,34
650,429,30,33
650,429,30,33
650,430,30,33
650,430,30,33
650,431,30,33
650,431,30,33
651,431,29,34
651,431,29,34
651,431,29,33
652,432,29,33
652,432,29,32
652,432,29,33
652,432,29,33
652,432,29,34
652,432,29,33
652,433,29,33
652,433,29,32
652,433,29,33
653,434,29,33
653,434,29,34
653,435,29,33
653,435,28,33
653,436,28,32
653,436,28,32
653,436,28,32
653,436,28,32
653,436,28,32
653,436,29,33
653,436,29,33
653,436,29,33
653,437,29,33
653,437,29,33
653,437,29,33
653,438,29,32
653,438,29,32
653,438,29,32
654,438,29,32
654,438,29,32
654,438,29,32
655,438,29,33
655,438,29,33
655,438,29,33
655,439,29,32
655,439,29,32
655,439,29,32
655,439,28,32
655,439,28,32
655,439,28,32
656,439,28,32
656,439,28,32
657,439,27,32
657,440,27,32
658,440,26,32
658,440,26,32
658,440,27,32
658,440,27,32
658,440,27,32
658,440,26,31
658,440,26,31
658,440,27,31
657,440,27,32
657,440,28,32
657,440,28,32
657,440,28,32
657,440,28,32
657,440,28,32
657,440,28,32
657,440,28,32
657,440,28,32
657,440,28,32
657,440,28,32
657,440,28,32
657,440,28,32
657,440,28,32
657,440,28,32
657,440,28,32
657,440,28,32
657,440,28,32
658,440,29,32
658,440,29,32
658,440,29,32
659,440,28,32
659,440,28,32
659,440,28,32
660,440,27,32
660,440,27,32
660,440,28,32
660,440,28,32
660,440,29,32
660,440,29,32
660,440,29,31
660,440,29,31
660,440,29,31
660,439,29,31
660,439,29,31
660,439,29,31
660,438,29,31
660,438,29,31
660,437,29,31
660,437,29,31
660,436,29,31
660,436,29,31
660,436,29,31
660,436,29,31
660,435,29,31
660,435,29,31
660,434,29,31
660,434,29,31
660,433,29,31
660,433,29,31
660,432,29,31
661,432,28,31
661,431,28,31
661,430,28,31
661,429,28,31
661,428,28,31
661,427,28,31
661,427,28,31
661,426,28,31
661,425,28,31
661,423,28,31
661,422,28,31
661,421,28,31
661,421,28,31
661,420,28,31
661,419,28,31
662,419,28,31
662,418,28,31
662,418,28,31
662,417,27,32
662,417,27,32
662,417,27,32
662,418,27,31
662,418,27,31
662,418,27,31
662,418,27,31
662,418,27,31
662,418,27,31
662,419,27,31
662,419,27,31
662,419,27,31
662,420,27,30
662,420,27,30
662,420,27,30
662,420,27,31
662,420,27,31
662,420,27,31
662,421,27,31
662,421,27,31
662,421,27,31
663,422,26,31
663,422,26,31
663,422,26,31
664,423,25,30
664,423,25,30
664,423,25,30
664,423,25,30
664,423,25,30
664,423,25,30
664,424,25,31
664,424,25,31
664,424,25,31
664,424,26,30
664,424,26,30
664,424,26,30
664,424,26,30
664,424,26,30
664,424,26,30
665,425,25,31
665,425,25,31
665,425,25,31
666,426,26,30
666,426,26,30
666,426,26,30
666,426,26,30
666,426,26,30
666,426,26,30
667,427,25,30
667,427,25,30
668,427,25,30
668,428,25,30
669,428,25,30
669,428,25,30
669,428,26,31
669,428,26,31
669,428,26,31
670,429,25,30
670,429,25,30
670,429,25,30
671,429,25,31
671,429,25,31
671,430,25,31
672,430,25,31
672,431,25,31
672,431,25,31
673,431,26,30
673,431,26,30
673,431,26,30
674,432,26,30
674,432,26,30
674,432,26,30
675,432,27,31
675,432,27,31
675,432,27,31
676,432,27,31
676,432,27,31
676,432,27,31
677,433,28,31
677,433,28,31
677,433,28,31
678,433,28,31
678,433,28,31
678,433,28,31
679,433,29,30
679,433,29,30
679,433,29,30
680,433,30,31
680,433,30,31
680,433,30,31
680,434,31,31
680,434,31,31
681,434,31,31
681,435,31,31
682,435,31,31
682,435,31,31
683,435,32,31
683,435,32,31
684,435,32,31
684,436,31,31
685,436,31,31
685,436,32,31
686,436,32,31
686,436,33,31
687,436,33,31
687,437,32,31
688,437,32,31
689,437,32,31
689,438,33,32
690,438,33,32
691,438,33,32
691,439,33,31
692,439,33,31
693,439,33,31
693,440,34,31
694,440,34,31
695,440,34,31
696,441,34,31
697,441,34,31
698,441,34,31
698,441,34,31
699,441,34,31
700,441,35,31
700,441,35,32
701,441,36,32
702,441,36,32
703,442,36,32
704,442,36,32
705,442,36,32
707,443,36,32
708,443,36,32
709,443,36,32
711,444,36,32
712,444,36,32
713,444,36,32
715,445,36,32
716,445,36,32
717,445,36,32
719,446,36,32
720,446,36,32
721,446,36,32
723,446,36,32
724,446,36,32
725,446,36,32
727,447,37,31
728,447,37,31
729,447,37,31
731,447,37,31
732,447,37,31
734,447,37,31
735,448,37,32
737,448,37,32
738,448,38,32
740,448,38,32
741,448,39,32
743,448,39,32
744,449,39,32
746,449,39,32
748,449,39,32
749,450,39,32
751,450,39,32
753,451,39,32
755,451,39,31
757,452,39,31
759,452,39,31
760,453,39,31
762,453,39,31
764,453,39,31
765,453,40,31
767,453,40,31
769,453,40,31
770,454,40,30
772,454,40,30
774,454,40,30
777,454,40,31
779,454,40,31
781,454,40,31
783,455,40,31
785,455,40,31
787,455,41,31
789,456,41,31
791,456,42,31
793,456,42,31
795,457,42,31
797,457,42,31
799,457,42,31
802,458,42,31
804,458,42,31
807,458,42,31
809,459,42,31
812,459,42,31
814,459,42,31
816,460,42,31
818,460,42,31
820,460,41,31
823,460,41,31
825,460,40,31
828,460,41,31
830,461,42,31
833,461,43,31
836,461,43,31
838,462,43,31
841,462,43,31
843,462,43,31
846,463,43,31
848,463,43,31
851,463,43,31
853,464,43,31
856,464,43,31
859,464,43,31
861,465,43,31
864,465,43,31
867,465,43,31
869,466,43,31
872,466,43,31
875,466,43,31
877,466,43,31
880,466,43,31
883,466,43,31
886,467,43,31
889,467,43,31
892,467,43,31
894,468,43,31
897,468,43,31
900,468,43,31
902,468,43,31
905,468,43,31
908,469,42,31
911,469,42,31
914,470,41,31
917,470,41,31
919,471,41,31
922,471,41,31
925,471,41,31
927,471,41,31
930,471,41,31
933,472,41,31
936,472,41,31
939,473,41,31
941,473,41,31
944,474,41,31
946,474,41,31
949,474,41,31
951,475,40,31
954,475,40,31
957,475,40,31
959,475,40,31
962,475,40,31
964,474,40,31
967,474,40,31
969,473,40,31
971,471,39,31
973,470,39,32
975,468,38,32
975,467,38,32
975,465,37,31
975,464,37,31
973,462,37,31
970,460,37,31
968,458,37,31
966,456,36,31
963,454,36,31
961,452,35,31
961,452,35,31
961,452,35,31
961,452,35,31
954,447,35,31
948,441,34,31
941,436,34,31
938,433,34,31
934,430,33,31
931,427,33,31
927,423,33,31
924,419,33,31
920,415,33,31
918,412,32,31
915,408,32,31
913,405,31,31
911,401,31,31
908,398,31,32
906,394,31,32
905,392,31,32
904,389,30,32
903,387,30,32
903,386,30,32
903,386,30,32
903,385,30,32
905,385,30,32
906,385,30,31
908,385,30,31
910,385,30,31
911,385,30,31
913,385,30,31
915,385,30,31
917,386,29,31
919,386,29,31
921,386,29,31
924,386,29,31
926,386,29,31
928,386,29,31
930,386,28,32
932,386,28,32
934,386,28,32
937,387,27,32
939,387,27,32
940,387,27,32
942,387,27,32
943,387,27,32
945,387,27,32
948,388,27,32
950,388,27,32
952,388,27,32
954,389,27,31
956,389,27,31
957,389,27,31
959,389,27,31
960,389,27,31
962,389,27,31
965,390,27,32
967,390,27,32
969,390,27,32
970,390,27,32
972,390,27,32
974,390,27,32
975,390,27,32
977,390,27,32
979,390,27,32
982,390,26,32
984,390,26,32
985,390,26,32
987,390,26,32
988,390,26,32
989,390,26,32
991,390,27,33
992,390,27,33
994,390,27,33
995,390,27,33
997,390,27,33
999,390,27,33
1000,391,28,32
1002,391,28,32
1004,391,28,32
1006,392,27,32
1008,392,27,32
1010,392,27,32
1011,393,27,32
1013,393,27,32
1014,393,28,32
1016,393,28,32
1017,393,29,32
1018,393,29,32
1020,393,29,32
1021,393,29,32
1023,393,30,32
1024,393,30,32
1026,393,31,32
1027,393,31,32
1029,392,31,31
1030,392,31,31
1031,392,31,31
1033,391,31,30
1034,391,31,30
1035,389,32,30
1037,387,32,31
1038,385,33,31
1039,383,33,31
1041,382,33,31
1042,380,33,31
1043,377,33,31
1045,375,33,31
1046,372,33,31
1048,369,33,31
1049,365,33,31
1051,362,33,31
1052,359,33,31
1053,356,34,31
1054,353,34,31
1055,350,35,31
1056,347,35,30
1057,344,36,30
1059,341,36,30
1060,339,35,30
1062,336,35,30
1063,333,35,31
1064,331,36,31
1065,328,36,32
1066,327,37,31
1068,327,37,31
1069,326,38,30
1070,325,38,30
1072,325,38,30
1073,324,38,30
1075,323,38,30
1076,323,38,30
1078,322,38,30
1079,322,38,30
1079,322,39,30
1080,322,39,30
1081,322,39,30
1082,322,39,30
1083,322,39,30
1084,322,39,30
1086,322,40,30
1087,322,40,30
1088,322,40,30
1089,322,40,30
1090,322,40,30
1091,322,40,31
1093,323,40,31
1094,323,40,32
1095,323,41,31
1095,324,41,31
1096,324,42,30
1097,324,43,30
1098,325,43,30
1099,325,44,30
1100,325,44,30
1101,325,43,31
1102,325,43,31
1103,325,43,31
1104,325,43,30
1105,325,43,30
1106,325,44,30
1106,326,44,30
1107,326,45,30
1108,326,45,30
1110,326,44,30
1111,326,44,30
1111,326,44,30
1112,327,45,30
1112,327,45,30
1113,327,45,30
1114,327,46,30
1115,327,46,30
1116,327,46,30
1116,328,47,31
1117,328,47,31
1118,328,47,31
1119,328,46,31
1120,328,46,31
1121,329,46,31
1121,329,47,30
1122,330,47,30
1123,330,47,30
1123,331,47,30
1124,331,47,30
1124,331,47,30
1125,331,47,30
1125,331,47,30
1125,331,47,30
1124,331,48,30
1124,331,48,30
1123,331,48,30
1123,330,48,30
1122,330,48,30
1120,330,48,30
1119,330,48,30
1117,330,48,30
1115,330,48,30
1113,329,48,30
1111,329,48,30
1108,328,48,30
1106,328,48,31
1103,327,48,31
1100,327,48,31
1096,326,48,30
1093,326,48,30
1090,326,48,30
1086,325,48,29
1083,325,48,29
1080,324,48,29
1076,324,48,29
1073,323,48,29
1071,323,48,29
1068,322,48,28
1066,322,48,28
1064,322,48,28
1063,321,48,28
1061,321,48,28
1060,321,48,28
1060,321,48,28
1059,321,48,28
1059,321,48,28
1060,321,48,28
1060,321,48,28
1060,321,48,28
1060,320,48,29
1060,320,48,29
1060,320,48,29
1061,321,48,29
1061,321,48,29
1061,321,48,29
1061,321,48,29
1061,321,48,29
1061,321,49,29
1061,321,49,29
1061,321,50,29
1061,321,50,29
1061,321,49,29
1061,321,49,29
1061,321,49,29
1061,321,49,28
1061,321,49,28
1060,320,49,28
1060,320,49,28
1059,319,49,28
1058,318,49,28
1058,318,49,28
1057,317,49,28
1056,317,49,28
1055,317,49,28
1054,317,49,28
1053,316,49,28
1053,316,48,28
1052,315,48,28
1051,314,48,28
1051,314,48,28
1050,313,48,28
1049,311,48,28
1048,308,49,29
1047,306,49,29
1047,304,49,29
1046,301,49,29
1046,299,49,29
1045,296,49,29
1045,293,49,29
1044,290,49,29
1043,286,49,29
1042,282,49,28
1041,278,49,28
1041,274,49,28
1040,271,48,28
1040,267,48,28
1039,263,48,28
1038,259,49,27
1037,255,49,27
1036,251,49,27
1035,247,49,27
1034,243,49,27
1033,239,49,27
1033,236,48,27
1032,232,48,27
1030,229,48,27
1029,227,49,26
1027,224,49,26
1027,222,49,27
1026,219,48,27
1026,217,48,28
1025,216,48,28
1023,215,48,27
1022,214,48,27
1021,213,48,27
1019,213,48,27
1018,212,48,27
1017,212,48,27
1015,211,48,28
1014,211,48,28
1013,211,48,28
1011,210,48,28
1010,210,48,28
1009,210,48,28
1007,209,48,28
1006,209,48,28
1005,209,48,28
1003,209,48,28
1002,209,48,28
1001,208,48,28
999,208,48,28
998,207,48,28
997,207,48,28
995,206,48,28
994,206,48,28
992,206,48,28
990,206,48,28
988,206,48,28
986,205,48,28
983,205,48,28
981,204,48,28
976,203,48,28
972,202,48,28
967,201,48,28
962,199,48,28
956,198,48,28
951,196,48,28
945,193,48,28
940,190,48,28
934,187,48,28
927,183,48,27
920,180,47,26
913,176,47,25
906,172,47,25
899,167,47,25
892,163,47,25
884,159,47,25
875,154,46,24
867,150,46,24
858,145,46,24
848,140,46,24
839,135,46,24
830,131,46,24
822,127,46,24
813,123,46,24
804,119,46,24
794,116,46,24
785,112,46,24
777,111,46,24
770,110,46,24
762,109,46,24
754,108,46,24
746,108,46,24
738,107,46,24
731,107,46,24
725,106,45,23
718,106,45,23
712,106,45,23
707,106,44,23
701,106,44,23
696,106,44,23
691,105,44,23
686,105,44,23
683,105,44,23
680,105,44,23
677,105,44,23
675,105,44,23
672,104,44,23
670,104,44,23
669,104,44,23
667,104,44,23
666,104,44,23
665,104,44,23
665,103,43,23
664,103,43,23
662,103,43,23
661,103,43,22
659,103,43,22
658,103,43,22
656,103,43,22
655,103,43,22
654,103,43,22
652,103,43,22
651,103,43,22
650,103,43,22
648,102,43,22
647,102,43,22
646,102,43,22
644,102,43,22
643,102,43,22
642,102,43,22
641,102,43,22
640,102,43,22
639,102,43,22
637,102,43,22
636,102,43,22
635,102,43,22
633,101,43,22
632,101,43,22
631,101,43,22
630,101,43,22
629,101,43,22
628,101,43,22
626,100,42,21
625,100,42,21
624,100,41,21
623,100,41,21
622,100,40,21
621,100,40,21
619,100,40,21
618,100,40,21
617,99,41,21
615,99,41,21
614,98,42,21
613,98,42,21
611,98,42,21
610,98,42,21
609,98,42,21
608,99,42,21
607,99,42,21
605,99,42,21
604,98,41,21
602,98,41,21
601,98,41,21
599,98,42,21
598,98,42,21
597,98,42,21
596,98,42,21
595,98,42,21
594,98,42,21
592,98,42,21
591,98,42,21
590,98,42,21
589,97,42,21
588,97,42,21
586,97,42,21
585,97,42,21
583,97,42,21
582,97,42,21
582,97,42,20
581,97,42,20
579,97,42,20
578,96,42,21
576,96,42,21
574,96,42,21
573,96,42,21
571,96,42,21
570,96,42,21
569,96,42,21
568,96,42,21
567,96,42,21
565,96,42,21
564,96,42,21
563,96,42,21
562,96,42,21
561,96,42,21
560,96,42,21
558,96,42,21
557,96,42,21
555,96,42,21
554,97,42,20
552,97,42,20
551,97,42,20
550,96,42,20
549,96,42,20
548,96,42,20
547,96,42,20
546,96,42,20
545,96,42,20
543,96,42,20
542,96,42,20
540,96,42,20
539,96,42,20
537,96,42,20
536,96,42,20
535,96,42,20
534,96,42,20
532,96,42,20
530,96,42,20
528,96,42,20
527,96,42,20
527,96,42,20
526,96,42,20
525,97,42,19
523,97,41,19
522,98,41,18
521,98,41,18
519,99,41,18
518,99,41,18
518,99,40,18
518,99,39,18
518,99,38,18
518,99,37,18
519,99,35,18
519,99,34,18
519,99,32,18
520,99,30,18
520,99,28,18
520,99,27,18
520,99,25,18
520,99,24,18
520,99,23,18
520,99,21,18
520,99,20,18
NaN,NaN,NaN,NaN
NaN,NaN,NaN,NaN
NaN,NaN,NaN,NaN
NaN,NaN,NaN,NaN
NaN,NaN,NaN,NaN
NaN,NaN,NaN,NaN
NaN,NaN,NaN,NaN
NaN,NaN,NaN,NaN
NaN,NaN,NaN,NaN
NaN,NaN,NaN,NaN
NaN,NaN,NaN,NaN
NaN,NaN,NaN,NaN
NaN,NaN,NaN,NaN
NaN,NaN,NaN,NaN
NaN,NaN,NaN,NaN
NaN,NaN,NaN,NaN
NaN,NaN,NaN,NaN
NaN,NaN,NaN,NaN
NaN,NaN,NaN,NaN
NaN,NaN,NaN,NaN
NaN,NaN,NaN,NaN
NaN,NaN,NaN,NaN
NaN,NaN,NaN,NaN
464,98,21,21
463,98,22,21
461,97,24,21
460,97,25,21
459,96,28,22
457,96,30,22
456,95,33,23
454,96,34,23
453,96,35,22
451,97,36,22
450,97,37,22
449,97,38,22
448,97,39,22
446,97,40,22
445,98,41,22
443,98,42,22
441,98,42,22
440,98,43,22
438,98,43,22
437,98,43,22
435,98,42,22
434,98,42,22
433,98,42,22
431,99,42,22
430,99,42,22
428,99,42,22
427,99,42,22
425,99,42,22
424,99,42,22
422,100,42,22
421,100,42,22
420,100,42,22
418,101,42,21
417,101,42,21
415,101,42,21
414,101,42,21
412,101,42,21
411,101,42,21
409,102,42,21
408,102,42,21
406,102,42,21
405,103,42,21
403,103,42,21
401,103,42,21
400,103,42,21
398,103,42,21
397,103,42,21
395,104,43,21
394,104,43,21
392,104,43,21
391,104,43,21
389,104,43,21
387,104,43,21
386,105,43,21
384,105,43,21
383,105,43,21
381,105,43,21
380,105,43,21
379,105,43,21
377,106,43,21
376,106,43,21
375,106,43,21
373,107,43,21
372,107,43,21
370,107,43,21
369,108,43,21
367,108,43,21
365,108,43,21
364,109,43,21
362,109,43,21
360,109,43,21
359,109,44,21
357,109,44,21
355,110,44,21
354,110,44,21
352,111,44,21
351,111,44,21
350,111,43,21
349,111,43,21
347,111,43,21
345,112,43,21
343,112,43,21
341,111,43,21
340,111,43,21
338,110,43,21
337,108,43,21
335,107,43,22
334,105,43,22
332,104,43,22
331,103,43,22
329,102,43,22
327,101,44,22
325,100,44,22
323,99,45,22
322,98,45,22
321,97,44,22
320,96,44,22
318,96,44,22
315,96,45,22
313,96,45,22
312,96,45,23
310,96,45,23
309,96,45,24
307,96,45,24
306,97,45,24
304,97,45,24
303,97,45,24
301,98,45,24
300,98,45,24
298,99,45,24
297,99,45,24
295,100,45,24
293,100,45,24
292,100,46,25
290,100,46,25
289,101,45,25
289,101,45,24
288,102,44,24
286,102,45,25
283,103,45,25
281,103,46,26
279,104,46,25
278,104,46,25
276,105,46,24
274,105,46,24
273,106,46,24
271,106,46,24
269,107,47,24
267,107,47,24
265,108,48,24
264,108,47,24
264,109,47,25
263,109,46,25
261,110,47,25
258,110,47,25
256,111,48,25
255,112,48,25
254,112,47,24
253,113,47,24
251,114,47,24
250,114,47,24
248,115,47,24
247,116,47,24
245,116,46,23
244,117,46,23
243,117,46,23
241,116,46,24
240,116,46,24
238,115,46,24
236,114,46,25
234,113,46,25
232,112,46,25
231,112,47,26
229,111,47,26
227,110,47,26
226,108,47,25
224,107,47,25
222,106,47,25
221,106,47,25
219,105,47,25
217,105,47,25
216,104,47,25
214,104,47,25
212,103,47,25
211,103,47,26
209,102,47,26
208,101,47,26
207,100,47,27
206,99,47,27
204,100,47,27
203,100,47,27
201,101,47,27
200,101,47,27
198,102,47,27
197,102,47,27
195,103,47,27
194,103,48,28
192,104,48,28
191,105,48,28
189,105,48,28
188,106,48,28
187,107,48,28
185,107,47,28
184,108,47,28
182,108,48,28
180,109,49,29
178,109,50,29
177,110,49,29
176,111,49,29
175,112,48,29
174,113,48,29
172,113,48,29
171,114,48,29
169,114,48,29
168,115,48,30
166,115,48,30
164,116,48,30
163,117,49,30
161,118,49,30
160,118,49,31
159,119,48,31
158,119,48,32
156,120,48,32
155,120,49,32
153,121,49,32
152,122,49,32
150,122,48,32
149,123,48,32
148,124,48,32
146,125,48,32
145,126,48,32
143,127,48,32
142,127,48,32
140,128,48,32
138,129,48,32
137,129,48,32
135,130,48,32
134,131,48,32
132,133,49,32
131,134,49,32
130,135,49,32
129,135,48,32
128,136,48,32
126,137,49,32
124,137,49,33
122,138,50,33
121,139,49,33
120,140,49,33
119,141,48,33
117,142,49,33
115,142,49,33
113,143,50,33
112,144,50,33
110,145,49,33
109,146,49,33
108,147,49,33
107,148,49,33
106,149,49,33
105,150,49,33
103,151,48,33
102,152,48,33
101,153,48,33
99,154,48,33
98,155,48,33
97,156,48,33
95,157,48,33
94,158,48,33
92,158,48,34
91,159,49,34
89,159,49,35
88,160,49,35
86,161,49,35
85,162,49,35
84,163,49,35
82,165,49,35
81,166,49,35
80,167,49,35
80,168,48,35
79,169,48,35
77,170,48,36
76,170,49,36
74,171,49,37
73,173,49,37
71,174,49,37
70,176,49,37
69,177,49,37
68,178,49,37
67,179,49,37
66,181,49,37
65,182,48,37
64,184,48,37
63,185,48,37
61,187,49,37
60,188,49,37
59,190,49,37
58,191,49,37
57,193,49,37
56,195,49,37
55,196,48,37
54,198,48,37
53,199,48,38
51,200,48,38
50,201,48,39
49,203,48,39
48,205,48,39
47,207,48,39
46,208,48,39
45,210,48,39
44,211,48,39
43,213,48,39
41,214,48,39
40,216,48,39
39,218,48,39
38,219,48,39
37,221,48,39
36,223,48,39
35,224,48,39
34,226,48,39
33,228,48,39
32,229,48,40
31,231,48,40
30,232,48,40
28,234,49,41
27,235,49,41
26,237,49,41
25,239,49,41
24,241,49,41
23,243,49,41
21,244,49,41
20,246,49,41
19,248,49,41
18,250,49,41
17,252,49,41
16,253,49,42
14,255,50,42
13,256,50,43
12,258,50,43
12,260,49,43
11,262,49,43
10,264,49,43
9,265,49,43
8,267,49,43
7,269,49,43
6,271,48,43
5,273,48,43
4,275,48,43
4,276,48,43
3,278,48,43
2,279,48,44
2,281,48,44
1,282,48,45
1,284,47,45
1,285,47,45
1,287,46,45
1,289,45,45
1,290,43,45
1,292,42,45
1,294,41,45
1,296,41,46
1,298,40,46
1,300,39,46
1,301,39,46
1,303,38,46
1,305,37,46
1,306,37,46
1,308,36,46
1,310,35,46
1,311,34,46
1,313,33,46
1,315,33,46
1,317,32,46
1,319,32,46
1,321,31,46
1,322,31,46
1,324,30,46
1,325,30,46
1,326,29,46
1,327,29,46
1,328,28,46
1,329,27,47
1,330,26,47
1,331,26,47
1,332,26,47
1,333,26,47
1,334,25,48
1,334,24,49
1,335,23,50
1,336,22,49
1,336,22,48
1,337,21,47
1,338,21,47
1,340,20,48
1,341,20,48
1,342,20,48
1,343,20,48
1,344,20,48
1,345,20,48
1,346,19,48
1,347,19,48
1,348,19,48
1,349,18,49
1,350,18,49
1,351,18,49
1,353,17,49
1,354,17,49
1,356,16,49
1,357,14,49
1,359,13,49
1,361,13,49
1,362,13,49
1,364,13,49
1,365,13,49
1,367,13,49
1,368,13,49
1,369,13,49
1,371,13,49
1,372,13,49
1,374,13,49
1,375,13,50
1,377,13,50
1,378,13,50
1,379,13,51
1,380,13,51
1,381,14,51
1,382,14,52
1,383,15,52
1,384,15,52
1,384,14,53
1,385,14,53
1,386,15,53
1,386,15,53
1,387,16,53
1,388,16,53
1,388,17,54
1,389,17,54
1,390,17,54
1,391,18,54
1,392,18,54
1,393,19,54
1,393,20,54
1,394,21,54
1,395,21,55
1,396,22,55
1,397,22,56
1,399,23,56
1,402,23,56
1,404,24,56
1,406,25,56
1,409,25,56
1,411,26,56
1,413,26,56
1,415,27,56
1,417,27,56
1,419,28,56
1,422,29,57
1,424,30,57
1,426,31,57
1,429,32,57
1,431,33,57
1,432,33,57
1,433,34,57
1,434,34,57
1,434,35,57
2,435,35,57
2,435,36,57
3,435,36,57
4,435,36,57
5,435,36,57
6,434,36,57
7,433,37,57
8,432,37,57
9,431,37,57
10,429,38,57
11,428,38,57
12,426,38,57
13,424,38,57
14,422,38,57
15,420,38,57
16,418,39,57
17,416,39,57
18,414,39,57
18,413,40,57
19,411,40,57
21,410,40,57
22,408,41,57
24,407,41,57
25,408,41,57
25,408,41,57
26,409,41,57
27,411,41,57
28,414,41,57
29,416,41,57
30,418,42,57
31,420,42,58
32,422,43,58
33,424,43,58
34,426,44,58
35,428,44,58
36,430,44,58
37,432,45,59
38,434,45,59
39,436,45,59
40,438,46,58
41,440,46,58
42,442,46,58
44,445,46,58
45,447,46,58
46,449,46,58
47,452,47,58
48,454,47,58
49,456,47,58
50,458,48,58
51,460,48,58
53,462,48,58
54,464,48,58
56,466,48,58
57,468,48,58
58,470,49,58
59,472,49,58
60,474,49,58
62,476,49,58
63,478,49,58
64,480,50,58
66,483,50,58
67,485,51,58
68,487,51,58
69,488,51,58
70,490,51,58
72,492,51,58
73,494,51,58
75,496,51,58
76,498,51,58
78,500,51,58
79,502,51,58
80,504,51,58
82,506,52,58
83,508,52,58
85,510,52,58
86,512,52,58
88,514,52,58
89,516,52,58
91,517,53,57
92,519,53,57
93,521,53,57
95,523,54,58
96,525,54,58
98,527,54,58
99,529,54,58
101,531,54,58
103,533,54,58
104,534,54,58
106,536,54,58
107,538,55,58
109,540,55,58
110,542,56,58
111,544,56,58
113,545,57,58
114,547,57,58
116,549,57,58
118,550,57,58
120,552,57,58
122,554,57,58
123,555,58,58
125,557,58,58
126,559,58,58
128,560,58,57
129,562,58,57
131,564,58,57
133,566,58,56
135,568,58,56
136,569,58,56
138,571,59,56
139,572,59,56
141,574,59,56
143,575,59,56
145,577,59,56
147,578,59,56
148,580,59,57
150,581,59,57
152,583,60,57
153,584,61,57
155,586,62,57
157,588,62,57
158,589,62,56
160,591,62,56
162,592,62,56
163,594,62,56
165,595,62,56
167,597,62,56
169,598,62,56
171,600,62,56
173,601,62,56
174,603,63,56
176,604,63,56
178,606,63,56
180,607,63,56
182,609,63,56
184,610,64,56
185,612,64,56
187,613,65,56
189,615,65,56
191,616,65,56
193,618,65,56
195,619,65,55
198,621,65,55
200,622,65,54
202,623,65,54
203,625,65,54
205,626,65,54
207,628,65,54
209,629,66,53
211,631,66,53
213,632,66,53
216,634,66,53
218,635,66,53
220,636,66,53
222,638,66,53
224,639,66,53
226,640,66,53
229,642,67,53
231,643,67,53
233,644,67,53
234,646,68,53
236,647,68,53
239,648,68,53
241,650,68,53
244,651,68,53
246,652,68,52
248,654,68,52
250,655,68,51
252,656,68,51
255,658,69,51
257,659,69,51
259,661,69,51
262,662,69,50
264,664,69,50
266,665,69,50
268,666,69,50
270,667,69,50
273,669,69,49
275,670,69,49
278,672,69,48
280,673,69,47
283,675,69,45
285,676,69,44
287,677,69,43
290,679,69,42
292,680,69,41
294,681,69,39
297,683,69,38
299,684,69,36
301,685,70,35
303,686,70,34
305,687,71,33
308,688,71,32
310,690,71,30
313,691,71,29
316,692,71,28
318,694,71,26
321,695,71,25
323,696,70,24
325,698,70,23
327,699,69,22
330,700,67,20
333,702,64,19
336,703,62,17
339,704,59,16
341,706,57,15
344,707,54,14
NaN,NaN,NaN,NaN
NaN,NaN,NaN,NaN
NaN,NaN,NaN,NaN
NaN,NaN,NaN,NaN
NaN,NaN,NaN,NaN
NaN,NaN,NaN,NaN
NaN,NaN,NaN,NaN
NaN,NaN,NaN,NaN
NaN,NaN,NaN,NaN
NaN,NaN,NaN,NaN
NaN,NaN,NaN,NaN
NaN,NaN,NaN,NaN
NaN,NaN,NaN,NaN
NaN,NaN,NaN,NaN
NaN,NaN,NaN,NaN
NaN,NaN,NaN,NaN
NaN,NaN,NaN,NaN
NaN,NaN,NaN,NaN
NaN,NaN,NaN,NaN
NaN,NaN,NaN,NaN
NaN,NaN,NaN,NaN
NaN,NaN,NaN,NaN
NaN,NaN,NaN,NaN
NaN,NaN,NaN,NaN
NaN,NaN,NaN,NaN
NaN,NaN,NaN,NaN
NaN,NaN,NaN,NaN
NaN,NaN,NaN,NaN
NaN,NaN,NaN,NaN
NaN,NaN,NaN,NaN
NaN,NaN,NaN,NaN
NaN,NaN,NaN,NaN
NaN,NaN,NaN,NaN
NaN,NaN,NaN,NaN
NaN,NaN,NaN,NaN
NaN,NaN,NaN,NaN
NaN,NaN,NaN,NaN
NaN,NaN,NaN,NaN
NaN,NaN,NaN,NaN
NaN,NaN,NaN,NaN
NaN,NaN,NaN,NaN
NaN,NaN,NaN,NaN
NaN,NaN,NaN,NaN
NaN,NaN,NaN,NaN
NaN,NaN,NaN,NaN
NaN,NaN,NaN,NaN
NaN,NaN,NaN,NaN
NaN,NaN,NaN,NaN
NaN,NaN,NaN,NaN
NaN,NaN,NaN,NaN
NaN,NaN,NaN,NaN
NaN,NaN,NaN,NaN
NaN,NaN,NaN,NaN
NaN,NaN,NaN,NaN
NaN,NaN,NaN,NaN
NaN,NaN,NaN,NaN
NaN,NaN,NaN,NaN
NaN,NaN,NaN,NaN
NaN,NaN,NaN,NaN
NaN,NaN,NaN,NaN
NaN,NaN,NaN,NaN
NaN,NaN,NaN,NaN
NaN,NaN,NaN,NaN
NaN,NaN,NaN,NaN
NaN,NaN,NaN,NaN
NaN,NaN,NaN,NaN
NaN,NaN,NaN,NaN
NaN,NaN,NaN,NaN
NaN,NaN,NaN,NaN
NaN,NaN,NaN,NaN
NaN,NaN,NaN,NaN
NaN,NaN,NaN,NaN
NaN,NaN,NaN,NaN
NaN,NaN,NaN,NaN
NaN,NaN,NaN,NaN
NaN,NaN,NaN,NaN
NaN,NaN,NaN,NaN
NaN,NaN,NaN,NaN
NaN,NaN,NaN,NaN
NaN,NaN,NaN,NaN
NaN,NaN,NaN,NaN
NaN,NaN,NaN,NaN
NaN,NaN,NaN,NaN
NaN,NaN,NaN,NaN
NaN,NaN,NaN,NaN
NaN,NaN,NaN,NaN
NaN,NaN,NaN,NaN
NaN,NaN,NaN,NaN
NaN,NaN,NaN,NaN
NaN,NaN,NaN,NaN
NaN,NaN,NaN,NaN
NaN,NaN,NaN,NaN
NaN,NaN,NaN,NaN
NaN,NaN,NaN,NaN
NaN,NaN,NaN,NaN
NaN,NaN,NaN,NaN
NaN,NaN,NaN,NaN
NaN,NaN,NaN,NaN
NaN,NaN,NaN,NaN
NaN,NaN,NaN,NaN
NaN,NaN,NaN,NaN
NaN,NaN,NaN,NaN
NaN,NaN,NaN,NaN
NaN,NaN,NaN,NaN
NaN,NaN,NaN,NaN
NaN,NaN,NaN,NaN
NaN,NaN,NaN,NaN
NaN,NaN,NaN,NaN
NaN,NaN,NaN,NaN
NaN,NaN,NaN,NaN
NaN,NaN,NaN,NaN
NaN,NaN,NaN,NaN
NaN,NaN,NaN,NaN
NaN,NaN,NaN,NaN
NaN,NaN,NaN,NaN
NaN,NaN,NaN,NaN
NaN,NaN,NaN,NaN
NaN,NaN,NaN,NaN
NaN,NaN,NaN,NaN
NaN,NaN,NaN,NaN
NaN,NaN,NaN,NaN
NaN,NaN,NaN,NaN
NaN,NaN,NaN,NaN
NaN,NaN,NaN,NaN
NaN,NaN,NaN,NaN
NaN,NaN,NaN,NaN
NaN,NaN,NaN,NaN
NaN,NaN,NaN,NaN
NaN,NaN,NaN,NaN
NaN,NaN,NaN,NaN
NaN,NaN,NaN,NaN
NaN,NaN,NaN,NaN
NaN,NaN,NaN,NaN
NaN,NaN,NaN,NaN
NaN,NaN,NaN,NaN
NaN,NaN,NaN,NaN
NaN,NaN,NaN,NaN
NaN,NaN,NaN,NaN
NaN,NaN,NaN,NaN
NaN,NaN,NaN,NaN
NaN,NaN,NaN,NaN
NaN,NaN,NaN,NaN
NaN,NaN,NaN,NaN
NaN,NaN,NaN,NaN
NaN,NaN,NaN,NaN
NaN,NaN,NaN,NaN
NaN,NaN,NaN,NaN
NaN,NaN,NaN,NaN
NaN,NaN,NaN,NaN
NaN,NaN,NaN,NaN
NaN,NaN,NaN,NaN
NaN,NaN,NaN,NaN
NaN,NaN,NaN,NaN
NaN,NaN,NaN,NaN
NaN,NaN,NaN,NaN
NaN,NaN,NaN,NaN
NaN,NaN,NaN,NaN
NaN,NaN,NaN,NaN
NaN,NaN,NaN,NaN
NaN,NaN,NaN,NaN
NaN,NaN,NaN,NaN
NaN,NaN,NaN,NaN
NaN,NaN,NaN,NaN
NaN,NaN,NaN,NaN
NaN,NaN,NaN,NaN
NaN,NaN,NaN,NaN
NaN,NaN,NaN,NaN
NaN,NaN,NaN,NaN
NaN,NaN,NaN,NaN
NaN,NaN,NaN,NaN
NaN,NaN,NaN,NaN
NaN,NaN,NaN,NaN
NaN,NaN,NaN,NaN
NaN,NaN,NaN,NaN
NaN,NaN,NaN,NaN
NaN,NaN,NaN,NaN
NaN,NaN,NaN,NaN
NaN,NaN,NaN,NaN
NaN,NaN,NaN,NaN
NaN,NaN,NaN,NaN
NaN,NaN,NaN,NaN
NaN,NaN,NaN,NaN
752,703,43,17
752,702,44,18
753,701,46,20
753,700,47,21
753,699,48,22
753,699,50,22
753,698,51,23
754,697,52,24
755,695,53,25
756,694,54,26
758,693,53,27
759,692,53,28
761,691,52,29
762,690,52,30
763,690,53,31
764,689,53,32
765,688,53,33
767,688,53,33
768,687,53,34
770,686,53,35
771,685,53,35
773,684,53,36
774,683,53,37
776,682,53,38
777,681,53,39
778,680,53,40
780,680,53,40
781,679,53,41
782,678,53,42
784,677,53,44
785,676,53,45
786,675,53,46
788,674,53,46
789,673,53,47
790,672,52,46
792,672,51,46
793,671,50,45
794,670,50,45
796,669,50,46
797,668,50,46
798,667,50,46
798,666,50,46
799,665,50,46
800,664,50,46
802,663,50,46
803,662,50,46
805,661,49,46
806,660,49,46
808,659,48,46
809,658,48,46
810,657,48,46
811,656,48,46
812,655,48,46
814,655,47,47
815,654,47,47
816,653,47,47
816,651,47,47
817,650,47,47
818,649,47,47
820,649,46,47
821,648,46,47
822,647,46,47
823,646,46,46
824,645,46,46
825,644,46,46
826,642,45,47
827,641,45,47
828,640,45,46
829,640,45,46
830,639,45,45
831,638,45,45
832,637,45,46
833,636,45,46
834,635,45,46
834,633,45,46
835,632,45,46
836,631,45,46
837,630,44,46
838,629,44,46
839,628,44,46
840,628,44,46
841,627,44,46
842,626,43,46
843,624,43,46
844,623,42,46
845,622,42,46
845,622,42,46
846,621,42,46
847,620,42,46
847,619,41,46
848,618,41,46
849,617,41,46
850,616,42,46
851,615,42,46
852,614,42,46
852,613,41,46
853,612,41,46
854,611,41,46
855,610,41,46
856,609,41,46
857,608,41,46
857,607,40,46
858,606,40,46
859,605,40,46
860,603,39,46
861,602,39,46
862,601,39,46
863,599,39,46
864,598,39,46
864,597,39,46
865,596,38,46
865,595,38,46
866,594,38,46
867,592,37,46
868,591,37,46
869,590,37,46
869,589,37,46
870,588,37,46
871,587,37,46
871,586,36,46
872,585,36,46
873,584,36,46
873,583,36,45
874,582,36,45
875,581,36,45
875,580,35,45
876,579,35,45
877,578,35,45
877,576,34,45
878,575,34,45
879,574,34,45
879,574,33,44
880,573,33,44
880,572,33,44
880,570,34,45
880,569,34,45
881,568,34,45
882,566,33,45
883,565,33,45
884,564,33,45
884,562,32,45
885,561,32,45
885,560,32,45
886,559,32,45
886,558,32,45
887,557,32,45
887,556,32,45
888,555,32,45
888,554,32,45
889,553,32,45
889,552,32,45
889,551,31,45
890,550,31,45
890,549,30,45
891,548,30,45
891,546,30,44
892,545,30,44
893,544,30,44
893,543,29,44
894,542,29,44
895,541,28,44
895,539,28,44
896,538,27,44
896,537,27,44
897,536,28,44
897,535,28,44
897,533,28,44
898,532,28,44
898,530,28,44
898,529,28,44
899,528,27,44
899,527,27,44
899,526,27,44
900,524,26,44
900,523,26,44
901,522,26,44
901,520,25,44
902,519,25,44
902,518,25,44
902,516,25,44
902,515,25,44
903,514,25,44
903,512,25,44
904,511,25,44
904,510,25,44
904,508,24,43
904,507,24,43
904,506,24,43
904,504,24,43
904,503,24,43
904,502,24,43
904,500,24,43
904,499,24,43
904,498,24,43
904,496,24,42
904,495,24,42
904,494,24,42
904,492,24,42
904,491,24,42
904,490,24,42
905,489,23,42
905,488,23,42
905,487,23,42
905,485,23,42
905,484,23,42
905,483,23,42
905,482,23,42
905,481,23,42
905,480,23,42
905,479,22,42
905,478,22,42
905,477,22,42
905,476,21,42
905,475,21,42
905,474,21,42
905,473,21,42
905,472,21,42
905,471,21,42
906,470,21,42
906,469,21,42
906,468,21,42
906,466,21,42
906,465,21,42
906,464,21,42
905,464,21,42
905,463,21,42
905,462,21,42
905,461,21,42
905,460,21,42
905,459,21,42
905,458,21,41
905,457,21,41
905,456,21,41
905,455,21,41
905,454,21,41
905,453,21,41
904,452,21,41
904,451,21,41
904,450,21,41
903,449,21,40
903,448,21,40
903,447,21,40
903,447,21,40
903,446,21,40
903,445,21,40
902,444,21,40
902,443,21,40
902,442,21,40
901,442,21,40
901,441,21,40
901,440,21,40
901,440,22,39
901,439,22,39
