403,503,16,41
403,503,16,41
403,503,16,41
403,503,16,41
403,502,16,41
403,502,16,41
403,501,16,41
403,501,16,41
403,501,16,41
403,501,16,41
403,501,16,41
402,500,16,41
402,500,16,41
402,500,16,41
403,500,16,41
403,500,16,41
403,499,16,41
403,498,16,41
403,497,16,41
403,496,16,41
403,495,16,41
403,494,16,41
403,492,16,41
404,491,16,41
404,489,16,41
404,488,16,41
404,486,16,41
404,485,16,41
404,483,16,41
403,482,16,41
403,480,16,41
403,479,16,40
403,477,16,39
403,476,16,38
403,475,16,38
404,473,15,39
404,472,15,39
404,471,15,39
405,471,15,39
405,470,15,39
405,469,16,39
405,468,16,39
405,467,17,39
405,465,17,39
404,463,17,39
404,461,17,39
404,461,17,39
405,461,17,39
405,461,17,39
405,460,17,39
405,460,17,39
405,459,17,39
405,459,17,39
405,458,17,39
405,458,17,39
405,458,17,39
405,457,17,39
405,457,17,39
405,457,17,39
405,456,17,39
405,456,17,39
404,455,17,40
404,454,18,40
403,453,18,41
403,452,18,41
403,452,18,41
403,451,18,41
403,450,18,41
404,449,18,41
404,448,18,41
404,447,18,41
404,447,18,40
404,446,18,40
404,445,18,40
404,445,18,40
404,444,18,40
404,443,18,40
404,442,18,40
404,441,18,40
404,440,18,40
403,439,18,40
403,438,18,40
403,438,17,40
404,437,17,40
404,437,16,40
404,436,16,40
404,436,16,40
404,435,16,40
404,434,16,40
404,434,16,40
404,433,16,40
404,432,16,40
404,431,16,40
404,430,16,40
404,429,16,40
404,428,16,40
404,427,16,40
404,426,16,40
404,425,16,40
404,424,16,40
404,423,16,40
405,423,16,40
405,422,16,40
405,421,16,40
404,421,16,40
404,420,16,40
404,419,16,40
405,419,16,40
405,418,16,40
405,416,16,40
405,415,16,40
405,413,16,40
405,412,16,40
406,412,16,40
406,411,16,40
406,409,16,40
406,408,16,40
406,406,16,40
405,405,16,40
404,404,16,40
403,403,16,40
404,402,16,40
404,401,16,40
405,400,16,40
405,400,16,40
404,399,16,40
404,399,16,40
404,398,16,40
405,397,16,40
405,396,16,40
405,395,16,40
404,393,16,40
404,392,16,40
404,391,16,40
404,390,16,40
404,389,16,40
404,388,16,40
404,387,16,40
404,386,16,40
404,386,16,40
404,385,16,40
404,385,16,40
404,385,16,40
404,385,16,40
404,385,16,40
404,385,16,40
404,384,16,40
404,384,16,40
404,384,16,40
404,384,16,40
404,384,16,40
404,384,16,40
403,383,16,40
403,383,16,40
403,383,16,40
403,382,16,40
403,382,16,40
403,381,16,40
403,381,16,40
403,380,16,40
403,380,16,40
404,380,16,40
404,380,16,40
404,379,16,40
403,379,16,40
403,378,16,40
403,377,16,40
403,377,16,40
403,376,16,40
403,376,16,40
403,376,16,40
403,376,16,40
403,376,16,40
403,376,16,40
403,376,16,40
403,376,16,40
403,376,16,40
403,376,16,40
403,375,16,40
403,375,16,40
403,374,16,40
403,374,16,40
403,374,16,40
403,374,16,40
403,373,16,40
402,373,16,40
402,372,16,40
402,372,16,40
402,371,16,40
402,371,16,40
402,370,16,40
401,368,16,40
401,367,16,40
401,367,16,40
401,367,16,40
401,367,16,40
401,367,16,40
402,366,16,40
402,366,16,40
402,366,16,40
401,365,16,40
401,365,16,40
401,364,16,40
402,364,16,40
402,363,16,40
401,362,16,40
400,362,16,40
399,361,16,40
399,361,16,40
399,361,16,40
399,361,16,40
399,361,16,40
399,360,16,40
399,360,16,40
399,360,16,40
399,360,16,40
399,360,16,40
399,359,16,40
399,358,16,40
399,357,16,40
399,357,16,40
399,356,16,40
399,356,16,40
399,356,16,40
399,356,16,40
399,356,16,40
399,355,16,40
399,355,16,40
399,354,16,40
399,354,16,40
399,354,16,40
399,354,16,40
399,353,16,40
399,353,16,40
399,352,16,40
399,351,16,40
399,351,16,40
399,350,16,40
399,349,16,40
398,349,16,40
398,348,16,40
398,348,16,40
398,348,16,40
398,348,16,40
398,348,16,40
398,348,16,40
398,348,16,40
398,347,16,40
398,346,16,40
398,345,16,40
398,344,16,40
398,343,16,40
398,342,16,40
398,342,16,40
398,342,16,40
398,342,16,40
398,342,16,40
398,342,16,40
398,342,16,40
398,341,16,40
398,341,16,40
398,340,16,40
398,340,16,40
398,340,16,40
398,340,16,40
397,338,16,40
396,337,16,40
395,335,16,40
395,335,16,40
395,335,16,40
395,335,16,40
395,335,16,40
395,335,16,40
395,335,16,40
395,334,16,40
395,333,16,40
395,332,16,40
395,332,16,40
396,331,16,40
396,331,16,40
397,331,16,40
397,330,16,40
398,330,16,40
398,329,16,40
398,328,16,40
398,327,16,40
398,327,16,40
398,327,16,40
398,327,16,40
397,327,16,40
397,326,16,40
396,326,16,40
396,326,16,40
396,326,16,40
396,326,16,40
395,325,16,40
395,324,16,40
394,323,16,40
394,322,16,40
394,322,16,40
394,321,16,40
394,321,16,40
394,321,16,40
394,321,16,40
394,320,16,40
394,320,16,40
394,319,16,40
394,318,16,40
394,318,16,40
394,317,16,40
394,317,16,40
394,316,16,40
394,316,16,40
394,315,16,40
393,315,16,40
393,314,16,40
393,314,16,40
394,314,16,40
394,314,16,40
394,314,16,40
394,314,16,40
394,314,16,40
394,313,16,40
393,312,16,40
393,311,16,40
393,311,16,40
393,310,16,40
393,310,16,40
393,310,16,40
393,310,16,40
393,310,16,40
393,309,16,40
393,308,16,40
393,307,16,40
393,306,16,40
393,305,16,40
393,304,16,40
393,304,16,40
393,304,16,40
393,304,16,40
393,304,16,40
393,304,16,40
393,304,16,40
393,304,16,40
393,304,16,40
393,304,16,40
393,304,16,40
393,303,16,40
393,303,16,40
393,302,16,40
392,302,16,40
392,301,16,40
392,300,16,40
391,300,16,40
391,299,16,40
391,299,16,40
391,299,16,40
391,299,16,40
391,299,16,40
392,298,16,40
392,298,16,40
392,297,16,40
392,297,16,40
392,296,16,40
392,296,16,40
391,296,16,40
391,296,16,40
390,295,16,40
390,295,16,40
389,294,16,40
389,293,16,40
388,292,16,40
388,291,16,40
388,291,16,40
388,291,16,40
388,291,16,40
388,291,16,40
388,290,16,40
388,290,16,40
388,290,16,40
388,290,16,40
388,290,16,40
388,289,16,40
388,287,16,40
388,286,16,40
388,286,16,40
388,286,16,40
388,286,16,40
387,285,16,40
385,285,16,40
384,284,16,40
384,284,16,40
384,284,16,40
384,284,16,40
384,283,16,40
384,282,16,40
384,281,16,40
384,281,16,40
383,280,16,40
383,280,16,40
383,280,16,40
383,280,16,40
383,280,16,40
383,279,16,40
383,278,16,40
383,277,16,40
383,277,16,40
383,276,16,40
383,276,16,40
383,275,16,40
383,274,16,40
383,273,16,40
383,272,16,40
382,272,16,40
382,271,16,40
382,271,16,40
382,270,16,40
382,270,16,40
382,270,16,40
382,269,16,40
382,269,16,40
382,269,16,40
382,269,16,40
382,269,16,40
381,268,16,40
381,267,16,40
380,266,16,40
380,265,16,40
379,265,16,40
379,264,16,40
379,263,16,40
380,262,16,40
380,261,16,40
380,261,16,40
379,260,16,40
379,260,16,40
380,259,16,40
380,259,16,40
381,258,16,40
380,258,16,40
380,257,16,40
379,257,16,40
379,256,16,40
379,255,16,40
379,254,16,40
379,253,16,40
379,253,16,40
379,252,16,40
379,252,16,40
378,251,16,40
378,251,16,40
378,251,16,40
378,251,16,40
378,251,16,40
378,250,16,40
378,249,16,40
378,248,16,40
378,247,16,40
378,247,16,40
378,246,16,40
378,245,16,40
378,244,16,40
378,243,16,40
378,242,16,40
378,242,16,40
378,241,16,40
377,241,16,40
377,241,16,40
376,241,16,40
376,240,16,40
375,239,16,40
375,238,16,40
375,237,16,40
375,236,16,40
375,235,16,40
375,234,16,40
375,233,16,40
375,232,16,40
375,232,16,40
375,232,16,40
375,232,16,40
375,231,16,40
375,231,16,40
375,230,16,40
374,229,16,40
374,228,16,40
373,227,16,40
373,227,16,40
373,227,16,40
373,227,16,40
373,226,16,40
373,226,16,40
373,225,16,40
373,224,16,40
373,224,16,40
373,223,16,40
373,222,16,40
373,220,16,40
373,219,16,40
373,219,16,40
373,219,16,40
373,219,16,40
372,218,16,40
372,218,16,39
371,217,16,39
371,215,16,39
371,214,16,39
371,212,16,39
370,212,16,39
370,211,16,39
369,211,16,39
369,210,16,39
369,209,16,39
369,208,16,39
369,208,16,39
369,208,16,39
369,208,16,39
369,206,16,39
369,205,16,39
369,203,16,39
369,203,16,39
369,203,16,39
369,203,16,39
369,202,16,39
368,202,16,39
368,201,16,39
368,199,16,39
367,198,16,39
367,196,16,39
367,196,16,39
368,196,16,39
368,196,16,39
368,195,16,39
368,195,16,39
368,194,16,39
368,193,16,39
367,192,16,39
367,191,16,39
366,191,16,39
366,190,16,39
365,190,16,39
365,189,16,39
366,187,16,39
366,186,16,39
366,186,16,39
366,185,16,39
366,185,16,39
366,184,16,39
365,182,16,39
365,181,16,39
365,180,16,39
364,179,16,39
364,178,16,39
364,177,16,39
364,177,16,39
364,176,16,39
364,175,16,39
364,174,16,39
364,173,16,39
364,173,16,39
363,174,16,39
363,174,16,39
363,174,16,39
363,174,16,39
363,174,16,39
363,176,16,39
363,179,16,38
363,181,16,38
363,183,16,38
363,185,16,37
363,187,16,37
363,189,16,37
363,190,16,37
363,192,16,37
363,194,16,37
363,195,16,37
363,197,16,37
363,200,16,37
364,203,16,37
364,206,16,37
364,208,16,37
364,210,16,37
364,212,16,37
364,214,16,37
364,215,16,37
364,217,16,37
364,218,16,37
363,220,16,37
363,221,16,37
363,223,16,37
363,224,16,37
363,226,16,37
363,228,16,37
363,230,16,37
363,232,16,37
363,233,16,37
363,233,16,37
363,234,16,37
363,236,16,37
363,238,16,37
363,240,16,37
363,243,16,37
363,245,16,37
363,248,16,37
363,249,16,37
363,249,16,37
363,250,16,37
363,252,16,37
363,254,16,37
363,256,16,37
363,258,16,37
363,259,16,37
363,261,16,37
363,262,16,37
363,264,16,37
363,265,16,37
363,266,16,37
363,268,16,36
363,269,16,36
363,270,17,36
362,272,17,37
362,273,18,37
362,275,17,37
363,277,17,36
363,279,16,36
363,280,16,36
363,282,16,36
363,283,16,36
363,285,16,36
363,287,17,36
363,289,17,36
363,291,17,36
363,292,16,35
363,294,16,35
363,295,16,35
362,296,17,36
362,297,17,36
362,299,17,36
362,301,16,35
362,303,16,35
362,304,16,35
362,305,17,36
362,306,17,36
362,308,17,36
362,309,16,37
362,311,16,37
362,313,16,37
362,315,16,36
362,317,16,36
362,318,16,36
362,320,17,35
362,321,17,35
362,323,17,34
362,326,16,34
362,328,16,33
362,329,16,33
362,331,16,34
362,332,16,34
362,333,16,34
362,335,16,34
362,336,16,34
362,338,16,34
362,339,16,35
362,341,16,35
362,343,16,34
362,344,16,34
362,346,16,33
362,348,16,33
362,349,16,33
362,351,16,33
362,353,16,33
361,354,16,33
361,356,16,33
361,357,16,33
360,359,16,33
360,360,16,33
361,362,16,33
361,364,16,33
362,366,16,33
362,368,16,33
361,370,16,33
361,372,16,33
360,373,16,33
360,375,16,33
359,376,16,33
359,378,16,33
359,379,16,33
359,381,16,33
360,382,16,33
360,383,16,33
361,384,16,33
360,386,16,33
360,387,16,33
359,389,16,33
360,389,16,33
360,390,16,33
361,390,16,33
361,390,16,33
360,391,16,33
360,391,16,33
360,390,16,33
361,389,16,33
361,388,16,33
362,387,16,33
363,385,16,33
364,384,16,33
366,383,16,33
367,381,16,33
369,380,16,33
371,378,16,33
373,375,16,33
375,373,16,33
378,372,16,33
380,371,16,33
383,370,16,33
385,368,16,33
388,366,16,33
390,364,16,33
393,362,15,33
395,360,15,33
398,358,14,33
401,357,14,33
403,356,14,33
406,355,14,33
408,353,15,33
411,352,15,33
413,350,16,33
415,349,16,33
416,348,16,33
418,347,16,33
419,345,16,33
420,344,16,33
421,342,16,33
422,341,16,33
422,341,16,33
423,340,16,33
423,338,16,33
423,337,16,33
423,335,16,33
423,335,16,33
423,335,16,33
423,335,16,33
423,334,16,33
423,332,16,33
423,331,16,33
423,331,17,32
422,330,17,31
422,330,18,30
422,329,18,30
421,329,18,30
421,328,18,30
421,327,18,30
422,326,18,30
422,325,18,30
422,324,18,30
422,323,18,30
422,322,18,30
422,322,18,30
422,321,18,30
422,321,18,30
422,321,18,30
422,320,18,30
422,320,18,30
422,319,18,30
422,317,18,30
422,316,18,30
422,316,18,30
422,315,17,30
422,315,17,30
422,315,17,30
422,315,17,30
422,315,17,30
422,313,17,30
423,312,17,30
423,310,17,30
423,309,17,30
423,308,17,30
423,307,17,30
423,306,17,30
422,306,17,30
422,305,17,30
422,304,17,30
423,302,17,30
423,301,17,30
423,301,17,30
423,300,17,30
423,300,17,30
423,299,17,30
423,299,17,30
423,298,17,30
423,297,17,30
423,297,17,30
423,296,17,30
423,295,17,30
423,295,17,30
423,294,17,30
423,294,17,30
423,294,17,30
423,294,17,30
423,293,17,30
423,291,17,30
423,290,17,30
423,289,17,30
423,289,17,30
423,288,17,30
423,287,17,30
423,286,17,30
423,285,17,30
423,285,17,30
423,285,17,30
423,285,17,30
423,284,17,30
423,283,17,30
423,282,17,30
423,282,17,30
423,282,17,30
423,282,17,30
423,283,17,30
423,283,17,30
423,284,17,30
423,284,17,30
423,284,17,30
423,284,17,30
423,283,17,30
423,283,17,30
423,282,17,30
423,283,17,30
422,284,17,30
422,285,17,30
422,285,17,30
423,285,17,30
423,285,17,30
423,285,17,30
423,285,17,30
423,285,17,30
423,285,17,30
423,285,17,30
423,285,17,30
423,285,17,30
423,285,17,30
423,285,17,30
423,285,17,30
423,285,17,30
423,285,17,30
423,285,17,30
423,285,17,30
423,285,17,30
423,286,17,30
423,286,17,30
423,287,17,30
423,288,17,30
423,289,17,30
423,290,17,30
423,290,17,30
423,290,17,30
423,290,17,30
423,291,17,30
423,291,18,30
423,292,18,30
423,292,18,30
423,292,18,30
423,292,18,30
423,291,18,30
423,291,18,30
423,290,18,30
423,290,18,29
423,289,18,29
423,289,18,28
423,288,18,28
423,286,18,28
423,285,18,28
423,285,18,28
423,285,18,28
423,285,18,28
423,285,18,28
423,284,18,28
423,284,18,28
423,283,18,28
424,281,18,28
424,280,18,28
424,280,18,28
423,280,18,28
423,280,18,28
423,279,18,28
423,279,18,28
423,278,18,28
423,278,17,27
424,277,17,27
424,277,16,26
424,277,16,26
424,277,16,26
424,277,16,26
424,278,16,26
424,279,16,26
424,280,16,26
424,282,16,26
424,283,16,26
424,285,16,26
424,287,16,26
423,290,16,26
423,292,16,26
423,295,16,26
423,299,16,26
423,302,16,26
423,303,16,26
423,304,16,26
423,305,16,26
423,308,16,26
423,311,16,26
423,314,16,26
423,315,16,26
422,315,16,26
422,316,16,26
422,318,16,26
422,319,16,26
422,321,16,26
422,321,16,26
422,322,16,26
422,322,16,26
422,323,16,26
423,325,16,26
423,326,16,26
423,327,16,26
422,327,16,26
422,328,16,26
422,328,16,26
422,328,16,26
422,328,16,26
422,327,16,26
422,327,16,26
422,326,16,26
422,326,16,26
422,326,16,26
422,326,16,26
422,326,16,26
422,326,16,26
422,326,16,26
422,326,16,26
422,326,16,26
422,326,16,26
422,326,16,26
422,326,16,26
422,326,16,26
422,327,16,26
422,328,16,26
422,329,16,26
422,330,16,27
421,332,16,27
421,333,16,28
421,334,16,28
422,335,16,28
422,336,16,28
422,337,16,28
421,337,16,28
421,338,16,28
421,339,16,28
420,340,16,28
420,341,16,28
421,342,16,28
421,342,15,27
422,343,15,27
422,344,15,27
421,345,16,28
421,346,16,28
421,347,16,27
420,347,17,27
420,348,17,26
420,349,17,26
420,351,17,26
420,352,17,26
420,353,17,26
420,354,17,26
420,355,17,26
420,355,17,26
421,355,17,26
421,355,17,26
421,356,17,26
420,356,17,26
420,357,17,26
420,358,17,26
421,358,17,26
421,359,17,26
420,360,17,26
419,361,17,26
418,362,17,26
419,362,17,26
420,363,17,26
421,363,17,26
421,364,17,27
421,365,16,27
421,366,16,28
421,367,16,27
420,367,17,27
420,368,17,26
420,369,17,26
421,369,17,26
421,370,17,26
421,371,17,26
420,373,17,26
420,374,17,26
420,374,17,26
421,374,17,26
421,374,17,26
421,375,17,26
420,376,17,26
420,377,17,26
421,378,16,26
421,378,15,26
422,379,14,26
422,380,15,26
421,380,15,26
421,381,16,26
421,381,16,25
422,382,15,25
422,382,15,24
422,383,15,24
422,385,15,24
422,386,15,24
422,387,15,24
422,388,15,24
422,389,15,24
422,389,15,24
423,390,15,24
423,390,15,24
423,390,15,24
423,390,15,24
423,390,15,24
423,391,15,24
423,392,15,24
423,393,15,24
423,393,15,24
423,393,15,24
423,393,15,24
423,393,15,24
423,393,15,24
423,393,15,24
423,393,15,24
423,393,15,24
423,393,15,24
423,393,15,25
422,393,16,27
422,393,16,28
422,394,16,27
423,396,15,25
423,397,15,24
423,398,15,24
423,398,15,24
423,399,15,24
423,399,15,24
423,399,15,24
423,399,15,24
423,399,15,24
423,399,15,24
423,399,15,24
423,400,15,24
423,401,15,24
423,402,15,24
423,403,15,24
422,403,15,24
422,404,15,24
422,405,15,24
422,405,15,24
422,406,15,24
422,406,15,24
422,406,15,24
422,406,15,24
422,406,15,24
421,407,15,24
421,407,15,24
421,408,15,24
421,409,15,24
421,410,15,24
421,411,15,24
420,411,15,24
420,412,15,24
420,412,15,24
420,412,15,24
420,412,15,24
420,412,15,24
420,412,15,24
420,412,15,24
420,412,15,24
419,413,15,24
419,413,15,24
419,413,15,24
419,413,15,24
419,413,15,24
419,414,15,24
420,415,15,24
420,416,15,24
420,416,15,24
420,416,15,24
420,416,15,24
421,416,15,24
421,417,15,24
422,417,15,24
422,418,15,24
422,418,15,24
422,419,15,24
422,419,15,24
422,419,15,24
422,419,15,24
422,419,15,24
422,419,15,24
422,419,15,24
422,420,15,24
422,420,15,24
422,421,15,24
422,422,15,24
422,423,15,24
422,424,15,24
422,424,15,24
422,424,15,24
422,424,15,24
422,424,15,24
422,424,15,24
422,424,15,24
422,424,15,24
422,424,15,24
422,424,15,24
422,424,15,24
422,424,15,24
422,424,15,24
422,423,15,24
422,423,15,24
422,422,15,24
422,422,15,24
422,422,15,24
422,422,15,24
422,422,15,24
422,422,15,24
422,422,15,24
422,421,15,25
422,421,15,25
422,420,15,26
422,420,15,26
422,420,15,26
422,420,15,26
422,420,15,26
422,419,15,26
422,419,15,26
421,419,15,26
421,418,15,26
420,418,15,26
420,418,15,26
420,417,15,26
420,417,15,26
420,417,15,26
420,417,15,26
420,417,15,26
420,417,15,26
420,418,15,26
420,418,15,26
419,418,15,26
419,417,15,26
418,417,15,26
418,417,15,26
418,417,15,26
418,417,15,26
418,417,15,26
418,417,15,26
418,417,15,26
418,417,15,26
418,417,15,26
418,417,15,26
418,417,15,26
418,417,15,26
418,417,15,26
417,417,15,26
417,417,15,26
416,417,15,26
416,417,15,26
416,416,15,26
416,416,15,26
416,416,15,26
416,416,15,26
416,416,15,26
416,416,15,26
416,415,15,26
416,415,15,26
416,415,15,26
416,415,15,26
416,415,15,26
416,415,15,26
416,415,15,26
416,415,15,26
416,415,15,26
416,415,15,26
416,415,15,26
416,415,15,26
416,415,15,26
416,415,15,26
416,415,15,26
416,415,15,26
416,415,15,26
416,415,15,26
416,415,15,26
416,415,15,26
416,415,15,26
416,415,15,26
416,415,15,26
416,415,15,26
416,415,15,26
416,415,15,26
416,415,15,26
416,415,15,26
416,415,15,26
416,414,15,27
416,414,15,27
416,413,15,28
416,413,15,28
416,413,15,28
416,413,15,28
416,413,15,28
416,413,15,28
416,413,15,28
416,413,15,28
416,413,15,28
416,413,15,28
416,413,15,28
416,413,15,28
416,413,15,28
415,413,15,28
414,414,15,28
413,414,15,28
413,414,15,28
413,414,15,28
413,414,15,28
413,414,15,28
413,414,15,28
413,414,15,28
413,414,15,28
413,414,15,28
413,414,15,28
412,414,16,28
412,414,16,28
411,414,17,28
411,414,17,28
411,414,17,28
411,414,17,28
410,414,17,28
410,414,17,28
409,414,17,28
409,414,17,28
408,415,17,28
408,415,17,28
408,415,17,28
408,415,17,28
408,415,17,28
408,415,17,28
408,415,17,28
408,415,17,28
408,415,17,28
408,415,17,28
408,415,17,28
408,415,17,28
408,415,17,28
408,415,17,28
408,415,17,28
408,415,17,28
408,415,17,28
408,415,17,28
408,415,17,28
408,415,17,28
408,415,17,28
408,415,17,28
408,415,17,28
408,415,17,28
407,416,17,28
407,416,17,28
407,416,17,28
407,416,17,28
407,416,17,28
407,417,17,27
406,417,18,26
406,418,18,25
405,418,18,25
404,419,18,25
403,419,18,25
403,419,18,25
403,419,18,25
403,419,18,25
403,420,18,25
402,420,18,25
402,421,18,25
402,421,18,25
402,421,18,25
402,421,18,25
402,421,18,25
402,421,18,25
402,421,18,25
402,421,18,25
402,421,18,25
402,421,18,25
402,421,18,25
401,422,18,25
401,422,18,25
400,422,18,25
400,422,18,26
399,422,18,26
399,422,18,27
399,421,18,27
399,421,18,28
399,421,18,28
399,421,18,28
399,421,18,28
398,421,18,28
398,422,18,28
397,422,18,28
397,422,18,28
397,422,18,28
397,422,18,28
397,422,18,28
396,423,18,28
396,423,18,28
396,423,18,28
396,423,18,28
396,423,18,28
395,423,18,28
395,423,19,28
394,423,19,28
394,423,19,28
394,423,18,28
394,423,18,28
394,424,18,28
393,424,18,28
393,425,18,28
393,425,18,28
392,425,19,28
392,425,19,28
391,425,19,28
390,426,19,28
389,426,19,28
389,426,19,28
389,426,19,28
389,426,19,28
389,426,19,28
389,426,19,28
389,426,19,28
389,427,19,28
388,427,19,28
388,428,19,28
388,428,19,28
388,428,19,28
388,428,19,28
388,428,19,28
388,428,19,28
388,428,19,28
387,428,19,28
387,428,18,28
386,428,18,28
385,429,18,28
385,429,18,28
384,430,18,28
384,430,18,28
384,430,18,28
384,430,18,28
383,431,18,28
383,431,18,28
382,432,18,28
382,432,18,28
382,432,18,28
382,432,18,28
381,432,18,28
381,432,18,28
380,432,18,28
379,433,18,28
379,433,18,28
378,434,18,28
378,435,18,28
377,436,18,28
377,437,18,28
377,436,18,28
377,436,18,28
377,435,18,28
377,435,18,28
377,435,18,28
377,435,18,28
376,435,18,28
374,435,18,28
373,435,18,28
373,435,18,28
373,435,18,28
373,435,18,28
372,435,18,28
372,435,18,28
371,435,18,28
371,434,18,29
371,433,18,30
371,432,18,31
371,432,18,31
370,433,18,30
370,433,18,30
369,433,18,30
368,432,18,30
367,432,18,30
367,431,18,31
367,431,18,32
367,430,18,33
366,430,18,32
366,430,18,32
365,430,18,31
364,429,18,31
364,428,18,31
363,427,18,31
363,427,18,31
362,427,18,31
362,427,18,31
362,427,18,31
361,426,18,31
361,426,18,31
360,426,18,31
360,426,18,31
359,426,18,31
358,425,18,31
358,425,18,31
357,424,18,31
357,424,18,31
357,424,18,31
357,424,18,31
356,425,18,31
356,426,18,31
355,427,18,31
354,428,18,31
353,429,18,31
352,430,18,31
351,429,18,32
351,429,18,32
350,428,18,33
350,429,18,33
349,429,18,33
349,430,18,33
348,431,18,33
348,433,18,33
347,434,18,33
347,435,18,33
346,436,18,33
346,437,18,33
345,437,18,33
343,438,18,33
342,438,18,33
341,439,19,33
341,441,19,34
340,442,20,34
339,442,20,34
339,443,20,34
338,443,20,34
337,444,20,34
337,444,20,34
336,445,20,34
336,446,20,34
336,446,20,34
336,447,20,34
335,448,20,34
333,450,20,34
332,451,20,34
332,452,20,34
331,452,20,34
331,453,20,34
330,455,19,34
330,456,19,34
329,458,18,34
328,459,18,34
327,460,19,34
326,461,19,34
326,462,19,34
326,462,19,34
326,463,19,34
325,465,19,34
323,466,19,34
322,468,19,34
321,469,19,34
321,470,19,34
320,471,19,34
319,472,19,34
319,474,19,34
318,475,19,34
317,476,21,35
316,476,22,37
315,477,24,38
314,478,24,38
314,480,25,39
313,481,25,39
313,482,25,39
312,484,24,38
312,485,24,38
312,486,24,38
311,487,24,39
311,488,24,39
312,489,25,39
312,489,25,40
313,490,26,40
315,491,26,40
317,491,26,40
319,492,26,40
321,492,26,40
324,493,26,41
326,493,26,41
329,494,26,41
331,494,25,41
334,495,25,41
336,496,24,41
337,497,24,42
339,498,23,42
339,499,23,42
340,500,24,42
340,501,24,42
340,504,24,41
340,507,25,40
340,510,25,39
340,510,25,40
339,510,26,42
339,510,26,43
339,511,26,42
339,513,26,40
339,514,26,39
340,515,26,39
341,517,26,39
342,518,26,39
342,519,26,39
343,519,26,39
343,520,26,39
344,520,27,39
346,521,27,39
347,521,28,39
349,522,28,39
352,522,28,39
354,523,28,39
357,524,28,39
361,525,28,39
364,526,28,39
367,526,28,39
371,525,28,40
374,525,28,40
379,525,28,40
383,525,28,40
388,525,28,40
391,526,28,40
395,526,28,40
398,527,28,40
401,527,28,40
404,528,28,40
407,528,28,40
410,529,28,40
412,529,28,40
415,530,28,40
416,531,28,40
416,533,28,40
417,534,28,40
418,535,28,40
419,537,28,40
420,538,28,40
419,539,28,41
418,540,28,42
417,541,28,43
416,542,29,43
414,544,30,44
413,545,31,44
412,547,31,44
411,549,31,44
410,551,31,44
409,552,31,44
408,554,31,44
407,555,31,44
406,556,31,44
406,557,31,44
405,558,31,44
403,561,31,44
401,563,31,44
399,566,31,44
399,568,31,44
399,569,31,44
399,571,31,44
398,573,31,44
397,575,31,44
396,577,31,44
395,578,31,46
394,578,31,47
393,579,31,49
392,581,31,49
392,582,31,49
391,584,31,49
390,586,31,49
390,588,31,49
389,590,31,49
389,591,31,49
388,593,31,49
388,594,31,49
387,595,31,49
385,597,31,49
384,598,31,49
384,600,31,49
383,602,31,49
383,604,31,49
383,605,31,49
382,606,31,49
382,607,31,49
381,609,31,49
380,610,31,49
379,612,31,49
378,613,31,49
377,615,31,49
376,616,31,49
375,617,31,50
374,617,31,52
373,618,31,53
373,619,31,52
373,620,31,51
373,621,31,50
373,622,31,50
372,624,32,50
372,625,32,50
372,626,32,50
371,627,32,50
371,628,32,50
370,628,32,50
370,628,33,50
369,628,33,50
368,629,33,50
367,629,33,50
366,630,33,50
365,630,34,50
363,631,35,50
362,631,36,50
362,631,36,51
362,631,36,53
362,631,36,54
361,631,36,54
360,631,36,54
359,631,36,54
359,631,36,54
359,631,36,54
359,631,36,54
358,632,36,54
357,633,36,54
356,634,36,54
356,634,36,54
356,634,36,54
356,634,36,54
356,634,36,54
356,634,36,54
356,634,36,54
355,632,36,54
353,630,36,54
352,628,36,54
352,627,36,54
352,626,36,54
352,625,36,54
352,624,36,54
352,622,36,54
352,621,36,54
352,619,36,54
352,617,36,54
352,615,36,54
352,613,36,54
351,611,36,54
351,609,36,54
350,607,36,54
350,606,36,54
349,604,36,54
349,603,36,54
349,602,36,54
349,601,36,54
349,600,36,54
349,599,36,54
349,598,36,54
349,595,36,55
349,593,36,56
349,590,36,57
349,589,36,57
348,588,36,57
348,587,36,57
348,587,36,57
348,587,36,57
348,587,36,57
348,584,36,57
349,581,36,57
349,578,36,57
349,577,36,57
349,575,36,57
349,574,36,57
349,572,36,57
348,571,36,57
348,569,36,57
348,567,36,57
349,564,36,57
349,562,36,57
349,559,36,57
349,557,36,57
349,554,36,57
350,552,36,57
351,549,36,57
352,547,36,57
352,545,36,57
352,543,36,57
352,541,36,57
352,538,36,57
352,536,36,57
352,533,36,57
352,530,36,57
353,527,36,57
353,524,36,57
354,522,36,56
354,521,36,56
355,519,36,55
355,517,36,55
354,515,36,55
354,513,36,55
355,511,36,55
356,509,36,55
357,507,36,55
357,505,36,55
357,502,36,55
357,500,36,55
357,498,36,55
357,495,36,55
357,493,36,55
