509,184,135,98
509,184,135,98
509,184,135,98
509,184,135,98
509,184,135,98
509,184,135,98
509,184,135,98
508,184,135,98
508,184,135,98
507,184,135,98
507,184,135,98
507,184,135,98
507,184,135,98
507,184,135,98
506,183,135,98
506,183,135,98
505,183,135,99
505,183,135,99
504,183,135,100
504,183,135,100
503,183,135,100
503,183,135,100
503,183,135,100
503,183,135,100
503,183,135,100
502,183,136,100
501,183,137,101
500,183,138,101
500,183,138,101
500,183,138,101
500,183,138,101
499,183,139,101
499,183,139,101
498,183,140,101
498,183,140,101
498,183,140,101
498,183,140,101
498,183,140,102
498,183,140,102
498,183,140,103
498,183,140,103
497,183,141,103
497,183,141,103
497,184,141,103
496,184,142,103
496,185,142,103
496,185,142,103
496,185,142,103
496,185,142,103
495,185,143,103
495,185,143,103
494,185,144,103
494,185,145,103
493,185,145,103
493,185,146,103
493,185,146,103
493,185,146,103
493,185,146,103
493,185,146,103
493,185,146,104
493,185,146,104
493,185,147,104
493,186,148,103
493,186,149,103
493,186,149,103
493,186,149,103
493,186,149,103
493,186,150,103
493,186,150,103
493,186,151,103
493,186,151,103
493,186,152,103
493,186,152,103
493,186,152,104
493,186,153,104
493,186,153,105
493,186,153,105
493,186,153,106
493,186,153,106
493,186,153,106
494,186,153,106
494,186,153,106
494,186,153,106
494,186,154,107
494,186,154,107
494,186,154,107
495,186,154,107
495,186,154,107
496,186,155,107
496,186,155,107
497,186,156,107
497,186,157,107
497,186,157,108
497,186,158,108
497,186,158,108
497,186,158,108
497,186,158,108
498,186,158,108
498,186,158,108
499,186,158,108
500,186,158,108
500,186,158,108
501,186,158,108
502,186,158,108
502,186,158,109
503,186,158,109
503,187,158,109
504,187,158,109
504,188,158,109
504,188,159,109
504,188,159,109
504,188,160,109
505,188,160,109
506,188,160,109
507,188,160,109
507,188,160,109
508,189,160,109
508,189,160,109
509,189,160,109
509,189,160,109
510,189,160,109
511,189,160,109
512,189,160,109
513,189,160,109
513,189,160,109
514,189,160,110
514,189,160,110
515,189,160,110
515,189,160,110
516,189,160,110
517,189,160,110
517,189,160,110
518,189,160,110
519,189,160,111
519,189,160,111
520,189,160,112
521,189,160,112
521,189,160,113
522,189,160,113
522,189,160,113
523,189,160,113
523,189,160,113
523,189,160,113
524,189,160,114
524,189,160,114
525,189,160,114
526,190,160,114
527,190,160,114
527,190,160,114
528,191,160,114
528,191,160,114
529,192,160,114
529,192,160,114
530,193,160,114
531,193,160,115
531,193,161,115
532,193,161,116
533,193,161,116
533,193,161,117
534,193,161,117
534,193,161,117
534,194,161,118
534,194,161,118
535,195,161,118
536,195,162,119
537,196,162,119
538,197,162,119
538,197,162,119
539,198,162,119
540,198,161,119
541,198,161,120
542,198,160,120
542,199,160,120
542,201,160,120
542,202,160,120
542,203,160,120
543,204,160,120
543,205,160,120
543,206,160,120
544,207,160,120
544,208,160,120
545,209,160,120
547,210,160,120
548,211,160,120
548,212,160,121
547,212,160,121
547,213,160,122
547,214,160,122
548,215,160,123
548,216,160,123
549,217,160,124
550,218,160,124
551,219,160,125
551,220,160,125
552,222,160,125
552,223,160,125
552,225,160,125
553,226,160,126
553,228,160,126
553,230,161,127
553,231,161,127
553,233,162,128
554,234,162,128
554,236,162,128
555,237,162,128
555,238,162,129
556,238,162,130
556,239,162,131
557,241,162,131
557,242,162,131
558,244,162,131
558,245,162,131
559,247,162,131
559,248,162,131
560,250,162,131
561,251,162,131
562,253,162,131
562,253,162,132
562,254,162,133
562,254,162,134
562,255,162,134
563,257,162,134
563,258,162,134
565,259,161,135
566,260,159,135
568,261,158,136
568,262,158,137
568,262,158,137
568,263,158,138
568,264,158,138
568,266,158,138
568,267,158,138
568,268,158,138
569,269,158,138
569,270,158,138
570,271,158,138
570,272,158,138
571,273,158,138
572,274,158,138
572,274,158,138
573,275,158,138
573,276,158,138
573,277,158,139
573,278,158,139
574,279,158,139
574,280,158,139
575,281,158,139
576,282,158,139
576,283,158,139
577,284,158,139
578,285,158,140
578,286,158,140
579,287,158,141
580,287,157,142
582,288,156,142
583,288,155,143
583,289,155,143
584,290,155,143
584,291,155,143
586,292,154,143
587,293,154,143
589,294,153,143
590,295,153,143
590,297,153,143
591,298,153,143
591,298,153,144
592,298,153,144
592,298,153,145
594,299,153,146
595,299,152,146
597,300,152,147
597,301,152,147
597,302,153,147
597,303,153,147
598,303,153,147
598,303,153,148
599,303,153,148
600,304,153,148
602,305,153,148
603,306,153,148
603,306,153,148
604,307,153,148
604,307,153,148
605,307,153,148
605,308,153,149
606,308,153,149
607,308,153,149
607,309,153,149
608,309,153,149
608,309,153,149
608,310,153,149
608,310,153,149
608,311,154,150
608,311,156,150
608,312,157,151
608,312,157,151
608,313,157,151
608,313,157,151
608,313,157,151
609,314,157,152
609,314,157,152
610,315,157,152
610,315,157,152
611,316,157,152
611,317,157,152
611,317,157,153
611,318,157,153
611,318,157,154
611,318,157,154
611,318,157,155
611,318,157,156
611,319,158,156
611,319,158,157
611,320,158,157
611,320,158,158
611,321,158,158
611,322,159,158
612,323,160,158
612,324,161,158
612,324,161,159
612,324,162,159
612,324,162,160
613,325,162,160
613,326,162,161
614,327,162,161
615,327,162,161
615,328,162,161
616,328,162,161
616,329,162,161
616,330,163,161
616,331,163,161
617,332,164,162
617,332,164,163
618,333,165,164
618,333,165,165
619,333,165,166
619,333,165,167
620,334,165,167
621,336,165,167
622,337,165,167
623,338,165,167
623,338,165,168
624,339,165,168
625,340,165,168
626,342,165,168
627,343,165,168
627,343,166,169
628,343,167,171
628,343,168,172
629,344,168,172
630,344,168,173
631,345,168,173
632,346,169,174
632,347,170,174
633,348,171,175
634,349,171,175
634,349,171,175
635,350,171,175
636,351,171,175
637,352,171,176
638,353,171,176
639,353,172,177
639,354,172,177
640,354,173,178
641,355,173,178
642,357,173,178
643,358,173,178
644,358,174,179
644,359,174,180
645,359,175,181
646,360,175,181
647,360,175,181
648,361,175,181
648,362,176,182
649,362,177,182
649,363,178,183
650,365,178,183
652,366,179,184
653,368,179,184
653,368,180,185
653,368,181,186
653,368,182,187
655,368,182,188
656,368,182,190
658,368,182,191
658,369,182,191
659,369,182,192
659,370,182,192
660,370,182,193
661,371,183,193
662,371,183,194
662,371,184,195
662,371,186,197
662,371,187,198
663,372,187,198
665,372,187,198
666,373,187,198
666,374,187,199
667,375,188,199
667,376,188,200
667,376,189,201
667,376,191,202
667,376,192,203
668,376,192,204
669,377,192,205
670,377,192,206
671,377,192,207
672,378,192,208
673,378,192,209
673,378,193,209
673,378,194,210
673,378,195,210
674,378,195,211
675,378,195,212
676,378,195,213
676,378,196,213
676,379,197,213
676,379,198,213
676,380,198,213
677,380,198,213
677,381,198,213
678,381,198,214
680,381,198,215
681,381,198,216
681,382,199,216
681,383,199,216
681,384,200,216
682,384,200,216
682,385,200,216
683,385,200,216
683,385,200,216
683,385,200,217
683,385,200,217
684,385,201,217
685,385,202,218
686,385,203,218
686,385,203,218
687,385,203,218
687,385,203,218
687,385,203,218
688,385,203,218
688,385,203,218
688,385,203,218
688,385,204,218
688,385,204,218
688,385,204,218
689,384,204,218
689,384,204,218
689,383,204,219
689,383,204,220
689,382,204,221
690,382,204,221
690,382,204,221
691,382,204,221
691,382,204,221
691,382,204,221
691,382,204,221
692,381,204,221
692,379,204,221
693,378,204,221
693,378,204,221
693,378,204,221
693,378,204,221
693,376,204,221
693,375,204,221
693,373,204,221
693,373,204,220
693,373,204,219
693,373,204,218
693,372,204,218
694,372,204,218
694,371,204,218
694,370,204,217
694,370,204,216
694,369,204,215
695,368,204,215
695,368,204,215
696,367,204,215
696,367,203,213
697,367,203,212
697,367,202,210
697,367,202,210
697,367,202,210
697,367,202,210
697,365,202,210
698,362,202,210
698,360,202,210
698,360,202,209
698,360,202,207
698,360,202,206
698,359,202,206
698,358,202,206
698,357,202,206
698,356,201,206
698,354,201,206
698,353,200,206
698,353,199,205
698,353,199,203
698,353,198,202
698,352,198,202
698,351,198,202
698,350,198,202
698,349,198,201
698,349,197,200
698,348,197,199
698,348,197,198
698,347,197,198
698,347,197,197
699,345,196,197
699,344,194,197
700,342,193,197
700,342,193,197
700,342,193,197
700,342,193,197
699,342,193,195
699,342,193,194
698,342,193,192
698,341,193,192
698,341,193,192
698,340,193,192
698,339,193,192
698,338,193,192
698,337,193,192
698,337,193,192
698,337,193,192
698,337,193,192
698,336,192,192
698,335,192,192
698,334,191,192
698,334,191,192
697,333,191,192
697,333,191,192
697,333,191,192
696,333,191,192
696,333,191,192
695,332,191,192
694,332,191,192
693,331,191,192
693,331,191,192
693,331,191,192
693,331,191,192
692,331,191,192
692,331,191,192
691,331,191,192
690,331,191,192
689,331,191,192
688,331,191,192
688,331,191,192
687,331,191,192
687,331,191,192
687,331,191,192
686,331,191,192
686,331,191,192
685,331,191,192
684,332,191,192
683,332,191,192
682,332,192,192
681,332,193,192
680,332,194,192
679,332,194,192
679,333,194,192
678,333,194,192
677,333,194,192
676,333,194,192
675,333,194,192
674,333,194,192
674,333,195,192
673,333,195,192
672,333,195,192
672,333,195,193
671,333,195,193
670,333,196,193
669,333,196,193
668,333,197,193
667,333,197,194
667,333,197,194
666,333,197,195
665,333,197,195
664,333,197,195
663,333,197,195
662,332,198,196
660,331,198,197
659,330,199,198
659,330,199,198
658,330,200,198
658,330,200,198
656,330,200,198
655,330,200,198
653,330,200,198
653,330,200,198
653,330,201,199
653,330,201,199
653,330,201,199
653,330,201,199
653,330,201,199
653,330,201,199
653,330,201,199
653,330,201,199
653,330,201,199
652,329,202,199
652,329,202,199
651,329,203,199
650,328,203,199
649,328,204,199
647,328,205,199
646,328,207,200
644,328,208,200
643,328,208,200
642,328,208,200
641,328,208,200
640,328,208,201
638,328,208,201
637,328,208,202
636,327,208,203
636,326,208,203
635,325,208,204
633,325,209,205
632,325,210,206
630,325,211,207
629,325,211,207
629,325,211,208
628,325,211,208
628,325,211,208
628,325,211,209
628,325,211,209
628,325,211,209
628,325,211,210
628,325,211,210
628,325,211,210
628,325,211,210
628,325,211,210
628,325,212,211
628,325,214,211
628,325,215,212
628,325,216,212
629,325,217,212
629,325,218,212
630,325,219,212
632,325,219,212
633,325,220,212
635,325,220,212
636,325,220,213
638,325,220,213
640,324,220,213
642,324,220,214
644,323,220,214
646,323,221,215
648,323,222,215
650,323,223,216
652,323,223,216
654,323,223,216
656,323,223,216
659,323,224,216
662,322,224,217
665,322,225,217
668,322,225,217
670,322,225,217
673,322,225,217
676,322,226,217
678,322,227,218
681,322,228,218
683,322,229,218
686,322,229,219
688,322,230,219
690,322,230,219
693,322,230,219
695,322,230,219
698,322,230,219
700,322,230,220
703,322,230,220
705,322,232,220
706,322,233,220
708,322,235,220
710,321,235,222
713,319,235,224
715,318,235,226
716,317,237,227
718,316,238,227
719,315,240,228
721,315,241,229
724,315,242,229
726,315,243,230
727,315,245,231
727,315,246,231
728,315,248,232
730,315,248,232
732,315,249,233
734,315,249,233
734,315,252,233
734,315,254,233
734,315,257,233
734,315,258,233
733,314,259,234
733,314,260,234
730,314,261,235
726,313,261,235
723,313,262,236
717,313,264,237
710,312,266,237
704,312,268,238
697,312,269,238
691,312,269,238
684,312,270,238
676,312,271,238
667,313,272,238
659,313,273,238
650,312,274,240
640,310,276,241
631,309,277,243
622,310,278,243
612,310,280,243
603,311,281,243
592,310,283,245
581,310,285,246
570,309,287,248
561,310,288,248
553,310,289,248
544,311,290,248
535,310,292,250
525,310,295,252
516,309,297,254
507,310,300,254
497,312,302,254
488,313,305,254
481,312,307,257
475,311,309,260
468,310,311,263
462,311,314,265
457,312,316,268
451,313,319,270
448,313,322,271
446,314,325,272
443,314,328,273
444,315,331,274
445,317,334,275
446,318,337,276
447,318,339,279
449,318,341,282
450,318,343,285
451,318,346,287
452,318,349,288
453,318,352,290
454,318,354,291
456,319,356,292
457,319,358,293
457,319,360,295
458,319,363,296
458,319,365,298
459,319,366,299
461,319,368,299
462,319,369,300
463,319,370,300
465,319,372,300
466,319,373,300
466,319,375,301
466,319,377,302
466,319,379,303
467,318,380,304
467,316,382,306
468,315,383,307
469,315,384,307
470,315,385,307
471,315,386,307
471,315,388,307
471,315,390,307
471,315,392,307
472,314,392,307
474,314,392,307
475,313,392,307
476,313,392,307
477,312,392,308
478,312,392,308
479,311,392,308
480,310,392,308
481,309,392,308
481,309,393,308
481,309,395,308
481,309,396,308
482,307,396,308
482,305,396,308
483,303,396,308
485,302,396,308
486,301,396,308
488,300,396,308
488,300,396,308
488,300,396,308
488,300,396,308
489,299,396,308
490,297,396,308
491,296,396,308
491,296,397,307
492,296,397,305
492,296,398,304
493,295,398,304
493,294,398,304
494,293,398,304
495,294,398,303
497,294,398,301
498,295,398,300
499,294,398,300
500,293,398,300
501,292,398,300
501,290,398,300
502,289,398,300
502,287,398,300
502,287,398,299
503,287,398,297
503,287,398,296
504,286,398,296
504,284,398,296
505,283,398,296
506,283,397,295
507,283,397,293
508,283,396,292
508,283,396,291
508,283,396,289
508,283,396,288
509,283,396,287
510,283,396,286
511,283,396,285
512,282,395,285
512,280,394,284
513,279,393,284
513,279,393,283
513,278,393,283
513,278,393,282
514,277,393,281
514,277,393,281
515,276,393,280
515,275,393,280
515,275,393,280
515,274,393,280
516,274,392,279
516,273,391,279
517,273,390,278
517,273,389,277
517,273,389,276
517,273,388,275
517,272,387,274
518,271,387,274
518,270,386,273
518,269,386,272
518,269,386,272
518,268,386,271
518,268,384,271
518,268,383,271
518,268,381,271
517,267,381,270
515,267,382,269
514,266,382,268
514,265,381,268
514,265,381,268
514,264,380,268
514,264,379,267
514,263,377,267
514,263,376,266
514,262,375,265
514,260,374,264
514,259,373,263
513,259,373,262
512,258,373,262
511,258,373,261
510,258,373,261
508,258,373,261
507,258,373,261
506,258,372,261
504,258,372,261
503,258,371,261
503,257,370,261
502,255,369,261
502,254,368,261
501,254,367,260
500,254,366,259
499,254,365,258
498,254,365,257
496,253,364,257
495,253,364,256
494,252,363,256
492,252,363,256
491,251,362,256
490,251,361,256
489,252,360,256
488,252,359,256
487,252,358,256
485,252,357,256
484,252,356,256
483,251,355,256
482,250,353,256
481,249,352,256
479,250,352,255
478,250,352,255
476,251,352,254
475,251,350,254
474,251,349,254
473,251,347,254
471,251,347,254
470,251,347,254
468,251,347,254
466,251,346,254
465,251,346,254
463,251,345,254
462,251,344,254
461,252,342,254
460,252,341,254
459,252,340,254
457,252,340,254
456,252,339,254
455,252,338,254
453,253,338,254
452,253,337,254
450,254,337,254
449,255,337,254
447,256,337,254
446,257,337,255
444,257,336,256
443,258,336,257
442,259,335,258
441,260,334,258
440,261,333,259
439,262,333,260
438,262,333,262
437,263,333,263
436,265,332,263
434,268,331,263
433,270,330,263
432,272,329,263
430,273,329,264
429,275,328,264
428,277,327,265
427,278,326,266
426,280,325,267
425,281,325,268
424,282,325,270
423,283,325,271
423,285,324,271
422,288,324,271
422,290,323,271
422,292,323,272
421,293,323,273
421,295,323,274
421,297,323,276
421,298,323,277
421,300,323,279
421,302,323,279
421,305,323,279
421,307,323,279
421,309,323,279
422,311,323,279
422,313,323,279
422,315,324,282
422,316,325,285
422,318,326,288
422,320,327,289
422,321,327,290
422,323,328,291
422,325,329,293
423,326,331,294
423,328,332,296
423,330,333,297
423,332,333,298
423,334,334,299
423,337,335,300
423,339,337,302
423,342,338,303
424,343,338,304
426,345,338,304
427,346,338,305
427,347,339,307
428,347,340,308
428,348,341,310
428,348,342,311
428,348,343,312
428,348,344,313
429,346,344,315
431,345,344,316
432,343,344,318
432,343,345,319
433,342,345,319
433,342,346,320
433,342,347,320
433,342,348,320
433,342,349,320
434,340,350,323
434,338,352,325
435,336,353,328
436,336,353,328
436,336,353,328
437,336,353,328
438,334,355,331
438,331,357,335
439,329,359,338
441,328,360,340
442,326,362,342
444,325,363,344
446,325,364,344
448,325,364,344
450,325,365,344
453,322,365,348
457,320,365,353
460,317,365,357
463,316,366,358
466,314,367,359
469,313,368,360
472,312,369,361
475,312,370,362
478,311,371,363
482,310,371,367
485,308,371,371
489,307,371,375
491,304,372,378
493,302,374,382
495,299,375,385
497,299,376,387
500,298,377,388
502,298,378,390
504,296,379,393
506,295,381,395
508,293,382,398
510,292,383,400
512,291,383,401
514,290,384,403
516,289,384,406
518,287,385,410
520,286,385,413
522,285,385,414
524,283,386,416
526,282,386,417
528,281,386,418
530,279,386,419
532,278,386,420
534,278,386,422
535,277,386,423
537,277,386,425
537,272,387,429
537,268,389,432
537,263,390,436
541,260,388,437
544,258,387,439
548,255,385,440
550,253,385,442
551,250,385,444
553,248,385,446
555,246,384,446
557,245,384,446
559,243,383,446
562,238,380,448
565,234,378,451
568,229,375,453
570,226,375,453
571,223,375,453
573,220,375,453
575,216,374,454
576,212,372,456
578,208,371,457
580,205,369,458
582,201,368,458
584,198,366,459
585,195,364,459
587,191,363,459
588,188,361,459
590,185,359,460
591,181,358,461
593,178,356,462
595,176,354,462
596,173,353,462
598,171,351,462
600,168,349,462
602,165,346,462
604,162,344,462
605,160,342,462
607,158,339,462
608,156,337,462
610,155,335,462
613,154,332,462
615,153,330,462
617,152,327,462
619,151,324,462
621,150,321,462
623,150,318,462
624,150,316,462
626,150,313,462
628,151,311,462
630,152,310,462
632,153,308,462
632,155,305,462
633,158,303,462
633,160,300,462
634,163,298,461
634,166,295,459
635,169,293,458
635,172,291,458
635,175,288,458
635,178,286,458
634,183,286,456
632,188,285,455
631,193,285,453
630,199,283,452
630,204,282,451
629,210,280,450
631,214,277,448
632,219,275,446
634,223,272,444
634,228,270,443
633,232,267,443
633,237,265,442
633,240,265,439
633,242,265,436
633,245,265,433
633,247,262,433
633,248,259,433
633,250,256,433
633,253,254,430
633,256,253,427
633,259,251,424
633,261,251,424
633,262,251,424
633,264,251,424
633,267,248,422
633,269,245,421
633,272,242,419
633,274,242,418
633,275,242,418
633,277,242,417
633,279,240,415
634,281,238,413
634,283,236,411
634,286,234,409
634,288,232,406
634,291,230,404
634,293,228,402
634,295,226,400
634,297,224,398
634,300,223,398
634,304,223,398
634,307,222,398
634,309,222,398
633,312,222,398
633,314,222,398
633,317,219,396
633,321,217,395
633,324,214,393
633,329,213,389
632,333,211,384
632,338,210,380
631,341,210,376
629,345,209,373
628,348,209,369
628,353,207,365
628,357,205,360
628,362,203,356
627,366,203,352
626,371,203,347
625,375,203,343
623,379,203,338
621,384,203,334
619,388,203,329
618,393,203,325
618,397,203,320
617,402,203,316
617,406,200,312
618,410,197,309
618,414,194,305
615,418,196,301
611,423,198,297
608,427,200,293
608,430,199,290
608,433,197,287
608,436,196,284
608,440,194,280
608,444,193,277
608,448,191,273
606,454,189,267
605,460,188,260
603,466,186,254
603,471,185,249
603,477,183,243
603,482,182,238
603,487,181,233
603,493,181,228
603,498,180,223
603,502,178,218
602,507,175,214
602,511,173,209
600,516,173,204
599,520,173,200
597,525,173,195
597,531,171,189
597,536,170,184
597,542,168,178
596,546,168,174
594,551,168,169
593,555,168,165
592,558,168,162
592,562,168,159
591,565,168,156
590,567,168,154
588,569,168,151
587,571,168,149
587,573,167,147
586,575,165,145
586,577,164,143
586,578,162,142
586,579,160,141
586,580,158,140
585,582,158,138
584,583,158,137
583,585,158,135
582,588,158,133
580,590,158,130
579,593,158,128
579,594,157,127
578,595,157,125
578,596,156,124
577,598,156,122
577,601,156,120
576,603,156,118
575,605,156,116
574,606,156,115
573,608,156,113
573,610,155,111
573,612,153,109
573,614,152,107
572,611,152,110
572,608,152,112
571,605,152,115
570,600,152,121
570,594,152,126
569,589,152,132
569,584,152,137
568,579,153,142
568,574,153,147
567,570,153,151
565,565,153,155
564,561,153,159
563,558,153,162
563,555,153,165
562,552,153,168
562,552,153,168
561,552,153,168
561,552,153,168
560,554,152,166
560,555,150,165
559,557,149,163
558,560,149,160
558,562,149,158
557,565,149,155
557,568,149,153
557,570,148,150
557,573,148,148
556,575,148,146
555,576,148,145
554,578,148,143
553,581,148,140
553,585,148,136
552,588,148,133
552,591,146,130
552,593,145,127
552,596,143,124
552,598,142,122
552,599,140,121
552,601,139,119
552,601,139,119
552,601,139,119
552,601,139,119
552,597,139,123
552,594,139,127
552,590,139,131
551,590,139,131
549,590,139,131
548,590,139,131
548,592,139,129
548,593,139,127
548,595,139,125
547,599,139,121
546,602,139,118
545,606,139,114
544,610,139,110
544,613,139,107
543,617,139,103
543,620,138,100
543,622,137,98
543,625,136,95
543,629,136,91
543,632,136,88
543,636,136,84
542,639,136,81
540,643,136,77
539,646,136,74
539,650,136,70
538,654,136,67
538,658,136,63
537,662,136,59
536,666,136,55
535,670,136,51
535,671,136,50
534,673,136,48
534,674,136,47
534,674,136,47
534,674,136,47
534,674,136,47
534,672,136,49
533,671,136,50
533,669,136,52
532,668,136,53
531,667,136,53
530,666,136,54
530,665,136,55
530,665,136,56
530,664,136,57
529,664,136,57
529,664,136,57
528,664,136,57
528,662,136,59
528,661,136,60
528,659,136,62
527,655,136,66
526,652,136,69
525,648,136,73
525,642,136,79
525,636,136,85
525,630,136,91
525,624,135,97
525,619,134,102
525,613,133,108
525,609,133,112
525,605,133,116
525,601,133,120
525,597,132,124
525,593,132,128
525,589,131,132
525,588,131,133
524,587,132,133
524,586,132,134
523,586,132,134
523,586,132,134
522,586,132,134
522,588,132,132
522,590,132,130
522,592,132,128
521,597,132,123
521,601,132,119
520,606,132,114
520,610,132,110
520,615,132,106
520,619,132,102
520,623,131,98
520,626,129,95
520,630,128,91
520,634,128,87
520,639,128,82
520,643,128,78
520,647,128,74
520,651,127,69
520,655,127,65
520,659,127,61
520,663,127,57
520,667,127,53
520,671,126,49
520,675,124,46
520,679,123,42
520,679,123,42
520,679,123,42
520,679,123,42
520,671,123,49
520,664,123,57
520,656,123,64
520,648,123,73
520,639,124,81
520,631,124,90
520,623,124,98
520,614,124,107
520,606,124,115
521,594,124,126
521,583,124,138
522,571,124,149
522,558,124,162
522,546,124,175
522,533,124,188
522,520,124,201
523,506,124,215
523,493,124,228
523,480,124,241
523,468,124,253
523,455,124,266
523,444,124,276
523,432,124,287
523,421,124,297
523,411,124,295
524,401,124,293
524,391,124,291
525,384,123,289
527,377,121,288
528,370,120,286
528,367,120,286
528,364,120,286
528,361,120,286
528,362,120,286
527,364,120,286
527,365,120,286
527,367,119,286
527,368,119,286
527,370,118,286
527,372,118,285
527,373,118,284
527,375,118,283
527,378,117,282
527,380,116,282
527,383,115,281
527,385,115,281
527,386,115,281
527,388,115,281
527,390,115,281
526,391,115,281
526,393,115,281
526,394,115,280
526,396,115,279
526,397,115,278
526,398,115,278
526,400,115,278
526,401,115,278
526,402,114,278
526,402,114,278
526,403,113,278
526,404,113,276
526,404,113,274
526,405,113,272
526,400,113,271
525,395,113,271
525,390,113,270
525,383,113,269
525,377,113,269
525,370,113,268
526,363,112,266
527,357,110,265
528,350,109,263
528,344,109,262
528,337,109,262
528,331,109,261
528,324,109,260
527,317,109,259
527,310,109,258
527,305,109,258
526,300,109,258
526,295,109,258
526,292,109,258
525,288,109,258
525,285,109,258
525,283,109,258
525,280,109,258
525,278,109,258
526,277,107,256
528,277,106,255
529,276,104,253
529,276,104,253
529,275,104,253
529,275,104,253
529,273,104,253
529,272,104,253
529,270,104,253
529,270,104,253
529,270,104,253
529,270,104,253
529,269,104,251
529,269,104,248
529,268,104,246
529,261,104,246
529,253,104,246
529,246,104,246
529,236,104,246
529,227,104,246
529,217,104,246
529,212,104,246
528,208,104,246
528,203,104,246
528,202,104,245
528,201,104,244
528,200,104,243
528,199,104,243
528,197,104,243
528,196,104,243
528,196,104,242
528,195,104,241
528,195,104,240
528,194,104,240
528,193,104,240
528,192,104,240
528,190,104,240
528,189,104,240
528,187,104,240
528,185,104,240
528,184,104,240
528,182,104,240
528,180,104,240
528,179,104,240
528,177,104,240
528,175,104,240
528,174,104,240
528,172,104,240
528,171,104,240
528,169,104,240
528,168,104,240
528,165,104,240
528,163,104,240
528,160,104,240
528,160,104,240
528,159,103,240
528,159,103,240
528,157,103,240
528,156,103,240
528,154,103,240
528,153,103,240
527,151,103,240
527,150,103,240
527,148,103,240
527,147,103,240
527,145,103,240
527,143,103,240
527,141,103,240
527,139,103,240
527,138,103,240
527,136,103,240
527,135,103,240
527,133,103,240
527,132,103,240
527,130,103,240
527,128,103,240
526,127,103,240
526,125,103,240
526,123,103,240
525,121,103,240
525,119,103,240
525,118,103,240
525,116,103,240
525,115,103,240
525,113,103,240
524,111,103,240
524,109,103,240
524,107,103,241
524,105,103,241
524,103,103,242
524,101,103,242
524,100,103,242
524,98,103,242
524,96,103,242
524,95,103,242
524,93,103,242
524,91,103,242
524,89,103,242
524,87,103,242
524,85,103,242
524,84,103,242
524,82,103,242
524,80,103,242
524,78,103,242
524,76,103,242
524,75,103,242
523,73,103,242
523,72,103,242
523,70,103,242
523,67,103,242
523,65,103,242
523,63,103,242
523,62,103,242
523,60,103,242
522,58,103,242
522,57,103,242
521,55,103,242
521,55,103,242
521,54,103,242
521,54,103,242
521,55,103,243
520,56,103,243
520,57,103,244
520,65,103,243
521,72,103,241
521,80,103,240
521,92,103,240
520,104,103,240
520,116,103,240
521,130,102,239
522,145,100,239
523,159,99,238
523,176,99,238
523,194,99,238
523,211,99,238
523,226,99,238
523,241,99,238
523,256,99,238
523,271,99,238
523,286,99,238
523,301,99,238
523,312,99,238
523,322,99,238
523,333,99,238
523,337,99,238
523,341,99,238
523,345,99,238
523,345,99,238
523,345,99,238
523,345,99,238
522,344,99,237
522,342,99,235
521,341,99,234
521,339,99,234
520,338,99,233
520,336,99,233
520,334,99,233
520,333,99,233
520,331,99,233
520,329,99,233
521,328,99,233
521,326,99,233
521,324,99,233
521,322,99,233
521,320,99,233
521,319,99,233
520,317,99,233
520,316,99,233
520,314,99,232
520,313,99,231
520,311,99,230
520,310,99,230
521,308,99,230
521,307,99,230
521,305,99,230
521,302,99,230
521,300,99,230
521,298,99,230
521,297,99,230
521,295,99,230
521,293,99,230
521,292,99,230
521,290,99,230
521,289,99,230
520,288,99,230
520,287,99,230
520,285,99,230
520,284,99,230
520,282,99,230
521,280,98,230
522,278,98,230
523,276,97,230
523,274,97,230
523,272,97,230
523,270,97,230
523,270,97,229
523,269,97,228
523,269,97,227
523,267,97,227
523,266,97,227
523,264,97,227
523,263,97,226
523,261,97,226
523,260,97,225
523,259,97,225
523,257,97,225
523,256,97,225
523,255,97,225
524,255,97,225
524,254,97,225
524,253,97,225
524,251,97,225
524,250,97,225
524,248,97,225
524,247,97,225
524,245,97,225
525,244,97,225
525,243,97,225
526,242,97,225
526,241,97,225
526,240,97,225
526,239,97,225
526,238,97,225
526,238,97,225
526,237,97,225
526,236,97,225
527,236,97,225
527,235,97,225
527,235,97,225
527,235,97,225
527,235,97,225
527,235,97,225
527,235,97,225
527,235,97,225
528,235,97,225
528,235,97,225
529,235,97,225
530,235,97,225
530,234,97,225
531,234,97,225
531,234,97,225
531,234,97,225
531,234,97,225
531,234,97,224
531,234,97,223
531,234,97,222
531,234,97,222
531,234,97,222
531,234,97,222
532,233,97,222
532,232,97,222
533,231,97,222
533,231,97,222
532,230,97,222
532,230,97,222
532,230,97,221
532,230,97,219
532,230,97,218
532,229,97,218
532,228,97,218
532,227,97,218
532,226,97,218
533,226,97,218
533,225,97,218
534,224,97,218
535,223,97,218
536,222,97,218
536,221,97,218
536,221,97,218
536,220,97,218
536,219,97,218
536,219,97,218
536,218,97,218
536,217,97,218
536,217,97,218
536,216,97,218
536,216,97,218
536,216,97,218
536,216,97,218
536,216,97,218
536,215,97,218
536,215,97,218
536,215,97,218
536,215,97,218
536,215,97,218
536,215,97,218
536,215,97,218
536,215,97,218
536,215,97,218
536,215,97,218
536,215,97,218
536,217,97,216
536,218,97,215
536,220,97,213
536,220,97,213
536,220,97,213
536,220,97,213
536,221,97,213
537,223,97,213
537,224,97,213
537,224,97,213
537,225,97,213
537,225,97,213
537,227,97,213
537,229,97,213
537,231,97,213
537,232,97,213
536,234,97,213
536,235,97,213
537,237,97,213
537,238,97,213
538,240,97,213
538,243,97,213
538,245,97,213
538,248,97,213
538,252,97,213
538,255,97,213
538,259,97,213
538,262,97,213
538,266,97,213
538,269,97,213
538,271,97,213
538,273,97,214
538,275,97,214
539,278,96,215
540,280,95,215
541,283,94,216
541,286,94,216
541,288,94,216
541,291,94,216
541,294,94,217
541,297,94,217
541,300,94,218
540,303,95,218
540,305,96,218
539,308,97,218
539,310,97,218
539,313,97,218
539,315,97,218
539,318,97,218
538,320,97,218
538,323,97,218
538,325,97,218
538,328,97,218
538,330,97,218
538,332,97,218
538,333,97,218
538,335,97,218
538,337,97,218
538,338,97,218
538,340,97,218
538,342,97,218
538,343,97,218
538,345,97,218
538,347,97,218
537,348,97,218
537,350,97,218
536,353,97,218
535,357,97,218
534,360,97,218
534,362,97,219
534,363,97,221
534,365,97,222
534,366,97,222
534,368,97,222
534,369,97,222
534,373,97,222
533,377,97,222
533,381,97,222
533,384,97,222
532,386,97,222
532,389,97,222
532,391,97,222
532,393,97,222
532,395,97,222
532,397,97,222
533,400,97,222
533,402,97,222
532,404,97,224
532,406,97,226
531,408,97,228
530,410,97,228
530,413,98,228
529,415,98,228
529,418,98,228
528,420,99,228
528,423,99,228
528,425,99,228
528,427,99,228
528,429,99,228
528,432,99,228
527,434,99,228
527,437,99,228
527,439,99,228
527,440,99,228
527,442,99,228
526,444,99,228
526,445,99,228
525,447,99,228
524,447,100,228
524,447,100,228
523,447,101,228
523,448,101,228
523,448,101,228
523,449,101,228
522,449,102,228
522,449,102,228
521,449,103,228
521,449,103,228
521,450,103,229
521,450,103,229
521,450,103,229
521,451,103,229
521,451,103,229
520,451,104,229
519,451,105,229
518,451,106,229
518,452,106,229
518,452,107,229
518,453,107,229
518,453,107,229
518,453,107,229
518,453,107,229
518,453,107,229
517,453,108,229
517,453,108,229
517,453,108,229
517,453,108,229
517,453,108,229
516,453,109,230
514,454,111,232
513,454,112,233
513,454,112,233
513,454,112,233
513,454,112,233
513,454,112,233
513,455,112,233
513,455,112,233
513,455,112,233
513,455,112,233
513,455,112,233
513,455,112,233
512,455,112,233
512,455,112,233
512,452,112,233
512,450,112,233
512,447,112,233
512,443,112,233
512,440,112,233
512,436,112,233
512,433,112,233
513,429,112,233
513,426,112,233
513,424,112,233
513,421,112,233
513,419,112,233
513,416,112,233
513,414,112,233
513,411,112,233
513,409,113,233
512,408,115,233
512,406,116,233
512,406,116,233
512,406,116,233
512,406,116,233
512,406,116,233
512,406,116,233
512,406,116,233
512,406,116,233
512,406,116,233
512,406,116,233
512,406,116,233
512,406,116,233
512,406,116,233
512,406,116,233
512,406,116,233
512,406,116,233
512,406,117,233
512,406,117,233
512,406,118,233
512,406,118,233
512,406,118,233
512,406,118,233
512,406,119,233
512,406,119,233
512,406,120,233
512,406,120,233
512,406,120,233
512,406,120,233
512,406,120,233
513,406,120,233
513,406,120,233
513,406,120,233
514,406,120,233
514,406,120,233
515,406,120,233
515,406,120,233
516,406,120,233
516,406,120,233
516,406,120,233
516,406,120,233
516,406,120,233
517,405,120,233
517,405,120,233
518,405,120,233
518,405,120,233
519,405,120,233
519,404,120,233
520,404,120,233
520,403,120,233
520,401,120,233
521,400,120,233
521,398,120,233
522,397,120,233
522,397,120,233
523,396,120,233
523,396,120,233
523,396,120,233
523,396,120,233
524,396,120,233
525,396,120,233
526,396,120,233
526,396,120,233
526,396,120,233
526,396,120,233
526,396,120,233
527,396,120,233
527,396,120,233
527,396,120,233
528,396,120,233
528,396,120,233
529,396,120,233
530,396,120,233
531,396,120,233
531,396,120,233
532,396,120,233
532,396,120,233
532,396,120,233
533,397,120,233
533,397,120,233
534,397,120,233
535,397,120,233
536,397,120,233
537,397,120,233
537,398,120,233
538,398,120,233
539,398,120,233
539,397,120,233
540,397,120,233
541,397,120,233
542,396,120,233
543,396,120,233
543,396,120,233
543,396,120,233
543,396,120,233
544,396,120,233
546,396,120,233
547,396,120,233
548,396,120,233
549,396,120,233
550,396,120,233
551,396,120,233
552,396,120,233
553,396,120,233
553,396,120,233
553,396,120,233
553,396,120,233
554,395,120,233
555,394,120,233
556,393,120,233
556,393,120,233
557,393,120,233
557,393,120,233
558,393,120,233
558,393,120,233
559,393,120,233
560,392,120,233
561,392,120,233
562,391,120,233
562,391,120,233
563,391,120,233
563,391,120,233
564,391,120,233
565,391,120,233
566,391,120,233
566,390,120,233
567,390,120,233
567,389,120,233
567,389,120,233
568,389,120,233
568,389,120,233
568,388,120,233
568,388,120,233
568,387,120,233
569,387,120,233
570,386,120,233
571,386,120,233
572,386,120,233
572,386,120,233
573,386,120,233
574,386,120,233
576,386,120,233
577,386,120,233
577,386,120,233
578,386,120,233
578,386,120,233
579,385,120,233
579,385,120,233
580,384,120,233
581,384,120,233
582,383,120,233
583,383,120,233
584,383,120,232
585,383,120,232
586,383,120,231
587,383,120,231
587,383,120,231
588,383,120,231
589,382,120,231
590,382,120,231
591,381,120,231
592,381,120,231
592,380,120,231
593,380,120,231
594,380,120,231
595,379,120,231
596,379,120,231
597,379,120,231
597,379,120,231
598,379,120,231
599,378,120,231
599,378,120,231
600,377,120,231
601,377,120,231
602,376,120,231
603,376,120,231
604,376,120,231
605,376,120,231
606,376,120,231
607,376,120,231
607,375,120,231
608,375,120,231
609,375,120,231
611,375,120,231
612,375,120,231
612,375,120,231
613,375,120,231
613,375,120,231
614,376,120,231
614,376,120,231
615,377,120,231
616,377,120,231
617,378,120,231
618,378,120,231
619,379,120,231
619,380,120,231
620,381,120,231
621,381,119,232
623,381,119,232
624,381,118,233
625,382,118,233
626,383,118,233
627,384,118,233
628,385,118,233
629,386,118,233
630,387,118,233
631,388,118,233
632,389,118,233
633,390,118,233
634,390,118,233
636,391,118,233
637,391,118,233
638,392,118,233
638,393,118,233
639,394,118,233
640,395,117,233
642,395,115,233
643,396,114,233
644,396,114,233
644,396,114,233
645,396,114,233
646,396,114,233
647,396,114,233
648,396,114,233
650,396,114,233
651,396,114,233
653,396,114,233
654,396,113,233
656,395,111,233
657,395,110,233
657,394,110,233
658,392,110,233
658,391,110,233
659,391,110,233
661,391,110,233
662,391,110,233
663,390,110,233
663,390,110,233
664,389,110,233
665,388,110,233
665,388,110,233
666,387,110,233
667,386,110,233
668,386,110,233
669,385,110,233
669,385,110,233
670,385,110,233
670,385,110,233
671,384,110,233
671,382,110,233
672,381,110,233
673,381,109,233
674,381,108,233
675,381,107,233
676,380,107,233
677,379,107,233
678,378,107,233
679,377,107,233
680,377,107,233
681,376,107,233
681,376,106,233
681,376,106,233
681,376,105,233
682,374,105,233
682,373,105,233
683,371,105,233
683,370,105,233
684,370,105,233
684,369,105,233
684,368,105,233
685,367,105,233
685,366,105,233
686,365,105,233
686,364,105,233
687,363,105,233
687,362,105,233
687,362,105,233
687,361,105,233
688,361,105,232
688,360,104,231
689,360,104,230
689,359,104,230
690,358,104,230
690,357,104,230
690,356,104,230
691,354,104,230
691,353,104,230
692,352,103,229
693,351,103,229
694,350,102,228
694,349,102,228
694,347,102,228
694,346,102,228
695,345,102,227
695,343,102,227
696,342,102,226
696,341,102,226
696,339,102,225
696,338,102,225
696,337,102,225
696,335,102,225
696,334,102,225
696,332,102,225
696,330,102,225
696,328,102,225
696,327,102,225
696,326,102,225
696,325,102,225
696,324,102,223
697,322,102,222
697,321,102,220
697,319,102,220
698,316,102,220
698,314,102,220
698,312,102,220
698,310,102,220
698,308,102,220
698,306,102,219
697,305,102,219
697,303,102,218
697,302,102,217
696,301,102,215
696,300,102,214
696,298,102,213
697,297,102,213
697,295,102,212
697,293,102,212
697,290,102,212
697,288,102,212
697,287,102,211
697,286,103,209
697,285,103,208
697,282,103,208
696,280,103,208
696,277,103,208
696,275,103,207
696,274,103,207
696,272,103,206
695,270,103,205
695,268,103,205
694,266,103,204
694,264,103,204
693,263,103,204
693,261,103,204
693,261,103,202
693,261,103,200
693,261,103,198
693,261,103,198
692,260,103,198
692,260,103,198
692,259,103,198
692,259,103,197
692,258,103,197
692,257,103,197
691,257,103,197
691,256,103,197
690,257,103,196
690,257,103,195
689,258,103,194
689,259,103,193
688,261,103,191
688,262,103,190
688,263,103,189
687,265,103,189
687,266,103,188
687,268,103,188
687,269,103,188
687,271,103,188
686,272,102,187
686,273,102,185
685,274,101,184
685,276,101,183
684,277,101,183
684,279,101,182
684,280,101,182
683,282,101,182
683,283,101,182
683,284,101,181
682,285,100,179
682,286,100,178
682,286,99,178
682,286,99,178
682,286,98,178
681,287,98,177
680,289,98,175
679,290,98,174
679,290,98,174
679,291,98,174
679,291,98,174
679,292,98,173
679,292,97,172
679,293,97,171
679,295,97,170
678,296,97,168
678,298,97,167
678,298,97,167
677,298,97,167
677,298,97,167
677,299,97,166
676,299,96,165
676,300,96,164
676,302,95,162
676,303,94,161
676,305,93,159
676,306,93,158
676,308,93,157
676,309,93,156
675,311,93,156
673,313,93,156
672,315,93,156
672,317,93,156
672,319,93,156
672,321,93,156
671,323,93,155
671,326,93,154
670,328,93,153
670,331,93,152
669,333,92,150
669,336,92,149
669,338,91,149
669,340,91,149
669,342,90,149
669,345,90,148
668,347,90,147
668,350,90,146
668,352,90,146
668,354,89,146
668,356,89,146
667,359,89,145
667,361,89,143
666,364,89,142
665,366,89,142
665,369,88,142
664,371,88,142
664,373,88,141
664,374,88,139
664,376,88,138
664,379,88,137
663,381,88,136
663,384,88,135
663,386,88,135
663,387,87,135
663,389,87,135
663,391,87,134
662,393,87,134
662,395,87,133
662,397,86,133
663,399,84,133
663,401,83,133
663,403,83,131
662,406,83,130
662,408,83,128
662,411,83,128
661,413,83,128
661,416,83,128
660,418,83,128
660,421,83,128
659,423,83,128
660,426,82,126
660,428,82,125
661,431,81,123
661,434,80,122
660,436,80,121
660,439,79,120
660,441,79,120
660,443,79,120
660,445,79,120
660,447,79,119
660,449,79,119
660,451,79,118
659,453,79,116
659,454,79,115
658,456,79,113
658,458,79,113
658,461,79,113
658,463,79,113
657,465,79,113
657,468,79,113
656,470,79,113
656,472,78,112
656,474,78,112
656,476,77,111
656,478,77,111
656,481,77,111
656,483,77,111
655,485,77,111
655,487,77,111
654,489,77,111
654,492,77,110
653,494,77,108
653,497,77,107
653,499,77,107
653,502,77,107
653,504,77,107
653,506,77,107
653,509,77,107
653,511,77,107
653,514,76,106
652,516,76,105
652,519,75,104
652,521,75,103
651,524,75,103
651,526,75,102
651,529,74,102
651,531,74,102
651,534,73,102
651,537,73,102
651,540,73,102
651,543,73,102
651,545,73,102
650,547,73,102
650,549,73,102
650,552,73,101
650,555,73,100
650,558,73,99
650,561,73,99
650,563,73,99
650,566,73,99
650,568,72,99
650,571,72,98
650,573,71,98
650,576,71,98
649,578,71,98
649,581,71,98
649,582,71,97
649,582,71,96
649,583,71,95
649,583,71,95
649,583,71,95
649,583,71,95
649,583,71,95
649,583,71,95
649,583,71,95
649,583,70,94
649,583,70,93
649,583,69,92
649,582,69,92
649,581,68,92
649,580,68,92
649,579,68,91
648,577,68,91
648,576,68,90
648,575,68,89
647,574,68,89
647,573,68,88
647,572,68,88
647,571,68,88
647,570,68,88
647,569,67,87
647,568,67,85
647,567,66,84
647,566,66,84
646,565,66,84
646,564,66,84
646,563,66,84
646,562,66,84
646,561,66,84
646,559,66,83
646,558,66,83
646,556,66,82
646,555,65,82
646,555,64,82
646,554,63,82
646,553,63,81
645,552,63,80
645,551,63,79
645,550,63,79
645,550,63,79
645,549,63,79
644,548,63,79
644,547,63,78
643,546,63,78
643,545,63,78
643,544,63,78
643,543,63,78
643,542,63,78
643,542,63,78
643,541,63,78
643,539,63,78
643,538,63,78
643,536,63,78
643,536,62,77
643,535,62,76
643,535,61,75
643,534,61,75
643,532,61,75
643,531,61,75
643,531,61,75
643,530,61,75
643,530,61,75
643,529,61,75
643,528,61,75
643,527,61,75
642,525,61,75
642,523,61,75
641,521,61,75
641,521,61,74
640,521,61,73
640,521,61,72
640,520,61,72
640,520,61,72
640,519,61,72
640,518,61,72
640,517,61,72
640,516,61,72
640,515,61,72
639,515,60,72
639,514,60,72
639,514,60,72
639,513,60,72
639,513,60,72
639,512,59,71
639,512,59,69
639,511,58,68
639,511,58,68
639,510,58,68
639,510,58,68
639,509,58,68
638,508,58,68
638,507,58,68
638,506,58,68
638,505,58,68
638,504,58,68
638,503,58,68
637,503,58,68
637,502,58,68
636,502,58,68
635,501,58,68
634,501,58,68
634,500,58,68
634,500,58,68
634,499,58,68
634,499,58,68
633,498,58,68
633,498,58,68
633,497,58,68
633,497,58,68
633,496,58,68
633,496,58,68
633,496,58,68
633,496,58,68
633,495,58,68
632,495,58,68
632,494,58,68
632,494,58,68
631,493,58,68
631,493,58,68
631,493,58,68
631,493,58,68
631,493,58,68
631,493,58,68
631,493,58,68
631,493,58,68
630,493,58,68
629,492,58,68
628,492,58,68
628,492,58,68
628,492,58,68
628,492,58,68
628,492,58,68
628,491,58,68
628,491,58,68
628,491,58,67
628,491,57,66
628,491,57,65
628,491,57,65
628,491,57,65
628,491,57,65
628,491,57,65
628,491,57,65
628,491,57,65
628,491,57,65
628,491,57,65
628,491,57,65
628,491,57,65
628,491,57,65
628,491,57,65
628,491,57,65
628,490,57,65
628,490,57,65
628,490,57,65
628,490,57,65
628,490,57,65
628,489,57,65
628,488,57,65
628,487,57,65
628,487,57,65
628,487,57,65
628,487,57,65
628,487,57,65
628,487,57,65
628,487,57,65
628,487,57,65
628,487,57,65
628,487,57,65
628,487,57,65
628,487,57,65
628,487,57,65
628,487,57,65
628,487,57,65
628,487,57,65
628,487,57,65
628,487,57,65
628,487,57,65
628,487,57,65
628,487,57,65
628,487,57,65
628,487,57,65
628,487,57,65
628,487,57,65
627,488,57,65
627,488,57,65
626,489,57,65
626,489,57,65
626,489,57,65
626,489,57,65
626,489,57,65
626,489,57,65
626,489,57,65
626,489,57,65
626,489,57,65
626,489,57,65
626,489,57,65
626,489,57,65
626,489,57,65
626,489,57,65
626,489,57,65
626,489,57,65
626,489,57,65
626,489,57,65
626,489,57,65
626,489,57,65
626,489,57,65
626,489,57,65
626,489,57,65
626,489,57,65
626,489,57,65
626,489,57,65
626,489,57,65
626,489,57,65
626,489,57,65
626,489,57,65
626,489,57,65
626,489,57,65
626,489,57,65
626,489,57,65
626,489,57,65
626,489,57,65
626,489,57,65
626,489,57,65
626,489,57,65
626,489,57,65
626,489,57,65
626,489,57,65
626,489,57,65
626,489,57,65
626,489,57,65
626,489,57,65
626,488,57,65
625,488,57,65
625,487,57,65
625,487,57,65
625,487,57,65
625,487,57,65
625,487,57,65
625,487,57,65
625,487,57,65
625,487,57,65
625,487,57,65
625,487,57,65
625,487,57,65
625,487,57,65
625,487,57,65
625,487,57,65
625,487,57,65
625,487,57,65
625,487,57,65
625,487,57,65
625,487,57,65
625,486,57,65
625,486,57,65
625,485,57,65
625,485,57,65
625,484,57,65
625,484,57,65
625,483,57,65
625,483,57,65
625,482,57,65
625,482,57,65
625,482,57,65
625,482,57,65
625,482,57,65
625,482,57,65
625,482,57,65
625,482,57,65
625,482,57,65
625,482,57,65
625,481,57,65
625,481,57,65
625,480,57,65
625,480,57,65
625,480,57,65
625,480,57,65
624,480,57,65
624,480,58,65
623,480,58,65
623,480,58,65
623,480,58,65
623,480,58,65
623,480,58,65
623,480,58,65
623,480,58,65
623,480,58,65
623,480,58,65
623,480,58,65
623,480,58,65
623,480,58,65
623,480,58,65
623,480,58,65
623,480,58,65
623,480,58,65
622,479,58,65
622,478,58,65
621,477,58,65
621,477,58,65
621,477,58,65
621,477,58,65
621,477,58,65
621,477,58,65
621,477,58,65
621,477,58,65
621,477,58,65
621,477,58,65
621,477,58,65
621,477,58,65
621,477,58,65
621,477,58,65
621,477,58,65
621,477,58,65
621,477,58,65
621,477,58,65
621,477,58,65
620,477,58,65
620,477,58,65
619,477,58,65
619,477,58,65
619,477,58,65
619,477,58,65
619,477,58,65
618,477,58,65
618,477,58,65
618,477,58,65
617,476,58,65
617,476,58,65
617,476,58,65
617,476,58,65
617,476,58,65
616,475,58,65
616,475,58,65
615,474,58,65
615,474,58,65
615,474,58,65
615,474,58,65
615,474,58,63
614,474,57,62
614,474,57,60
614,474,57,60
614,474,57,60
614,474,57,60
614,474,57,60
614,474,57,60
614,474,57,60
614,474,57,60
613,474,57,60
613,474,57,60
613,474,57,60
613,474,57,60
613,474,57,60
613,473,57,60
612,473,57,60
612,472,57,60
612,472,57,60
612,472,57,60
612,472,57,60
612,471,57,60
611,471,57,60
611,470,57,60
611,470,57,60
611,470,57,60
611,470,57,60
611,470,56,60
611,470,56,60
611,470,55,60
611,469,55,60
610,469,55,60
610,468,55,60
610,468,55,60
610,468,55,60
610,468,55,60
610,468,55,60
610,468,55,60
610,468,55,60
609,468,55,60
608,467,55,60
607,467,55,60
607,467,55,59
606,467,55,58
606,467,55,57
606,467,55,57
606,467,55,57
606,467,55,57
606,467,55,57
606,466,54,56
606,466,54,56
606,466,54,56
606,466,54,56
606,466,54,56
606,465,54,56
606,464,54,56
606,463,54,56
606,463,54,56
606,463,54,56
606,463,54,56
606,462,54,56
606,462,54,56
606,461,54,56
606,461,54,56
606,461,54,56
606,461,54,56
606,461,54,56
606,461,54,56
606,461,54,56
606,460,54,56
606,459,54,56
606,458,54,56
606,458,54,56
606,458,54,56
606,458,54,56
606,457,54,55
605,457,53,55
605,456,53,54
605,456,53,54
605,456,53,54
605,456,53,54
605,456,53,54
605,456,53,54
605,456,53,54
605,455,53,54
605,455,53,54
605,454,53,54
605,453,53,54
604,452,53,54
604,451,53,54
604,451,52,54
604,451,51,53
604,451,50,53
604,451,50,53
604,451,50,53
604,451,50,53
604,451,50,53
603,450,50,53
603,450,50,53
603,450,50,53
603,450,50,53
603,450,50,53
603,449,50,53
603,448,50,53
603,447,50,53
603,447,50,53
603,446,50,53
603,446,50,53
603,446,50,53
603,446,50,53
603,446,50,53
603,445,50,52
602,445,49,52
602,444,49,51
602,444,49,51
602,444,49,51
602,444,49,51
602,443,49,51
602,443,49,51
602,442,49,51
602,442,49,51
602,441,49,51
602,441,49,51
602,441,49,51
602,441,49,51
602,441,49,51
602,440,49,51
601,440,49,51
601,439,49,51
601,438,49,51
601,438,48,50
601,437,48,50
601,437,48,50
601,437,48,50
601,437,48,50
601,437,48,50
601,437,48,50
601,437,48,50
601,437,48,50
601,436,48,50
601,436,48,50
600,436,48,49
600,436,48,49
599,436,48,48
599,435,48,48
599,435,48,48
599,434,48,48
599,434,48,48
598,433,48,48
598,433,48,48
598,433,48,48
598,432,48,48
598,432,48,48
598,432,48,48
598,431,48,48
598,431,48,48
598,431,48,48
598,431,48,48
598,431,48,48
598,431,48,48
598,431,48,48
598,431,48,48
598,430,47,48
598,430,46,47
598,429,45,47
598,429,45,47
598,429,45,47
598,429,45,47
598,429,45,47
597,429,46,47
597,429,46,47
597,429,46,47
596,429,46,47
596,429,46,47
596,429,46,47
596,429,46,47
596,429,46,47
596,429,46,47
595,428,46,46
595,428,46,46
595,428,46,46
595,428,46,46
595,428,46,46
595,428,46,46
595,428,46,46
595,428,46,46
594,428,46,46
594,427,46,46
593,427,46,46
593,427,46,46
593,427,46,46
593,427,46,46
593,427,46,46
593,427,46,46
593,427,46,46
593,427,46,46
592,426,46,46
592,426,46,46
592,426,46,46
592,426,46,46
592,426,46,46
592,426,46,46
592,426,46,46
592,426,46,46
591,426,46,46
591,425,46,46
590,425,46,46
590,425,46,46
590,425,46,46
590,425,46,46
590,425,46,46
589,424,45,46
589,424,45,46
589,424,45,46
589,424,45,46
589,424,45,46
589,424,45,46
589,424,45,46
589,424,45,46
589,424,45,46
588,424,45,46
588,424,45,46
588,424,45,46
588,424,45,46
588,424,45,46
588,423,45,46
587,423,45,46
587,422,45,46
587,422,45,46
586,422,45,46
586,422,45,46
586,422,45,46
585,422,45,46
585,422,45,46
585,422,45,46
585,422,45,46
585,422,45,46
585,422,45,46
584,422,45,46
584,422,45,46
584,422,45,46
583,422,45,46
583,422,45,46
583,422,45,46
583,422,45,46
583,422,45,46
583,422,45,46
583,422,45,46
583,422,45,46
583,422,45,46
583,422,45,46
583,422,45,46
583,422,45,46
582,421,45,46
582,421,45,46
582,421,45,46
581,421,45,46
581,421,45,46
581,421,45,46
581,421,45,46
581,421,45,46
581,421,45,46
581,421,45,46
581,421,45,46
581,421,45,46
581,421,45,46
581,421,45,46
580,421,45,46
580,421,45,46
579,421,45,46
579,421,45,46
579,421,45,46
579,421,45,46
579,421,45,45
578,421,45,45
578,421,45,44
578,421,45,44
578,421,45,44
578,421,45,44
578,421,45,44
578,421,45,44
578,421,45,44
578,421,45,44
577,421,45,44
577,421,45,44
577,421,45,44
577,421,45,44
577,421,45,44
577,421,45,44
577,421,45,44
577,421,45,44
577,421,45,44
577,421,45,44
577,421,45,44
576,421,45,44
576,421,45,44
575,421,45,44
575,421,45,44
575,421,45,44
575,421,45,44
575,421,45,44
575,421,45,44
575,421,45,44
575,421,45,44
575,421,45,44
575,421,45,44
574,421,45,44
574,421,45,44
573,421,45,44
573,421,45,44
573,421,45,44
573,421,45,44
573,421,45,44
572,421,45,44
572,421,45,44
572,421,45,44
573,421,45,44
573,421,45,44
573,421,45,44
573,421,45,44
573,421,45,44
573,421,45,44
573,421,45,44
573,421,45,44
573,421,45,44
573,421,45,44
573,421,45,44
573,421,45,44
573,421,45,44
573,421,45,44
573,421,45,44
573,421,45,44
573,421,45,44
573,421,45,44
572,421,45,44
572,421,45,44
572,421,45,44
571,421,45,44
571,421,45,44
571,421,45,44
571,421,45,44
571,421,45,44
571,421,45,44
570,421,45,44
570,421,45,44
570,421,45,44
569,421,45,44
569,421,45,44
569,421,45,44
569,421,45,44
569,421,45,44
569,421,45,44
569,421,45,44
569,421,45,44
569,421,45,44
569,421,45,44
569,421,45,44
569,421,45,44
568,421,45,44
568,421,45,44
568,421,45,44
568,421,45,44
568,421,45,44
568,421,45,44
568,421,45,44
568,421,45,44
568,421,45,44
568,421,45,44
568,421,45,44
568,421,45,44
568,421,45,44
568,421,45,44
567,421,45,44
567,421,45,44
566,421,45,44
566,421,45,44
566,421,45,44
566,421,45,44
566,421,45,44
566,422,45,44
566,422,45,44
566,422,45,44
566,422,45,45
566,422,45,45
566,422,45,45
566,422,45,45
566,422,45,45
565,422,45,45
565,423,45,45
564,423,45,45
564,423,45,45
564,424,45,45
564,424,45,45
564,424,45,45
564,424,45,45
564,424,45,45
564,424,45,45
563,425,45,45
563,425,45,45
563,425,45,45
563,425,45,45
563,425,45,45
562,425,45,45
562,426,45,45
561,426,45,45
561,426,45,45
561,426,45,45
561,426,45,45
561,426,45,45
560,427,45,45
560,427,45,45
560,427,45,45
560,427,45,45
560,427,45,45
559,427,45,45
559,428,45,45
558,428,45,45
558,428,45,45
558,429,45,45
558,429,45,45
558,429,45,45
558,430,45,45
558,430,45,45
558,430,45,45
557,431,45,45
557,431,45,45
556,431,45,45
556,431,45,45
555,431,45,45
555,432,45,45
554,432,45,45
554,433,45,45
554,434,45,45
554,434,45,45
554,435,45,45
554,435,45,45
553,435,45,45
553,435,45,45
552,435,45,45
552,436,45,45
551,436,45,45
550,436,46,45
550,436,46,46
549,436,47,46
549,436,47,46
548,437,47,46
548,437,47,46
548,437,47,46
548,437,47,46
548,437,47,46
548,437,47,46
547,438,47,46
547,438,47,46
547,438,47,47
546,438,48,47
546,438,48,48
545,438,48,48
545,439,48,49
544,439,48,49
544,440,48,49
543,440,48,49
543,441,48,49
543,441,48,49
543,441,48,49
543,441,48,49
543,442,48,49
543,442,48,49
543,443,48,49
543,443,48,49
543,443,48,49
543,443,48,49
543,444,48,49
542,444,48,49
542,445,48,49
542,445,48,49
542,446,48,49
542,446,48,49
542,446,48,49
543,447,48,49
543,447,48,49
543,447,48,49
543,448,48,49
543,448,48,49
543,448,48,49
543,449,48,49
543,449,48,49
543,449,48,49
543,450,48,49
543,450,48,49
543,450,48,49
543,451,48,49
543,451,48,49
543,451,48,49
543,451,48,49
543,451,48,49
543,451,48,49
543,452,48,49
543,452,48,49
544,453,48,49
545,453,48,49
546,454,48,49
547,454,48,49
549,455,48,49
550,455,48,49
551,455,48,49
553,455,48,49
554,455,48,49
555,455,48,49
556,456,48,49
557,456,48,49
558,456,48,50
558,456,48,50
559,456,48,51
560,456,48,51
562,456,48,52
563,456,48,52
564,456,48,52
565,457,48,52
566,457,48,52
566,457,48,52
567,457,48,52
567,457,48,52
567,457,49,52
568,457,49,52
568,457,50,52
569,458,50,52
570,458,50,52
571,459,50,52
572,459,50,52
572,460,50,52
573,460,50,52
573,460,50,52
573,461,50,52
573,461,50,52
573,462,50,52
573,462,50,52
573,463,50,52
573,463,50,52
574,463,51,53
574,463,51,53
575,464,51,53
576,465,51,53
577,466,51,53
579,466,51,53
581,466,51,53
583,466,51,53
583,466,51,54
583,467,52,55
583,467,52,56
585,467,52,56
586,468,52,56
588,468,52,56
589,469,52,56
591,469,52,56
592,470,52,56
593,470,52,56
594,471,53,56
595,471,53,56
596,472,53,56
597,472,53,56
598,473,53,56
598,473,53,56
599,474,53,56
599,474,53,56
599,475,53,56
600,475,53,56
600,476,53,56
600,476,53,56
601,477,53,56
601,477,53,56
602,477,53,56
602,477,53,57
603,477,53,57
603,478,53,57
604,478,53,58
604,479,53,58
605,479,53,58
605,480,53,58
606,480,53,58
606,480,53,58
607,481,53,58
607,481,53,58
607,481,53,58
608,481,54,59
608,481,54,59
608,482,54,59
608,483,54,59
608,484,54,59
609,485,54,59
610,485,54,59
611,486,54,59
611,487,55,59
611,487,55,59
611,488,56,59
612,488,56,59
612,489,56,59
613,489,56,59
614,490,56,59
614,490,56,59
615,491,56,59
615,491,56,59
616,491,56,59
616,491,56,59
616,491,56,60
617,492,56,60
617,492,56,61
617,493,56,61
618,493,56,61
618,494,56,61
618,495,56,61
619,495,56,61
619,496,56,61
619,496,56,62
619,496,57,62
619,496,57,63
620,497,57,63
620,497,57,63
621,498,57,63
621,498,57,63
622,499,57,63
622,499,57,63
622,500,57,63
623,500,57,64
623,501,57,64
623,501,57,64
623,502,57,64
623,502,57,64
623,502,57,64
622,503,57,64
622,503,57,64
622,503,57,64
622,504,57,64
622,504,57,64
622,505,57,64
623,505,58,64
623,506,58,64
623,506,58,65
623,506,58,66
623,506,58,67
623,507,58,67
623,508,58,67
623,509,58,67
623,509,58,67
623,509,58,67
623,509,58,67
623,510,58,67
624,510,58,67
624,511,58,67
624,511,58,67
624,511,58,67
624,511,58,67
624,511,58,67
624,512,58,67
624,512,58,67
624,512,58,68
624,513,58,69
624,513,58,70
624,514,58,70
623,515,59,70
623,516,59,70
623,516,59,70
623,516,59,70
623,516,59,70
623,517,59,70
623,518,59,70
623,519,59,70
623,519,59,70
623,519,59,70
623,519,59,70
623,520,60,70
623,520,60,70
623,521,61,70
623,521,61,70
623,522,61,70
623,522,61,70
623,523,61,70
623,523,61,70
623,524,61,70
623,525,61,71
623,525,61,72
623,526,61,73
623,526,61,73
623,526,61,73
623,526,61,73
623,527,61,73
622,527,62,73
622,528,62,73
622,528,62,73
622,529,62,73
622,529,62,73
622,530,62,73
621,530,62,73
621,531,62,73
621,531,62,73
621,532,62,73
621,532,62,73
621,532,62,74
621,532,62,75
621,532,62,76
621,532,62,77
620,532,63,77
620,532,63,78
620,532,63,78
620,532,63,78
620,532,63,78
620,532,63,78
620,533,63,78
620,533,63,78
620,534,63,78
619,534,63,78
619,535,63,78
619,535,63,78
618,536,63,78
618,536,63,78
618,536,63,78
618,536,63,78
618,536,63,78
618,536,63,78
617,536,63,78
617,536,63,78
617,537,63,78
616,537,63,78
616,538,63,78
616,539,63,78
615,539,64,79
615,540,64,79
615,541,64,80
614,541,64,80
614,542,64,81
614,542,64,81
614,543,64,82
614,543,64,82
614,544,64,82
613,545,64,83
613,546,64,83
613,546,64,83
612,546,65,83
612,546,65,83
611,546,65,83
611,546,65,83
610,546,65,83
610,546,65,83
609,546,65,83
609,546,65,83
609,545,66,83
608,545,66,83
608,544,67,83
608,543,67,84
607,542,68,85
607,541,68,86
606,541,68,87
606,540,67,87
605,540,67,88
605,540,67,88
605,540,67,88
605,540,67,88
604,540,67,88
604,540,68,88
603,540,68,88
602,539,68,89
602,539,68,89
601,538,68,90
601,538,68,90
601,538,68,90
601,538,68,90
601,538,68,91
600,539,68,91
600,539,68,92
599,540,68,92
599,540,69,92
598,541,69,92
597,542,70,92
596,542,70,93
595,543,71,93
594,544,72,93
593,546,72,93
592,547,73,93
591,547,73,94
591,547,73,95
590,547,73,96
588,548,74,96
587,550,75,96
585,551,76,96
584,552,77,96
583,553,77,96
582,554,78,96
581,555,79,97
579,555,79,97
578,556,80,98
577,555,81,99
575,555,81,99
574,554,82,100
573,552,82,100
572,550,82,100
571,548,82,100
569,546,83,100
568,544,85,100
566,542,86,100
565,539,87,101
563,536,87,101
562,533,88,102
560,531,89,102
557,528,90,103
555,526,91,103
554,524,91,103
552,522,92,103
551,520,92,103
549,517,93,103
546,515,94,103
544,512,95,103
542,510,96,104
540,508,97,105
538,506,98,106
535,504,99,106
533,503,100,106
530,501,101,106
528,499,102,107
527,497,102,107
525,495,103,108
523,494,104,108
520,492,105,108
518,491,106,108
515,489,108,108
511,488,110,109
508,486,112,109
506,485,113,109
504,484,114,109
502,483,115,109
499,482,116,109
497,482,117,109
494,481,118,109
492,480,119,110
489,478,121,112
487,477,122,113
484,476,123,113
481,476,124,113
478,475,125,113
475,474,126,113
472,472,127,113
469,471,128,113
466,470,129,113
462,469,131,113
459,468,132,113
456,467,134,113
452,467,135,113
449,466,137,113
446,465,137,114
444,463,138,114
441,462,138,115
437,461,140,115
433,459,142,115
429,458,144,115
427,457,145,114
426,457,145,114
424,456,146,113
424,454,147,113
423,453,149,113
423,451,150,113
422,448,151,114
422,444,151,114
421,441,152,115
421,438,153,115
420,434,153,116
420,431,154,116
419,428,155,116
419,424,156,116
418,421,157,116
417,417,158,116
416,414,158,116
415,410,159,116
413,406,161,116
411,402,162,116
409,398,164,116
408,394,164,116
407,391,164,115
406,387,164,115
405,383,165,115
405,380,165,115
404,376,166,115
404,371,167,115
403,367,167,115
403,362,168,115
403,358,168,115
403,353,169,115
403,349,169,115
405,345,169,115
406,340,169,115
408,336,169,115
410,332,169,115
411,329,170,114
413,325,170,114
415,321,170,115
417,317,171,117
419,313,171,118
421,309,172,118
424,305,172,118
426,301,173,118
428,298,173,118
429,294,173,118
431,291,173,118
433,286,173,118
434,282,173,118
436,277,173,118
438,275,173,118
440,273,173,118
442,271,173,118
444,269,173,118
446,268,173,118
448,266,173,118
450,264,173,119
452,263,174,119
454,261,174,120
457,261,173,120
459,260,173,120
462,260,172,120
464,260,172,120
467,259,172,121
469,259,172,121
472,259,171,121
475,259,171,121
478,259,170,121
480,259,170,122
482,259,170,123
484,259,170,124
487,260,169,124
489,260,169,124
492,261,168,124
494,261,168,124
495,261,168,124
497,261,168,124
499,261,168,124
501,262,168,125
503,262,168,125
505,262,168,125
506,263,168,126
508,263,168,126
510,263,167,127
511,263,167,127
513,263,166,128
515,263,166,128
516,263,166,128
518,263,166,128
520,263,166,128
521,263,166,129
523,263,166,129
525,263,165,129
527,263,164,130
529,263,163,130
532,264,162,129
534,265,162,129
537,266,161,128
539,266,161,128
541,266,161,128
543,266,161,128
546,266,161,128
549,266,161,128
552,266,161,128
555,266,160,129
558,266,159,130
561,266,158,131
564,266,158,131
568,266,158,132
571,266,158,132
575,266,156,132
579,266,155,133
583,266,153,133
586,266,153,133
589,267,153,133
592,267,153,133
596,267,153,133
599,268,152,133
603,268,152,133
606,269,152,133
609,269,152,133
612,270,152,133
615,270,151,133
618,269,149,134
621,269,148,134
624,269,148,134
627,269,147,134
630,269,147,134
633,270,147,134
635,270,147,134
638,271,147,134
641,271,146,134
644,271,144,134
647,271,143,134
650,271,142,134
653,271,141,134
656,271,140,134
660,271,139,134
664,270,139,134
668,270,138,134
671,270,138,134
674,270,138,135
677,270,138,135
681,270,137,135
684,270,136,135
688,270,135,135
691,270,135,135
695,271,135,135
698,271,135,135
701,271,134,135
705,271,134,135
708,271,133,135
712,271,133,136
715,271,133,136
719,271,133,137
723,271,132,137
726,271,130,137
730,271,129,137
732,271,129,137
735,272,129,137
737,272,129,137
740,272,128,137
744,271,128,137
747,271,127,137
749,271,126,137
750,272,125,137
752,272,124,137
753,272,124,137
754,272,124,137
755,272,124,137
755,272,123,137
755,272,122,137
755,272,121,137
754,272,120,137
754,272,120,137
753,272,119,137
750,272,119,137
747,272,119,137
744,272,119,137
742,273,118,137
740,273,117,137
738,274,116,137
735,275,115,137
733,275,115,137
730,276,114,137
727,277,114,137
725,277,114,137
722,278,114,137
720,279,114,137
717,279,114,137
715,280,114,137
713,280,113,137
710,279,113,137
708,279,112,137
706,279,112,137
703,279,111,137
701,279,111,137
698,279,111,137
696,278,111,137
693,278,111,137
691,278,111,136
689,278,110,136
687,278,110,135
685,278,109,135
684,278,109,135
682,278,108,135
679,278,108,135
677,278,108,135
674,278,108,135
672,278,108,135
670,278,107,135
668,278,107,135
666,278,107,135
664,278,107,135
662,278,107,135
660,279,106,134
659,281,106,134
657,282,105,133
655,282,105,133
654,282,104,133
652,282,104,133
650,283,103,133
649,285,103,133
647,286,102,133
646,286,102,133
644,287,102,133
643,287,102,133
641,288,102,133
639,290,102,133
637,291,102,133
636,292,102,133
634,294,102,133
633,295,102,133
631,296,102,132
630,297,102,132
628,298,102,131
627,299,101,131
625,301,101,131
624,302,100,131
623,303,100,131
621,305,100,131
620,306,100,131
619,307,100,132
617,308,100,132
616,309,100,133
615,310,99,133
614,312,99,133
613,313,98,133
611,314,98,133
610,315,98,133
608,316,98,133
607,318,98,133
607,319,97,133
606,321,97,133
605,322,97,133
604,322,97,134
603,323,97,134
602,325,97,134
602,328,97,134
601,330,97,134
600,332,97,134
599,334,97,134
598,336,97,134
597,338,96,134
597,340,96,134
596,342,95,134
595,344,95,134
594,347,95,134
593,349,95,134
592,351,95,134
591,353,96,134
590,355,96,134
589,357,96,134
588,359,96,134
587,361,96,134
586,364,96,134
585,366,96,134
584,369,96,134
583,370,95,134
583,372,95,135
582,373,94,135
581,375,94,135
580,377,94,135
579,379,94,135
578,380,94,135
578,382,94,135
577,383,94,135
577,384,94,135
576,385,94,135
576,386,94,135
575,387,94,135
574,389,95,135
573,390,95,135
572,391,95,135
571,393,94,135
570,394,94,135
569,395,94,135
568,397,94,135
567,398,94,135
566,399,94,135
566,400,94,136
565,401,94,136
564,402,94,137
564,403,94,137
563,404,94,138
562,406,94,138
562,408,94,138
561,410,94,138
560,411,94,139
559,412,94,139
558,413,94,140
557,414,94,140
557,416,94,140
556,417,94,140
555,418,94,141
554,419,94,143
553,420,94,144
553,421,94,145
552,422,94,145
552,423,94,146
551,425,94,146
550,426,94,146
549,428,94,146
549,429,94,147
549,429,94,147
549,430,94,148
548,431,94,149
548,432,94,149
547,433,94,150
546,434,94,151
544,435,94,151
543,436,94,152
541,436,94,153
540,437,94,154
538,437,94,155
536,436,94,156
535,434,94,157
533,433,94,158
531,430,94,159
530,428,94,159
528,425,94,160
526,423,94,160
525,420,94,160
523,418,94,160
523,416,94,160
522,415,94,160
522,413,94,160
522,411,94,160
522,408,94,160
522,406,94,160
524,405,94,161
526,403,94,162
528,402,94,163
530,402,94,164
531,402,94,165
533,402,94,166
535,404,94,166
536,407,94,166
538,409,94,166
539,410,94,168
539,412,94,169
540,413,94,171
539,415,95,172
539,418,95,172
538,420,96,173
536,422,96,173
534,425,97,173
532,427,97,173
530,429,97,174
529,431,97,176
527,433,97,177
525,435,98,178
523,437,98,180
521,439,99,181
520,441,99,182
518,442,99,182
517,444,99,183
515,445,100,184
512,447,101,185
510,448,102,186
509,449,102,187
509,451,101,187
508,452,101,188
508,452,101,190
508,453,102,191
508,453,102,193
508,453,102,193
507,453,103,193
507,453,103,193
506,450,103,195
505,448,103,197
504,445,103,199
503,439,104,199
503,434,105,199
502,428,106,199
501,420,106,199
499,413,106,199
498,405,106,199
497,398,107,200
495,390,107,200
494,383,108,201
493,375,108,202
493,366,107,203
492,358,107,204
490,351,108,204
489,344,108,204
487,337,109,204
486,329,109,205
485,322,110,207
484,314,110,208
483,307,110,209
481,301,111,209
480,294,111,210
479,288,111,211
479,283,111,212
478,277,111,213
476,272,112,214
475,266,112,215
473,261,113,216
472,258,113,217
470,254,113,217
469,251,113,218
467,248,113,219
465,244,113,221
463,241,113,222
462,238,114,223
460,235,115,224
459,232,116,225
458,230,116,226
457,228,117,227
456,226,117,228
454,223,117,229
453,220,118,230
451,217,118,231
450,215,118,232
448,212,119,233
447,210,119,234
446,208,119,235
444,205,120,237
443,203,120,238
441,203,121,239
438,203,121,239
436,203,122,240
434,203,122,240
433,203,122,240
431,203,122,240
430,204,122,243
428,205,122,245
427,206,122,248
425,206,124,249
423,206,125,249
421,206,127,250
419,205,127,251
417,205,128,252
415,204,128,253
413,206,128,254
412,207,128,255
410,209,128,256
409,212,129,257
407,214,131,257
406,217,132,258
405,220,133,259
403,222,133,261
402,225,134,262
401,228,134,262
400,230,134,263
399,233,134,263
398,235,135,264
397,237,137,264
396,239,138,265
394,241,139,266
392,243,141,267
390,245,142,268
388,247,144,270
385,250,145,271
383,252,147,273
381,255,148,273
378,258,148,273
376,261,149,273
374,264,151,274
371,266,154,275
369,269,156,276
367,273,157,276
364,276,158,277
362,280,159,277
357,284,160,279
353,287,160,280
348,291,161,282
343,296,161,282
338,301,161,283
333,306,161,283
327,312,161,285
321,317,160,286
315,323,160,288
310,328,160,290
306,333,160,291
301,338,160,293
297,343,160,294
292,348,161,296
288,353,161,297
285,358,162,297
281,363,163,298
278,368,164,298
276,371,166,298
275,374,168,298
273,377,170,298
270,381,173,299
267,384,175,299
264,388,178,300
262,391,181,301
260,393,183,301
258,396,186,302
256,399,187,302
255,402,189,302
253,405,190,302
250,409,191,302
247,412,192,303
244,416,193,303
240,419,196,300
236,423,198,297
232,426,201,294
229,429,202,291
226,431,204,289
223,434,205,286
220,437,208,283
216,441,210,279
213,444,213,276
210,447,213,273
206,450,213,271
203,453,213,268
201,455,214,266
200,457,215,264
198,459,216,262
195,460,215,261
193,461,213,259
190,462,212,258
189,462,212,258
187,462,212,258
186,462,212,258
185,462,212,258
184,462,212,258
183,462,212,258
183,462,212,258
183,462,212,258
183,462,212,258
183,460,216,260
183,457,219,262
183,455,223,264
185,453,226,266
186,452,229,268
188,450,232,270
190,447,235,273
191,445,239,275
193,442,242,278
197,438,243,276
202,435,245,274
206,431,246,272
211,429,248,268
216,426,250,263
221,424,252,259
225,421,254,256
230,417,255,254
234,414,257,251
238,411,258,247
243,409,259,243
247,406,260,239
251,403,261,236
255,401,263,234
259,398,264,231
264,396,264,228
268,394,264,226
273,392,264,223
277,391,264,219
281,390,264,214
285,389,264,210
289,387,264,207
293,384,264,203
297,382,264,200
300,380,264,198
302,379,264,195
305,377,264,193
308,376,264,189
310,374,264,186
313,373,264,182
316,371,264,180
319,370,264,177
322,368,264,175
324,367,265,173
326,365,265,170
328,364,266,168
331,363,266,165
335,361,265,161
338,360,265,158
341,359,264,155
343,357,264,153
346,356,263,150
349,354,263,148
351,353,263,145
354,351,263,143
357,351,262,140
360,350,262,137
363,350,261,134
366,349,261,132
368,347,261,130
371,346,261,128
375,346,259,126
378,345,258,123
382,345,256,121
384,344,256,119
387,343,256,116
389,342,256,114
392,342,256,112
395,342,256,109
398,342,256,107
401,341,255,107
403,341,254,107
406,340,253,107
410,340,252,107
414,340,251,107
418,340,250,107
422,340,250,108
425,340,250,108
429,340,250,109
432,339,249,111
436,338,247,114
439,337,246,116
442,336,245,117
446,335,244,118
449,334,243,119
451,332,243,120
453,331,243,122
455,329,243,123
458,326,242,123
460,324,241,124
463,321,240,124
465,318,239,125
467,316,239,126
469,313,238,127
472,310,237,128
474,306,237,129
477,303,236,130
478,300,236,130
478,297,236,130
479,294,236,130
479,290,236,131
479,287,236,132
479,283,236,133
478,279,234,133
478,276,233,133
477,272,231,133
476,269,230,132
474,267,230,131
473,264,229,130
472,261,229,130
470,258,229,130
469,255,229,130
469,253,228,130
468,250,227,130
468,248,226,130
467,247,225,129
466,247,224,128
465,246,223,127
464,245,222,126
464,244,222,126
463,243,221,125
463,242,219,124
462,241,218,124
462,240,216,123
461,239,216,122
459,239,216,122
458,238,216,121
457,241,216,121
456,244,216,122
455,247,216,122
455,250,215,122
454,254,213,122
454,257,212,122
454,262,212,122
454,266,211,122
454,271,211,122
454,275,210,121
454,280,209,120
454,284,208,119
453,288,208,119
453,293,208,119
452,297,208,119
452,301,207,119
453,306,207,119
453,310,206,119
453,313,206,119
453,317,206,119
453,320,206,119
453,321,205,118
453,322,204,116
453,323,203,115
453,322,203,115
453,320,203,115
453,319,203,115
452,318,203,115
452,316,203,115
451,315,203,115
451,314,202,115
452,313,200,115
452,312,199,115
451,311,199,115
450,311,199,115
449,310,199,115
449,309,199,115
449,308,199,115
449,307,199,115
449,306,198,115
450,306,196,115
450,305,195,115
450,305,195,115
450,304,195,115
450,304,195,115
449,306,195,115
449,307,195,115
448,309,195,115
447,309,195,117
447,309,196,118
446,309,196,120
446,310,195,120
446,312,194,120
446,313,193,120
446,315,193,120
446,316,193,120
446,318,193,120
445,320,193,120
445,321,193,120
444,323,193,120
444,325,193,119
443,328,193,117
443,330,193,116
442,330,193,116
442,330,193,116
441,330,193,116
441,330,193,116
441,330,193,116
441,330,193,116
440,329,193,116
439,328,192,116
438,327,192,116
438,327,192,116
438,327,192,116
438,327,192,116
437,327,192,116
437,327,192,116
436,327,192,116
436,327,192,116
436,327,192,116
436,327,192,116
436,327,191,116
435,327,190,116
435,327,189,116
435,327,189,116
435,327,189,116
435,327,189,116
434,327,189,116
434,327,189,116
433,327,189,116
433,327,189,116
432,327,189,116
432,327,189,116
432,327,189,116
432,327,189,116
432,327,189,116
431,327,189,116
431,327,189,116
430,327,189,116
430,327,189,116
429,327,189,116
429,327,189,116
429,327,189,116
428,327,189,116
428,327,189,116
428,327,189,116
428,327,189,116
428,327,189,116
428,327,189,116
428,327,189,116
428,327,189,116
427,328,189,116
426,328,189,116
425,329,189,116
425,329,189,116
425,329,189,116
425,329,189,116
425,329,189,116
425,329,189,116
425,329,189,116
425,330,189,116
425,330,189,116
425,331,189,116
425,331,189,116
425,331,189,116
425,331,189,116
425,331,189,116
426,331,189,116
426,331,189,116
426,332,189,116
426,333,189,116
426,334,189,116
426,333,189,116
426,332,189,116
426,331,189,116
427,326,189,116
427,322,189,116
428,317,189,116
428,312,189,116
429,306,189,116
429,301,189,116
429,296,189,116
429,292,189,116
429,287,189,116
429,283,189,116
430,280,189,116
430,276,189,116
430,274,189,116
431,273,190,116
431,271,190,116
431,271,190,116
431,271,190,116
431,271,190,116
431,271,190,116
431,271,190,116
431,271,190,116
431,271,190,116
431,271,190,116
431,271,190,116
431,271,190,116
431,272,190,116
431,272,190,116
431,272,190,116
431,272,190,116
431,272,190,116
431,272,190,116
431,272,190,116
431,272,190,116
430,273,191,116
429,274,192,116
428,275,193,116
428,275,193,116
428,275,193,116
428,275,193,116
428,275,193,116
428,276,192,116
428,276,192,116
428,276,192,116
428,276,192,116
428,276,192,116
426,276,192,117
423,276,193,117
421,276,193,118
418,277,193,117
415,279,194,116
412,280,194,115
408,281,194,115
405,281,194,115
401,282,194,115
398,283,194,115
394,283,194,115
391,284,194,115
388,284,195,115
384,285,195,115
381,285,196,115
378,286,196,115
375,286,197,115
372,287,197,115
369,288,197,115
366,288,197,115
363,289,197,115
360,289,197,115
356,290,197,115
353,290,197,115
351,292,197,113
348,295,198,112
346,297,198,110
343,297,198,110
341,297,198,110
338,297,198,110
338,297,199,110
338,297,199,110
338,297,200,110
341,297,200,110
343,297,200,110
346,297,200,110
349,297,199,110
352,296,198,110
355,296,197,110
355,296,197,110
356,295,197,110
356,295,197,110
356,295,197,110
356,295,197,110
356,295,197,110
356,295,197,110
356,295,197,110
356,295,197,110
356,295,197,110
356,295,197,110
356,295,197,110
356,295,197,110
356,295,197,110
356,295,197,110
356,295,197,110
356,295,197,110
356,295,197,110
356,295,197,110
356,295,197,110
356,295,197,110
355,295,197,110
355,295,197,110
354,295,197,110
352,295,198,110
350,295,198,110
348,295,199,110
346,295,198,110
345,295,198,110
343,295,197,110
341,295,197,110
338,295,198,110
336,295,198,110
333,295,199,110
331,295,199,110
328,295,200,110
325,295,200,110
323,295,200,110
320,295,200,110
318,295,200,110
315,295,200,110
313,295,200,110
310,295,201,110
308,296,201,110
305,296,202,110
302,296,202,110
300,296,202,110
297,296,202,110
295,298,202,108
292,299,202,107
290,301,202,105
288,301,202,105
286,301,202,105
284,301,202,105
283,301,202,105
281,300,202,104
280,300,202,104
279,299,202,104
278,299,202,104
277,298,202,104
275,297,202,104
274,296,202,104
272,295,202,104
271,295,202,104
271,295,202,103
270,295,202,103
269,294,202,103
268,294,202,103
267,293,202,103
266,292,202,103
264,291,202,103
263,290,202,103
262,289,202,103
261,289,202,103
260,288,202,103
260,287,201,103
260,287,199,103
260,286,198,103
259,286,198,103
259,285,198,103
258,285,198,103
256,284,198,102
255,283,198,102
253,282,198,101
252,282,198,101
251,281,198,101
250,281,198,101
249,280,198,101
248,279,198,101
247,278,198,101
246,278,198,101
244,277,198,101
243,277,198,101
243,275,198,101
242,274,198,101
242,272,198,101
241,272,198,101
239,272,198,101
238,272,198,101
238,271,198,100
237,271,198,100
237,270,198,99
236,270,198,99
235,269,198,99
234,269,198,99
234,268,198,100
233,268,198,100
233,267,198,101
233,266,198,100
232,266,197,99
232,265,197,98
232,265,197,98
231,265,197,98
231,265,197,98
230,265,197,98
230,264,197,98
229,264,197,98
229,264,197,98
229,264,197,98
229,264,197,98
228,263,197,99
228,263,197,99
227,262,197,100
227,262,197,100
227,262,197,100
227,262,197,100
227,261,197,99
227,261,197,99
227,260,197,98
227,260,196,98
228,259,195,98
228,259,194,98
228,259,194,98
228,259,194,98
228,259,194,98
228,258,194,98
228,257,194,98
228,256,194,98
227,256,195,98
227,256,195,98
226,256,196,98
226,256,196,98
226,256,196,98
226,256,196,98
226,255,196,98
226,255,196,98
226,254,196,98
226,254,196,98
226,254,196,98
226,254,196,98
227,253,196,98
228,252,196,98
229,251,196,98
229,251,196,98
228,251,196,98
228,251,196,98
228,251,196,98
228,251,196,98
228,251,196,98
229,251,195,98
231,250,194,98
232,250,193,98
232,250,193,98
232,250,193,98
232,250,193,98
233,249,193,98
233,248,193,98
234,247,193,98
234,247,193,98
234,247,193,98
234,247,193,98
235,247,193,98
235,247,193,98
236,247,193,98
236,246,193,98
236,246,193,98
236,245,193,98
236,245,193,98
236,245,193,98
236,245,193,98
237,244,193,98
237,243,193,98
238,242,193,98
238,242,193,98
238,242,193,98
238,242,193,98
238,242,193,98
238,242,193,98
238,242,193,98
238,242,193,97
238,241,193,97
238,241,193,96
239,241,193,96
240,240,193,96
241,240,193,96
240,240,193,96
240,239,193,96
239,239,193,96
239,239,193,96
240,238,193,96
240,238,193,96
241,238,193,96
241,238,193,96
242,238,193,96
242,237,193,96
242,236,193,96
242,235,193,96
242,235,193,96
242,235,193,96
242,235,193,96
242,235,193,95
242,235,193,95
242,235,193,94
242,235,193,94
242,235,193,94
242,235,193,94
242,235,193,94
242,235,193,94
242,235,193,94
243,234,192,94
244,234,190,94
245,233,189,94
245,232,189,94
245,232,189,94
245,231,189,94
245,231,189,94
245,231,189,94
245,231,189,94
245,231,189,94
245,231,189,94
245,231,189,94
245,231,189,94
245,231,189,94
245,231,189,94
245,231,189,94
245,230,189,94
245,230,189,94
245,230,189,94
245,230,189,94
245,230,189,94
244,230,189,94
244,230,189,94
243,230,189,94
243,230,189,94
242,230,189,94
242,230,189,94
241,230,189,94
241,229,189,94
240,229,189,94
240,229,189,94
240,228,189,94
240,228,189,94
239,227,189,94
239,227,189,94
238,226,189,94
237,226,189,94
236,226,189,94
235,226,189,94
236,226,188,94
236,226,188,93
237,226,187,93
237,226,187,93
236,226,188,93
236,226,188,93
236,226,188,93
236,226,188,93
236,226,188,93
235,226,188,93
234,226,188,93
233,226,188,93
233,226,188,93
233,226,188,93
233,226,188,93
233,226,188,93
233,225,188,93
233,225,188,93
236,224,188,93
239,223,188,93
242,222,188,93
244,222,188,93
245,221,188,93
247,221,188,93
249,221,188,93
251,220,188,93
253,220,188,93
255,219,187,94
258,217,186,96
260,216,185,97
263,215,185,97
265,215,185,97
268,214,185,97
269,213,185,97
271,212,185,97
272,211,185,97
275,211,185,97
277,211,185,97
280,211,185,97
282,211,184,97
285,212,184,97
287,212,183,97
289,213,183,97
292,215,183,97
294,216,183,97
297,218,182,97
300,219,181,97
303,221,180,97
306,224,179,97
310,227,179,98
313,230,178,98
316,233,178,98
320,237,178,98
323,240,178,98
325,245,178,98
328,249,178,98
330,254,178,98
333,259,178,98
336,263,178,98
339,268,178,98
341,271,178,99
344,275,178,99
346,278,178,100
349,280,178,100
352,282,178,100
355,284,178,100
358,285,177,100
360,285,175,100
363,286,174,100
367,286,174,101
370,286,173,101
374,286,173,102
377,286,173,102
380,286,173,102
383,286,173,102
386,286,172,102
390,285,172,103
393,285,171,103
396,284,171,104
399,283,171,105
402,282,171,106
405,281,171,106
407,281,170,106
410,280,170,106
413,280,170,106
415,279,170,106
418,279,170,106
