521,308,103,111
521,308,103,111
521,308,103,111
521,308,103,111
521,308,102,109
521,308,102,106
521,308,101,104
521,308,101,104
521,308,101,104
521,308,101,104
519,306,102,104
517,305,103,104
515,303,104,104
514,303,104,104
514,303,104,104
513,303,104,104
513,303,104,104
513,303,104,104
513,303,104,104
513,303,104,104
513,303,104,104
513,303,104,104
512,302,104,105
510,300,104,107
509,299,104,108
509,299,104,108
509,299,104,108
509,299,104,108
509,299,104,108
509,299,104,108
509,299,104,108
509,299,104,108
509,299,104,108
509,299,104,108
511,299,103,106
512,298,101,104
514,298,100,102
514,298,102,101
513,298,105,100
513,298,107,99
513,297,107,101
513,297,108,102
513,296,108,104
513,296,108,104
513,296,108,104
513,296,108,104
513,296,108,104
513,296,108,104
513,296,108,104
513,296,108,104
513,296,108,104
513,296,108,104
513,296,108,104
513,296,108,104
513,296,108,104
514,295,108,105
514,294,108,106
515,293,108,107
515,293,108,107
515,293,108,107
515,293,108,107
515,293,108,109
515,293,108,110
515,293,108,112
518,294,107,112
521,294,106,112
524,295,105,112
524,295,105,112
524,295,105,112
524,295,105,112
524,295,107,112
524,295,109,112
524,295,111,112
524,295,111,112
524,295,111,112
524,295,111,112
527,295,108,112
530,295,105,112
533,295,102,112
533,295,102,112
533,295,102,112
533,295,102,112
533,295,102,112
533,295,102,112
533,295,102,112
532,295,103,113
530,295,105,115
529,295,106,116
529,295,106,117
529,295,106,117
529,295,106,118
529,295,106,118
529,296,106,118
529,296,106,118
527,298,106,117
525,299,106,117
523,301,106,116
523,301,106,116
523,301,106,116
523,301,106,116
520,301,107,117
518,301,107,118
515,301,108,119
515,301,108,119
515,301,108,119
515,301,108,119
513,301,105,120
512,302,102,122
510,302,99,123
508,302,101,124
505,302,104,125
503,302,106,126
502,303,104,126
501,303,103,126
500,304,101,126
500,304,101,126
500,304,101,126
500,304,101,126
498,305,101,126
496,305,101,126
494,306,101,126
493,306,101,126
492,306,101,126
491,306,101,126
492,306,101,127
493,305,101,127
494,305,101,128
496,305,101,128
499,306,101,128
501,306,101,128
504,307,101,128
507,307,101,128
510,308,101,128
513,307,101,128
517,306,101,128
520,305,101,128
524,306,101,128
528,308,101,128
532,309,101,128
536,308,101,129
540,308,101,131
544,307,101,132
550,307,100,134
557,307,99,135
563,307,98,137
566,307,98,137
570,308,98,137
573,308,98,137
578,308,98,138
583,307,98,138
588,307,98,139
591,308,98,139
595,308,98,139
598,309,98,139
601,309,98,139
604,310,98,139
607,310,98,139
610,310,98,139
612,311,98,139
615,311,98,139
617,312,98,139
619,313,98,139
621,314,98,139
622,313,100,142
624,313,101,144
625,312,103,147
628,313,103,147
630,313,103,147
633,314,103,147
634,315,103,147
634,316,103,147
635,317,103,147
636,317,103,147
637,318,103,147
638,318,103,147
640,318,103,148
643,319,103,149
645,319,103,150
645,319,103,152
645,319,103,153
645,319,103,155
646,320,103,155
647,322,103,155
648,323,103,155
649,324,103,155
651,325,103,155
652,326,103,155
653,326,104,156
653,327,106,158
654,327,107,159
654,327,107,159
654,327,107,159
654,327,107,159
655,328,107,160
655,330,107,162
656,331,107,163
657,332,107,163
657,334,107,163
658,335,107,163
658,336,107,163
658,336,107,163
658,337,107,163
657,338,107,163
655,340,107,163
654,341,107,163
654,341,107,167
654,341,107,170
654,341,107,174
654,341,107,174
653,341,107,174
653,341,107,174
651,343,107,175
650,344,107,175
648,346,107,176
646,347,108,177
645,347,109,177
643,348,110,178
641,349,110,178
640,350,110,178
638,351,110,178
637,353,110,178
636,354,110,178
635,356,110,178
634,357,110,180
634,357,110,183
633,358,110,185
631,358,110,188
629,359,110,190
627,359,110,193
626,361,110,193
624,362,110,193
623,364,110,193
621,364,110,193
619,364,110,193
617,364,110,193
617,365,110,194
616,367,110,195
616,368,110,196
615,369,110,196
614,370,110,196
613,371,110,196
611,371,113,198
610,372,115,199
608,372,118,201
607,372,118,201
606,373,118,201
605,373,118,201
605,374,118,204
605,374,118,206
605,375,118,209
607,376,118,209
609,378,118,209
611,379,118,209
610,379,118,209
610,380,118,209
609,380,118,209
610,380,118,209
612,381,118,209
613,381,118,209
613,382,118,209
613,383,118,209
613,384,118,209
613,386,118,209
613,387,118,209
613,389,118,209
611,386,122,213
610,384,126,217
608,381,130,221
608,381,130,221
608,381,130,221
608,381,130,221
605,381,130,221
602,380,130,221
599,380,130,221
599,380,130,221
599,380,130,221
599,380,130,221
597,380,130,221
596,381,130,221
594,381,130,221
594,381,130,221
593,382,130,222
593,382,130,222
592,381,130,222
592,380,130,222
591,379,130,222
591,379,130,222
591,379,130,222
591,379,130,222
590,379,130,224
589,379,130,225
588,379,130,227
586,379,132,227
585,379,134,228
583,379,136,228
582,378,136,228
581,377,136,228
580,376,136,228
580,376,136,228
580,376,136,228
580,376,136,228
580,376,136,228
580,376,136,228
580,376,136,228
578,377,136,228
576,378,136,228
574,379,136,228
574,379,136,228
574,379,136,228
574,379,136,228
573,380,136,228
571,380,136,228
570,381,136,228
570,381,136,228
570,381,136,228
570,381,136,228
568,381,136,228
567,382,136,228
565,382,136,228
565,382,136,228
565,382,136,228
565,382,136,228
564,382,136,231
564,382,136,233
563,382,136,236
562,384,136,236
562,386,136,236
561,388,136,236
561,388,136,237
561,387,136,239
561,387,136,240
560,388,136,240
560,390,136,240
559,391,136,240
558,393,136,240
557,395,136,240
556,397,136,240
555,397,137,240
553,397,139,241
552,397,140,241
550,397,142,245
548,397,144,248
546,397,146,252
545,399,146,252
544,402,146,252
543,404,146,252
543,404,146,252
543,404,146,252
543,404,146,252
543,406,146,249
543,409,146,247
543,411,146,244
543,414,146,247
543,416,146,249
543,419,146,252
543,419,146,252
543,419,146,252
543,419,146,252
541,419,146,252
539,419,146,252
537,419,146,252
537,419,146,252
537,419,146,252
537,419,146,252
536,420,146,254
535,422,146,257
534,423,146,259
534,423,146,259
534,423,146,259
534,423,146,259
533,424,146,260
533,426,146,262
532,427,146,263
532,427,146,263
532,427,146,263
532,427,146,263
531,428,146,265
529,429,146,268
528,430,146,270
528,430,146,270
528,430,146,270
528,430,146,270
528,430,146,270
528,430,146,270
528,430,146,270
528,430,146,270
528,430,146,270
528,430,146,270
526,430,146,270
523,429,146,270
521,429,146,270
519,426,146,270
518,424,146,270
516,421,146,270
516,420,146,270
516,420,146,270
516,419,146,270
515,419,146,268
515,418,146,265
514,418,146,263
514,416,146,263
515,415,146,263
515,413,146,263
513,412,146,263
512,411,146,263
510,410,146,263
509,408,146,263
509,407,146,263
508,405,146,263
507,406,146,259
505,407,146,255
504,408,146,251
504,408,146,251
504,408,146,251
504,408,146,251
504,405,146,251
503,402,146,251
503,399,146,251
503,396,146,251
503,394,146,251
503,391,146,251
501,391,146,251
499,391,146,251
497,391,146,251
496,391,151,249
494,390,157,248
493,390,162,246
491,390,163,246
490,391,164,246
488,391,165,246
488,388,165,244
488,386,165,241
488,383,165,239
491,383,163,239
495,382,162,238
498,382,160,238
499,380,161,238
500,377,163,238
501,375,164,238
501,375,164,238
501,375,164,238
501,375,164,238
503,372,166,237
506,369,169,237
508,366,171,236
508,366,173,233
507,367,175,229
507,367,177,226
508,365,177,226
508,364,177,226
509,362,177,226
509,362,177,223
509,362,178,221
509,362,178,218
507,362,178,218
505,361,178,218
503,361,178,218
503,359,180,219
503,358,181,220
503,356,183,221
501,356,185,221
499,355,186,221
497,355,188,221
493,355,189,221
489,355,191,221
485,355,192,221
482,355,192,218
479,354,193,215
476,354,193,212
473,352,193,212
471,350,193,212
468,348,193,212
465,348,193,212
462,348,193,212
459,348,193,212
456,347,194,213
453,346,194,213
450,345,195,214
445,345,198,211
441,345,200,209
436,345,203,206
434,344,203,206
431,342,203,206
429,341,203,206
428,341,203,206
427,341,203,206
426,341,203,206
421,341,205,206
415,341,206,206
410,341,208,206
407,341,208,206
403,340,208,205
400,340,208,205
397,338,208,205
394,337,208,205
391,335,208,205
386,337,210,201
382,339,211,198
377,341,213,194
373,342,213,195
370,342,213,195
366,343,213,196
361,342,215,196
357,342,218,196
352,341,220,196
347,341,221,194
343,342,222,193
338,342,223,191
334,344,223,188
331,345,223,186
327,347,223,183
322,345,223,185
318,344,222,187
313,342,222,189
311,342,223,188
308,343,225,187
306,343,226,186
302,343,229,185
298,344,233,184
294,344,236,183
293,342,236,183
291,340,236,183
290,338,236,183
287,340,235,181
284,343,235,180
281,345,234,178
281,345,234,178
281,345,234,178
281,345,234,178
279,343,235,178
277,342,235,179
275,340,236,179
274,340,234,178
274,339,233,178
273,339,231,177
276,339,231,177
278,339,231,177
281,339,231,177
281,336,232,178
281,333,234,180
281,330,235,181
282,332,237,177
283,334,240,172
284,336,242,168
285,334,243,168
286,333,243,169
287,331,244,169
291,331,243,169
296,331,241,168
300,331,240,168
303,329,240,166
305,328,240,165
308,326,240,163
309,325,241,165
311,323,241,168
312,322,242,170
314,321,241,168
316,320,239,167
318,319,238,165
319,318,238,166
321,317,239,167
322,316,239,168
323,315,239,168
324,313,239,168
325,312,239,168
325,312,239,168
324,311,239,168
324,311,239,168
325,311,239,165
325,311,238,163
326,311,238,160
325,310,238,160
325,308,238,160
324,307,238,160
323,306,238,160
323,305,238,160
322,304,238,160
319,304,238,160
316,304,238,160
313,304,238,160
311,303,237,159
310,302,236,157
308,301,235,156
304,300,235,156
301,298,235,156
297,297,235,156
294,297,235,156
290,296,235,156
287,296,235,156
282,295,235,156
278,294,235,156
273,293,235,156
270,294,235,155
266,295,235,153
263,296,235,152
258,295,235,152
254,293,235,152
249,292,235,152
245,292,235,152
242,291,235,152
238,291,235,152
233,293,235,149
228,294,235,146
223,296,235,143
220,293,235,143
218,289,235,143
215,286,235,143
211,286,238,144
208,286,240,145
204,286,243,146
202,286,243,146
200,286,243,146
198,286,243,146
197,286,242,142
196,286,241,139
195,286,240,135
194,283,240,135
193,281,240,135
192,278,240,135
190,279,240,133
188,280,240,130
186,281,240,128
185,279,240,128
183,278,240,128
182,276,240,128
180,275,239,130
179,274,238,133
177,273,237,135
176,272,234,135
174,270,231,135
173,269,228,135
170,268,231,136
166,267,233,136
163,266,236,137
162,266,234,136
162,266,232,135
161,266,230,134
158,264,231,134
154,262,231,135
151,260,232,135
149,259,232,134
148,257,233,132
146,256,233,131
144,256,232,129
143,256,231,126
141,256,230,124
139,255,229,124
138,253,228,123
136,252,227,123
136,251,227,125
135,249,228,126
135,248,228,128
131,247,228,127
127,247,228,125
123,246,228,124
121,246,227,123
120,246,225,122
118,246,224,121
115,244,224,122
111,241,224,123
108,239,224,124
107,239,222,123
107,240,221,121
106,240,219,120
102,239,219,120
97,238,219,120
93,237,219,120
91,236,219,119
90,234,218,118
88,233,218,117
86,232,218,117
84,231,218,117
82,230,218,117
80,229,216,115
78,229,215,114
76,228,213,112
76,228,213,112
76,228,213,112
76,228,213,112
74,226,213,112
72,223,213,113
70,221,213,113
69,221,210,111
69,221,207,110
68,221,204,108
68,218,205,110
69,215,206,112
69,212,207,114
70,211,203,112
72,211,200,110
73,210,196,108
72,209,196,108
70,209,196,108
69,208,196,108
69,206,196,108
68,205,196,108
68,203,196,108
68,201,196,108
67,199,196,108
67,197,196,108
69,195,192,108
71,194,187,108
73,192,183,108
73,191,183,108
72,190,183,108
72,189,183,108
71,188,183,108
70,187,183,108
69,186,183,108
68,184,183,108
68,183,183,108
67,181,183,108
69,180,180,106
71,180,176,105
73,179,173,103
74,179,170,101
74,178,166,100
75,178,163,98
75,176,163,98
74,173,163,98
74,171,163,98
74,170,163,98
74,170,163,98
74,169,163,98
75,166,163,98
76,164,163,98
77,161,163,98
81,161,159,98
85,161,154,98
89,161,150,98
91,159,148,98
94,157,146,98
96,155,144,98
96,154,144,98
96,154,144,98
96,153,144,98
98,152,142,98
101,152,140,97
103,151,138,97
106,153,136,97
109,154,134,96
112,156,132,96
114,159,131,95
116,161,129,94
118,164,128,93
118,166,126,93
118,169,125,93
118,171,123,93
118,173,123,93
119,174,123,93
119,176,123,93
121,177,123,93
122,178,123,93
124,179,123,93
125,181,123,93
126,182,123,93
127,184,123,93
129,187,123,93
131,189,123,93
133,192,123,93
135,195,121,90
137,198,119,87
139,201,117,84
139,201,117,84
139,201,117,84
139,201,117,84
144,203,112,82
148,204,108,81
153,206,103,79
155,206,101,79
156,206,100,78
158,206,98,78
162,206,98,79
165,207,98,81
169,207,98,82
169,208,98,81
169,210,98,79
169,211,98,78
174,211,96,78
179,211,95,79
184,211,93,79
187,211,93,79
190,211,93,79
193,211,93,79
198,211,90,76
203,211,88,74
208,211,85,71
214,211,85,71
219,211,85,71
225,211,85,71
231,212,85,71
237,212,85,71
243,213,85,71
251,212,83,71
260,212,80,71
268,211,78,71
276,211,78,71
285,212,78,71
293,212,78,71
303,213,77,69
312,214,76,68
322,215,75,66
333,215,75,66
343,215,75,66
354,215,75,66
364,215,75,66
375,214,75,66
385,214,75,66
394,214,75,66
404,213,75,66
413,213,75,66
423,213,72,66
434,212,69,66
444,212,66,66
454,212,66,66
464,211,66,66
474,211,66,66
483,211,66,66
492,211,66,66
501,211,66,66
505,211,66,66
508,211,66,66
512,211,66,66
513,212,66,66
513,212,66,66
514,213,66,66
514,213,66,66
514,213,66,66
514,213,66,66
511,213,66,65
509,213,66,64
506,213,66,63
503,213,66,63
501,213,66,63
498,213,66,63
496,212,66,63
494,212,66,63
492,211,66,63
489,211,66,63
487,211,66,63
484,211,66,63
482,211,66,63
480,212,66,63
478,212,66,63
475,212,66,63
471,211,66,63
468,211,66,63
466,211,66,63
465,211,66,63
463,211,66,63
460,211,66,64
458,212,67,64
455,212,67,65
453,212,66,64
452,213,66,62
450,213,65,61
448,212,66,61
445,212,67,62
443,211,68,62
441,212,68,62
440,213,68,62
438,214,68,62
435,214,68,62
433,213,68,62
430,213,68,62
428,213,70,63
427,213,71,65
425,213,73,66
424,213,73,66
422,214,73,66
421,214,73,66
420,214,73,66
418,214,73,66
417,214,73,66
416,214,73,66
414,213,73,66
413,213,73,66
411,214,73,66
410,214,73,66
408,215,73,66
408,215,73,66
408,215,73,66
408,215,73,66
410,216,73,65
412,218,73,64
414,219,73,63
416,218,73,63
418,217,73,63
420,216,73,63
423,216,73,63
427,217,73,63
430,217,73,63
433,217,73,63
437,218,73,63
440,218,73,63
442,218,74,64
445,218,76,65
447,218,77,66
449,217,77,66
451,217,77,66
453,216,77,66
456,217,77,65
460,218,77,64
463,219,77,63
465,219,77,63
467,219,77,63
469,219,77,63
474,219,77,63
478,219,77,63
483,219,77,63
486,219,77,63
488,220,77,63
491,220,77,63
493,220,77,63
494,220,77,63
496,220,77,63
499,220,77,64
503,220,77,66
506,220,77,67
509,220,77,67
513,219,77,67
516,219,77,67
518,219,77,67
521,220,77,67
523,220,77,67
525,220,77,67
528,221,77,67
530,221,77,67
531,222,77,67
533,222,77,67
534,223,77,67
537,223,77,67
541,222,77,67
544,222,77,67
546,222,77,67
548,222,77,67
550,222,77,67
551,223,78,67
553,225,80,67
554,226,81,67
556,226,81,67
559,226,81,67
561,226,81,67
562,226,81,67
564,226,81,67
565,226,81,67
565,228,81,67
565,229,81,67
565,231,81,67
566,231,81,67
567,231,81,67
568,231,81,67
571,231,81,67
574,231,81,67
577,231,81,67
577,231,81,67
577,231,81,67
577,231,81,67
579,232,81,67
581,234,81,67
583,235,81,67
583,235,81,67
583,236,81,67
583,236,81,67
583,236,81,67
583,236,81,67
583,236,81,67
586,238,81,67
590,239,81,67
593,241,81,67
594,241,81,67
594,241,81,67
595,241,81,67
597,241,81,67
598,242,81,67
600,242,81,67
601,242,82,69
602,243,83,71
603,243,84,73
603,243,85,74
604,243,87,74
604,243,88,75
606,244,88,75
609,246,88,75
611,247,88,75
612,247,88,75
612,248,88,75
613,248,88,75
616,250,88,75
619,251,88,75
622,253,88,75
622,254,88,75
623,254,88,75
623,255,88,75
625,256,88,75
626,258,88,75
628,259,88,75
631,260,88,75
635,262,88,75
638,263,88,75
640,263,88,75
643,263,88,75
645,263,88,75
645,264,88,75
646,266,88,75
646,267,88,75
648,268,88,75
651,270,88,75
653,271,88,75
656,273,88,75
660,274,88,75
663,276,88,75
665,276,88,75
666,276,88,75
668,276,88,75
669,277,90,76
670,277,93,78
671,278,95,79
673,280,95,79
676,282,95,79
678,284,95,79
678,285,95,79
679,285,95,79
679,286,95,79
681,287,94,82
684,289,94,84
686,290,93,87
689,292,93,87
691,293,93,87
694,295,93,87
695,296,96,87
696,298,98,88
697,299,101,88
698,301,101,88
700,302,101,88
701,304,101,88
703,305,102,88
706,305,102,89
708,306,103,89
710,308,103,90
711,311,103,92
713,313,103,93
715,314,103,94
718,315,103,95
720,316,103,96
721,318,103,96
722,319,103,96
723,321,103,96
725,322,106,97
726,323,108,97
728,324,111,98
730,325,111,99
731,327,111,101
733,328,111,102
735,329,110,103
737,330,110,104
739,331,109,105
741,333,109,105
742,336,109,105
744,338,109,105
747,339,109,106
750,340,109,108
753,341,109,109
755,344,109,109
756,347,109,109
758,350,109,109
760,351,109,112
762,352,109,114
764,353,109,117
766,355,109,118
768,356,109,120
770,358,109,121
772,361,109,121
775,363,109,121
777,366,109,121
778,366,109,122
780,366,109,122
781,366,109,123
781,369,112,126
781,371,114,130
781,374,117,133
783,376,117,133
785,379,117,133
787,381,117,133
789,384,117,133
792,387,117,133
794,390,117,133
795,392,118,134
796,394,118,136
797,396,119,137
799,399,119,139
802,401,119,140
804,404,119,142
806,406,119,144
807,407,119,146
809,409,119,148
811,412,119,148
813,414,119,149
815,417,119,149
817,418,120,151
820,419,122,154
822,420,123,156
824,423,123,158
825,425,123,161
827,428,123,163
829,431,123,163
832,435,123,163
834,438,123,163
834,439,126,163
835,439,128,163
835,440,131,163
837,442,131,165
839,444,131,166
841,446,131,168
842,448,131,169
844,449,131,171
845,451,131,172
846,453,131,173
847,455,131,175
848,457,131,176
850,457,133,178
851,458,136,181
853,458,138,183
855,461,138,182
858,464,138,181
860,467,138,180
860,467,138,180
860,467,138,180
860,467,138,180
862,469,138,180
865,472,138,180
867,474,138,180
868,474,138,180
870,474,138,180
871,474,138,180
871,475,138,184
872,476,138,188
872,477,138,192
871,476,138,192
869,475,138,192
868,474,138,192
866,473,138,192
864,472,138,192
862,471,138,192
856,470,138,192
851,469,138,192
845,468,138,192
838,467,138,192
832,467,138,192
825,466,138,192
819,464,138,192
814,463,138,192
808,461,138,192
800,460,137,190
793,460,135,187
785,459,134,185
776,458,134,185
768,457,134,185
759,456,134,185
753,456,133,185
747,456,133,185
741,456,132,185
736,456,132,185
730,456,132,185
725,456,132,185
722,457,132,185
718,458,132,185
715,459,132,185
712,458,135,184
708,457,137,184
705,456,140,183
705,456,140,183
705,456,140,183
705,456,140,183
703,458,140,183
700,460,140,183
698,462,140,183
698,463,140,186
698,464,140,190
698,465,140,193
699,467,140,193
699,469,140,193
700,471,140,193
700,471,140,194
700,471,140,196
700,471,140,197
700,471,140,197
700,471,140,197
700,471,140,197
699,473,143,198
699,476,145,198
698,478,148,199
697,481,148,200
696,483,149,202
695,486,149,203
695,486,149,203
695,486,149,203
695,486,149,203
696,489,149,204
697,492,149,205
698,495,149,206
697,497,151,207
695,500,153,207
694,502,155,208
696,505,153,207
698,509,151,206
700,512,149,205
701,512,149,205
702,511,149,205
703,511,149,205
703,512,153,205
703,514,156,205
703,515,160,205
705,518,158,202
706,522,156,199
708,525,154,196
708,524,157,197
708,522,160,198
708,521,163,199
708,521,163,199
709,521,163,199
709,521,163,199
710,521,163,199
710,521,163,199
711,521,163,199
707,521,163,199
704,521,163,199
700,521,163,199
696,524,166,196
692,528,168,192
688,531,171,189
682,531,171,189
676,531,171,189
670,531,171,189
664,531,171,189
657,531,171,189
651,531,171,189
640,531,171,189
630,531,171,189
619,531,171,189
609,529,171,191
600,528,171,192
590,526,171,194
578,525,171,195
567,524,171,197
555,523,171,198
546,521,168,200
537,519,164,201
528,517,161,203
517,517,161,204
505,516,161,204
494,516,161,205
485,514,161,207
477,512,161,209
468,510,161,211
462,510,158,211
457,510,155,211
451,510,152,211
446,508,152,211
442,506,152,211
437,504,152,211
433,502,155,212
428,500,158,213
424,498,161,214
422,498,160,211
420,498,158,209
418,498,157,206
414,497,157,206
409,497,157,206
405,496,157,206
407,495,154,204
408,494,150,202
410,493,147,200
407,490,147,201
404,487,148,203
401,484,148,204
401,484,148,204
401,484,148,204
401,484,148,204
399,483,151,201
398,481,155,198
396,480,158,195
395,480,158,195
395,480,158,195
394,480,158,195
393,480,157,193
392,480,156,190
391,480,155,188
391,478,155,188
391,477,155,188
391,475,155,188
392,473,157,188
394,472,159,188
395,470,161,188
397,469,161,186
398,468,161,185
400,467,161,183
403,466,161,183
406,466,161,183
409,465,161,183
414,465,160,180
418,464,159,177
423,464,158,174
427,464,158,170
432,465,157,167
436,465,157,163
441,462,157,168
445,458,158,172
450,455,158,177
453,452,158,177
455,450,158,177
458,447,158,177
457,450,162,171
457,452,165,164
456,455,169,158
462,452,166,160
467,448,164,162
473,445,161,164
475,443,161,164
476,442,161,164
478,440,161,164
478,440,161,164
478,440,161,164
478,440,161,164
478,440,161,164
478,440,161,164
478,440,161,164
478,440,161,164
478,440,161,164
478,440,161,164
476,440,160,159
475,441,158,155
473,441,157,150
472,439,158,150
470,437,160,150
469,435,161,150
469,435,160,150
469,435,159,150
469,435,158,150
467,435,157,148
466,434,156,147
464,434,155,145
462,433,155,145
460,431,155,145
458,430,155,145
456,429,157,145
453,428,160,145
451,427,162,145
449,427,162,144
446,427,162,143
444,427,162,142
445,427,161,142
445,427,160,142
446,427,159,142
448,427,158,139
449,428,157,137
451,428,156,134
452,428,156,133
454,428,155,132
455,428,155,131
458,426,154,131
462,425,152,131
465,423,151,131
466,423,152,131
468,423,152,131
469,423,153,131
470,423,152,130
471,423,150,129
472,423,149,128
470,422,149,128
467,422,148,128
465,421,148,128
462,420,147,128
458,420,145,128
455,419,144,128
450,419,144,128
446,418,144,127
441,418,144,127
435,418,143,127
429,418,143,128
423,418,142,128
417,418,141,128
411,418,140,127
405,418,139,127
399,418,139,126
393,418,139,126
387,418,139,125
382,418,138,125
376,417,136,126
371,417,135,126
367,417,135,125
364,416,135,125
360,416,135,124
358,415,134,124
355,415,134,124
353,414,133,124
353,414,131,123
352,414,130,121
352,414,128,120
353,413,128,120
355,412,128,121
356,411,128,121
359,410,127,120
361,408,126,119
364,407,125,118
368,406,124,118
372,405,122,118
376,404,121,118
380,403,120,117
385,402,120,117
389,401,119,116
393,400,118,115
396,399,116,114
400,398,115,113
404,397,114,113
409,395,114,113
413,394,113,113
416,393,113,112
418,391,113,112
421,390,113,111
425,389,112,110
428,389,110,109
432,388,109,108
435,387,109,108
439,385,108,108
442,384,108,108
445,383,107,107
449,383,107,106
452,382,106,105
456,381,106,105
459,379,105,105
463,378,105,105
467,377,103,104
470,377,102,102
474,376,100,101
476,375,100,101
478,373,99,102
480,372,99,102
481,371,99,102
482,369,99,101
483,368,99,101
482,368,99,100
481,367,99,99
480,367,99,98
478,366,99,98
477,364,98,98
475,363,98,98
473,362,97,98
472,362,97,98
470,361,96,98
468,360,95,97
467,359,95,97
465,358,94,96
462,357,94,96
460,357,93,96
457,356,93,96
455,355,93,96
452,354,92,95
450,353,92,95
447,353,91,95
444,352,91,94
441,352,90,94
439,351,89,94
437,350,89,93
435,349,88,93
432,349,90,93
428,348,91,92
425,348,93,92
424,348,91,91
423,349,90,89
422,349,88,88
421,348,88,88
421,346,88,89
420,345,88,89
420,344,88,89
420,344,88,88
420,343,88,88
421,342,88,88
422,341,87,88
423,340,87,88
423,339,87,88
424,339,87,88
424,338,87,88
424,338,87,87
425,337,86,86
425,337,86,85
425,336,86,85
425,335,86,86
425,334,86,86
425,334,86,86
425,334,85,85
425,334,85,85
425,333,85,85
424,333,84,84
424,332,84,84
423,332,84,84
423,331,84,84
422,331,84,84
421,330,85,84
419,330,85,84
418,329,86,84
418,329,85,84
417,329,85,83
417,329,84,83
416,329,84,83
416,328,85,83
415,328,85,83
414,328,85,83
413,327,84,83
412,327,84,83
411,327,84,83
409,328,84,83
408,328,84,83
408,328,84,82
407,327,85,82
407,327,85,81
407,327,85,81
407,327,86,81
407,327,86,81
407,327,85,80
407,328,84,79
407,328,83,78
407,328,83,78
407,328,83,78
407,328,83,78
407,327,83,80
406,325,84,81
406,324,84,83
406,324,85,83
407,324,85,83
407,324,86,83
408,324,85,82
408,324,85,82
409,324,84,81
409,324,84,81
409,324,84,81
409,324,84,81
409,324,84,81
409,324,85,81
409,324,85,81
410,324,84,81
410,324,84,80
411,324,83,80
411,324,84,80
411,323,84,80
411,323,85,80
412,323,85,80
413,322,84,81
414,322,84,81
414,322,84,81
415,323,84,81
415,323,84,81
415,323,84,81
416,322,84,82
416,322,84,82
416,322,84,82
417,322,83,81
417,322,83,81
417,322,84,81
417,322,84,80
417,322,85,80
417,321,85,81
418,321,84,82
418,320,84,83
418,320,84,82
419,321,84,82
419,321,84,81
419,321,84,82
419,320,85,82
419,320,85,83
419,320,85,83
418,320,85,83
418,320,85,83
419,320,85,83
419,320,85,82
420,320,85,82
420,319,85,82
421,319,85,83
421,318,85,83
421,318,85,83
422,318,85,82
422,318,85,82
422,317,85,83
423,317,85,83
423,316,85,84
423,316,85,84
422,315,85,83
422,315,85,83
422,314,85,83
423,313,85,84
423,312,85,84
423,312,85,84
423,311,86,84
423,311,86,84
423,311,86,84
423,310,86,83
423,310,86,83
423,310,86,83
424,309,86,83
424,309,86,83
424,308,87,83
424,308,87,83
424,307,88,83
424,306,88,83
425,305,88,83
425,304,88,83
425,303,88,83
425,303,88,82
425,302,88,82
425,301,87,82
426,301,87,82
426,300,86,82
426,299,86,82
427,297,87,82
427,296,87,82
427,295,87,82
428,295,87,82
428,294,87,82
428,293,86,82
429,292,85,82
429,291,84,82
429,291,85,81
428,290,87,81
428,290,88,80
429,289,88,80
429,287,87,81
430,286,87,81
430,285,87,81
430,283,88,82
430,282,88,82
430,281,88,81
431,281,87,80
431,280,87,79
431,279,87,80
432,277,87,80
432,276,87,81
432,275,87,81
431,274,87,81
431,273,87,81
431,273,88,81
432,272,88,80
432,272,89,80
432,271,89,80
432,269,88,80
432,268,88,80
432,267,88,80
433,267,87,81
433,266,87,81
433,266,88,81
432,265,89,80
432,265,90,80
432,264,90,80
433,264,89,80
433,263,89,80
433,262,89,80
432,262,90,81
432,261,90,81
432,260,90,81
431,259,90,81
431,258,90,81
431,258,90,81
431,258,89,80
431,258,89,80
430,257,89,81
430,257,89,81
429,256,89,82
428,256,90,82
428,256,90,82
427,256,91,82
426,256,91,82
425,255,92,82
424,255,92,82
423,255,92,82
423,254,91,83
422,254,91,83
421,254,92,83
421,255,92,82
420,255,93,82
419,255,94,82
417,254,94,82
416,254,95,82
416,254,95,82
415,254,94,83
415,254,94,83
414,254,94,83
412,254,94,83
411,254,94,83
410,254,95,83
409,255,95,82
408,255,96,82
407,254,96,83
407,254,96,83
406,253,96,84
404,253,97,84
403,253,97,84
401,253,98,84
400,253,98,84
398,253,99,85
397,253,99,85
395,253,99,85
394,254,100,85
392,254,100,85
391,254,99,85
390,254,99,84
389,254,98,84
387,254,98,85
385,254,99,85
383,254,99,86
381,254,100,86
380,254,102,86
378,254,103,86
377,254,103,86
376,255,102,86
375,255,102,86
373,255,102,86
371,256,103,86
369,256,103,86
368,256,103,86
367,255,103,87
366,255,103,87
364,255,103,87
363,255,104,88
361,255,104,88
360,255,105,88
358,255,106,88
357,255,107,88
356,256,107,88
354,256,108,88
353,257,108,88
352,256,108,89
351,256,107,90
350,255,107,91
348,256,108,90
347,257,109,90
345,258,110,89
344,258,110,89
344,258,110,90
343,258,110,90
342,258,110,91
340,258,111,91
339,258,111,92
338,258,111,92
337,257,112,92
336,257,112,92
335,257,113,92
334,257,113,93
333,257,114,93
332,257,114,93
332,256,113,93
331,256,113,93
330,256,113,93
328,257,114,92
327,257,114,92
326,257,115,92
326,256,116,93
325,256,117,93
324,255,117,93
322,255,118,94
321,254,118,94
320,254,118,94
320,255,117,94
319,255,117,94
318,255,118,94
316,254,118,95
315,254,119,95
315,253,119,95
314,253,120,95
314,252,120,95
313,252,120,95
312,252,121,96
311,252,121,96
311,251,121,97
310,250,122,97
310,249,122,98
309,249,122,97
308,248,123,97
307,248,123,96
306,247,123,96
306,247,123,97
305,246,123,97
305,246,123,97
304,245,124,97
304,245,124,97
304,244,124,97
303,244,123,97
303,243,123,97
302,242,124,97
301,242,125,96
300,241,126,96
300,240,126,96
300,238,125,97
300,237,125,97
299,236,126,97
298,236,127,97
297,235,128,97
297,235,128,97
297,234,127,97
297,234,127,97
296,234,128,97
296,233,128,97
295,233,129,97
295,232,129,97
294,232,130,98
294,231,130,98
294,231,130,98
293,230,130,98
293,230,130,98
293,229,130,98
292,229,131,99
292,228,131,99
291,228,131,99
291,227,132,99
290,227,132,99
290,227,132,99
290,226,132,99
290,226,132,99
290,226,132,99
289,225,133,100
289,225,133,100
289,224,133,100
289,224,134,101
289,223,134,101
289,223,134,101
289,222,135,100
289,222,135,100
289,222,135,100
290,222,135,100
290,222,135,100
291,222,135,100
292,221,136,100
293,221,136,100
294,220,136,101
295,219,136,102
296,218,136,103
297,218,136,103
299,217,136,102
300,217,136,102
300,217,137,101
301,217,137,101
301,217,138,100
302,216,138,101
302,216,138,102
303,215,138,103
303,214,138,104
304,213,138,104
304,212,138,105
304,212,138,104
305,212,138,103
305,212,138,102
306,212,138,102
307,211,138,103
308,211,138,103
309,210,138,103
309,210,138,104
310,209,138,104
311,209,139,104
311,208,139,103
312,208,140,103
313,207,140,104
313,207,139,104
314,206,139,105
315,205,139,105
316,204,139,106
317,203,139,106
318,203,139,106
319,202,140,105
320,202,140,105
322,201,140,106
323,201,139,106
325,200,139,107
325,199,139,107
326,198,140,106
326,197,140,106
327,196,140,107
328,196,140,107
329,195,140,108
330,194,140,108
331,194,141,108
332,193,141,108
333,192,141,108
335,192,140,109
336,191,140,109
337,191,140,108
338,192,140,106
339,192,140,105
340,191,140,106
341,191,140,106
342,190,140,107
342,189,141,108
343,189,141,108
343,188,142,109
344,188,141,109
346,187,141,110
347,187,140,110
348,187,140,110
350,187,140,110
351,187,140,110
352,187,141,110
352,186,141,111
353,186,142,111
354,187,142,111
354,187,142,110
355,188,142,110
356,188,142,111
356,187,142,111
357,187,142,112
358,187,143,112
358,186,143,113
359,186,144,113
359,187,143,113
360,188,142,113
360,189,141,113
360,190,142,113
361,190,142,113
361,191,143,113
361,192,143,113
362,192,143,114
362,193,143,114
362,194,143,114
361,194,143,114
361,195,143,114
361,196,143,114
360,196,144,114
360,197,144,114
359,198,145,113
357,198,145,113
356,199,146,112
355,200,145,112
355,200,145,113
354,201,144,113
354,202,144,114
353,204,145,114
353,205,145,115
352,206,145,115
352,208,145,114
351,209,145,114
351,210,145,114
351,212,144,114
351,213,144,114
350,215,145,114
349,216,146,114
348,218,147,114
348,220,147,113
347,221,147,113
347,223,147,112
347,224,147,112
347,225,146,113
347,226,146,113
347,228,145,112
348,229,145,112
348,231,144,111
348,232,144,111
347,233,145,110
347,234,145,110
348,234,145,110
348,235,145,110
349,235,145,110
350,236,144,110
350,236,144,110
351,237,143,110
351,238,143,109
351,240,142,109
351,241,142,108
352,241,142,109
352,240,142,110
353,240,142,111
353,240,142,111
354,241,141,111
354,241,141,111
355,242,141,110
355,242,140,109
356,243,140,108
356,244,140,108
357,244,140,107
357,245,140,107
357,245,140,107
358,246,139,108
358,246,139,108
359,247,138,107
360,247,136,107
361,248,135,106
361,249,136,106
362,250,136,106
362,251,137,106
362,253,137,105
362,254,138,105
362,256,138,104
363,257,137,104
365,259,136,103
366,260,135,103
367,262,135,103
368,264,135,103
369,266,135,103
370,268,134,103
370,270,133,104
371,272,132,104
371,276,132,103
372,279,133,103
372,283,133,102
373,286,132,102
373,288,131,101
374,291,130,101
375,293,130,101
376,296,129,101
377,298,129,101
377,300,129,101
377,303,130,100
377,305,130,100
378,308,129,100
378,310,129,99
379,313,128,99
380,314,128,99
380,314,127,99
381,315,127,99
382,316,127,99
382,317,126,98
383,318,126,98
383,319,126,98
384,320,126,98
384,321,126,98
385,322,125,98
386,322,125,97
387,323,124,97
387,324,125,97
387,325,125,98
387,326,126,98
387,327,125,97
388,329,125,96
388,330,124,95
389,331,123,95
389,331,123,94
390,332,122,94
391,333,121,94
391,334,121,93
392,335,120,93
392,336,121,93
392,337,121,93
392,338,122,93
393,339,121,92
393,340,120,91
394,341,119,90
394,342,119,90
395,344,119,89
395,345,119,89
395,346,119,89
395,348,120,89
395,349,120,89
396,350,119,89
396,351,119,90
397,352,118,90
397,353,117,89
398,354,117,89
398,355,116,88
398,355,116,88
399,354,115,88
399,354,115,88
399,353,115,87
399,353,116,87
399,352,116,86
399,351,116,86
398,351,116,87
398,350,116,87
398,349,116,87
398,349,117,87
398,348,117,87
399,347,116,87
400,346,114,86
401,345,113,86
401,344,114,86
400,344,114,86
400,343,115,86
400,342,115,86
401,342,114,85
401,341,114,85
400,341,114,84
400,340,114,84
399,340,114,83
399,339,114,83
400,338,114,84
400,337,114,84
400,337,114,84
399,336,115,83
399,336,115,83
399,335,115,83
399,334,115,84
399,333,115,84
399,333,115,84
399,332,114,85
399,332,114,85
399,332,114,84
398,332,115,83
398,332,115,82
397,331,115,83
397,331,116,83
396,330,116,84
396,330,116,84
395,330,117,83
395,330,117,83
394,330,118,83
393,329,118,84
392,329,119,84
392,329,118,84
393,329,118,84
393,329,117,84
392,329,118,84
392,329,118,84
391,329,119,84
390,329,120,84
390,330,120,84
389,330,121,84
389,330,121,85
389,330,121,85
389,330,121,86
388,330,121,86
388,331,122,86
387,331,122,86
387,331,122,86
387,332,122,85
387,332,122,85
387,332,122,86
388,332,122,87
388,332,122,88
387,332,123,88
387,332,123,88
386,332,124,88
386,332,123,88
387,333,122,88
387,333,121,88
386,333,122,88
386,333,123,88
385,333,124,88
385,333,124,88
385,333,125,89
385,333,125,89
385,333,125,89
384,334,126,89
384,334,126,89
384,334,125,89
384,334,125,90
384,334,124,90
384,334,125,90
384,334,125,89
384,334,126,89
384,334,126,89
384,334,126,90
384,334,126,90
384,334,126,90
384,334,126,90
384,334,126,90
384,334,126,90
383,333,127,91
383,333,127,91
383,333,127,92
382,332,128,92
382,332,128,93
382,332,128,93
383,332,128,92
383,332,128,92
383,332,127,92
384,332,127,92
384,332,126,92
384,332,127,92
384,332,127,92
384,332,128,92
384,332,128,92
384,331,128,93
384,331,128,93
384,330,128,93
384,330,129,94
384,329,129,94
383,329,129,94
383,329,130,93
382,329,130,93
382,329,131,93
381,328,131,94
381,328,132,94
381,328,132,94
382,327,131,94
382,327,131,94
382,327,131,94
381,327,132,94
381,327,132,94
381,326,132,94
381,326,133,95
381,325,133,95
381,325,133,95
381,325,132,96
381,325,132,96
381,325,132,96
381,325,131,96
381,325,131,96
381,325,131,96
381,324,132,96
381,324,132,96
381,324,132,96
380,324,133,97
380,324,133,97
379,324,134,97
379,325,134,96
378,325,135,96
377,325,136,96
377,324,136,97
376,324,137,97
377,324,137,97
377,324,136,97
378,324,136,97
377,324,137,98
377,323,137,98
376,323,138,99
376,323,138,99
376,323,138,99
376,323,138,99
376,323,138,99
376,324,138,100
376,324,138,100
376,324,138,100
376,325,139,100
376,325,139,100
376,326,139,100
376,326,138,99
376,327,138,99
376,327,139,100
375,327,139,100
375,327,140,101
375,327,141,101
374,328,141,102
374,328,142,102
374,329,142,102
374,329,141,101
374,330,141,101
373,330,141,102
373,329,142,103
372,329,142,104
372,330,142,103
372,330,142,103
372,331,142,102
372,331,143,102
371,331,143,103
371,331,144,103
371,332,144,103
371,332,144,104
371,333,144,104
371,333,144,104
371,334,144,105
371,334,144,105
371,334,144,106
371,334,145,106
371,334,145,107
370,335,146,107
369,335,148,108
368,336,149,108
368,336,149,108
367,337,148,107
367,337,148,107
367,337,148,107
367,338,148,108
367,338,148,108
367,338,148,108
367,338,149,109
367,338,149,109
367,339,149,109
367,339,149,110
367,340,149,110
367,341,149,110
367,341,150,111
367,342,150,111
366,343,151,111
365,343,151,111
364,344,152,111
364,344,152,111
363,344,153,112
363,344,153,112
363,344,153,112
363,345,153,113
363,345,153,113
363,346,153,113
362,346,154,113
362,347,154,113
362,347,154,114
362,348,155,114
362,348,155,115
362,348,155,115
362,348,155,116
362,348,155,116
362,349,156,116
361,349,157,115
361,350,158,115
361,350,158,115
361,349,157,116
361,349,157,116
362,349,157,116
362,350,157,117
363,350,157,117
364,350,156,117
365,349,155,116
366,349,154,116
366,349,155,116
367,349,155,116
367,349,156,116
367,348,156,116
368,348,157,117
368,347,157,117
368,347,157,117
369,347,157,117
369,347,157,117
370,347,157,117
371,347,156,116
372,347,156,116
372,347,156,117
373,346,156,117
373,346,156,118
373,346,157,117
373,347,157,116
373,347,158,115
375,346,156,116
376,346,155,116
378,345,153,117
378,345,154,117
378,344,155,116
378,344,156,116
379,344,155,115
380,345,155,115
381,345,154,114
382,344,154,114
383,344,153,115
384,343,153,115
385,343,153,115
386,344,152,114
387,344,152,114
388,344,152,114
388,343,151,114
389,343,151,114
390,343,151,114
391,342,151,114
392,342,151,114
392,342,151,114
393,342,152,114
393,342,152,114
394,342,152,113
394,342,151,113
395,342,151,112
396,341,151,112
397,341,150,113
398,340,150,113
399,340,150,113
399,340,150,112
400,340,150,112
401,340,150,112
403,340,149,111
404,340,149,111
405,340,149,112
405,339,149,113
406,339,149,114
406,339,149,113
407,340,149,112
407,340,149,111
408,340,149,111
408,340,148,112
409,340,148,112
410,341,148,112
410,341,149,113
411,342,149,113
412,342,149,113
413,342,149,114
414,342,149,114
414,342,149,114
415,342,149,115
415,342,149,115
416,342,149,115
416,343,149,115
417,343,149,115
417,343,150,115
417,343,150,116
417,343,151,116
417,344,151,116
418,344,152,117
418,345,152,117
419,345,152,118
420,345,151,119
421,345,151,120
421,346,151,120
422,347,152,120
422,348,152,120
422,348,152,121
423,348,153,121
423,348,153,122
423,349,154,122
422,349,154,122
422,350,155,122
422,351,155,122
421,351,155,122
421,352,155,122
421,353,155,122
421,355,155,122
421,356,155,122
421,357,155,122
422,358,155,122
422,359,155,122
422,359,155,124
423,359,155,126
423,359,155,128
424,359,155,129
424,360,155,130
425,360,155,131
425,360,156,132
425,360,156,133
425,360,157,134
425,361,158,134
425,362,159,134
425,363,160,134
426,364,160,136
428,364,160,138
429,365,160,140
429,366,160,140
429,366,160,140
429,367,160,140
429,368,160,140
430,368,160,140
430,369,160,140
431,369,160,140
431,370,160,140
432,370,160,140
433,370,160,140
433,371,160,140
434,371,160,140
434,371,160,141
435,372,160,142
435,372,160,143
435,373,161,143
435,373,162,143
435,374,163,143
436,374,163,143
437,374,163,143
438,374,163,143
439,376,163,143
440,377,163,143
441,379,163,143
441,379,163,143
441,379,163,143
441,379,163,143
442,379,163,144
442,379,163,145
443,379,163,146
443,379,163,148
443,379,163,150
443,379,163,152
444,379,163,152
444,380,163,152
445,380,163,152
445,382,163,152
445,383,164,152
445,385,164,152
445,386,164,152
445,386,165,152
445,387,165,152
445,387,165,152
445,387,166,153
445,387,166,153
446,388,166,154
446,389,166,154
447,390,166,155
448,391,166,155
448,391,166,155
449,392,166,155
448,392,167,157
448,392,169,158
447,392,170,160
447,393,170,160
448,394,170,160
448,395,170,160
448,395,171,161
448,395,171,162
448,395,172,163
448,396,172,163
449,396,172,163
449,397,172,163
449,397,172,163
450,397,172,163
450,397,172,163
450,398,173,163
451,399,173,164
451,400,174,164
451,400,174,165
451,400,175,167
451,400,175,168
452,400,175,169
452,400,175,169
453,400,175,170
454,401,175,170
456,401,175,170
457,402,175,170
458,402,175,170
458,402,175,170
459,402,175,170
460,402,175,170
460,402,176,170
461,402,176,170
461,402,176,170
461,402,176,170
461,402,176,170
462,402,176,170
463,402,176,170
464,402,176,170
465,402,176,170
467,402,176,170
468,402,176,170
469,401,176,170
469,400,176,170
470,399,176,170
471,399,176,170
471,399,176,170
472,399,176,170
473,397,176,170
473,396,176,170
474,394,176,170
475,394,176,170
476,394,176,170
477,394,176,170
477,394,176,170
477,394,176,170
477,394,176,170
477,394,176,170
477,394,176,170
477,394,176,170
477,394,176,170
478,394,176,170
478,394,176,170
479,394,176,170
479,394,176,170
480,394,176,170
480,394,176,170
480,394,176,170
480,394,176,170
480,394,176,170
480,394,176,170
480,394,176,170
480,394,176,171
480,394,176,172
480,394,176,173
480,394,176,173
479,395,176,173
479,395,176,173
477,396,177,173
476,396,177,173
474,397,178,173
473,398,179,173
472,400,179,173
471,401,180,173
468,401,182,174
466,401,183,175
463,401,185,176
462,401,186,177
461,401,187,179
460,401,188,180
457,402,189,181
455,402,189,181
452,403,190,182
449,403,191,183
447,404,192,184
444,404,193,185
440,405,195,185
437,406,196,185
433,407,198,185
431,408,199,187
429,408,199,189
427,409,200,191
424,410,201,191
422,410,202,191
419,411,203,191
414,411,206,193
410,411,209,194
405,411,212,196
402,414,213,197
398,416,213,197
395,419,214,198
