440,439,99,169
441,440,98,167
442,442,98,166
443,443,97,164
443,444,98,163
444,444,98,162
444,445,99,161
446,445,97,162
447,445,96,163
449,445,94,164
449,446,95,164
449,448,95,163
449,449,96,163
450,449,96,163
450,449,96,163
451,449,96,163
451,450,96,163
452,450,96,163
452,451,96,163
453,451,96,163
453,452,96,163
454,452,96,163
455,453,96,163
455,454,96,163
456,455,96,163
457,456,96,163
457,456,96,163
458,457,96,163
458,457,96,163
459,458,96,163
459,458,96,163
461,459,94,161
463,460,93,159
465,461,91,157
465,462,91,157
464,463,91,157
464,464,91,157
465,464,91,157
465,463,91,157
466,463,91,157
467,464,91,157
469,464,91,157
470,465,91,157
470,466,91,157
470,467,91,157
470,468,91,157
471,469,90,156
472,469,89,154
473,470,88,153
475,472,88,153
476,473,88,153
478,475,88,153
478,475,88,153
478,476,88,153
478,476,88,153
479,476,88,153
479,476,88,153
480,476,88,153
481,477,88,153
482,478,88,153
483,479,88,153
484,479,88,153
484,480,88,153
485,480,88,153
486,480,88,153
486,480,88,153
487,480,88,153
488,480,87,152
490,481,86,151
491,481,85,150
492,482,84,149
492,484,84,148
493,485,83,147
493,484,83,147
493,484,83,147
493,483,83,147
494,483,83,147
495,483,83,147
496,483,83,147
497,483,83,147
497,484,83,147
498,484,83,147
498,484,82,145
499,485,81,144
499,485,80,142
500,485,79,141
502,485,79,141
503,485,78,140
504,484,78,140
504,483,78,140
505,482,78,140
505,483,78,140
506,484,78,140
506,485,78,140
507,484,78,140
507,482,78,140
508,481,78,140
509,482,77,137
509,483,77,135
510,484,76,132
510,484,76,132
511,484,76,132
511,484,76,132
512,483,76,132
512,482,76,132
513,481,76,132
514,481,76,132
515,481,76,132
516,481,76,132
517,481,75,131
518,480,73,130
519,480,72,129
519,480,72,129
519,480,73,128
519,480,73,128
520,480,73,128
522,479,72,128
523,479,72,128
523,478,72,128
524,477,72,128
524,476,72,128
525,476,70,126
527,477,69,125
528,477,67,123
529,476,67,123
529,475,67,123
530,474,67,123
530,474,67,121
531,475,66,119
531,475,66,117
532,475,66,117
533,474,65,118
534,474,65,118
535,473,65,118
535,472,65,118
536,471,65,118
536,471,64,116
536,471,64,114
536,471,63,112
537,469,63,112
538,467,63,112
539,465,63,112
540,465,63,112
541,464,63,112
542,464,63,112
543,462,62,112
544,461,61,112
545,459,60,112
545,459,60,110
544,458,60,109
544,458,60,107
545,458,59,107
547,457,59,108
548,457,58,108
548,455,59,108
548,452,60,108
548,450,61,108
549,451,61,107
549,451,61,105
550,452,61,104
550,452,61,104
551,452,61,104
551,452,61,104
552,451,61,104
552,450,61,104
553,449,61,104
553,448,61,104
553,447,61,104
553,446,61,104
554,446,61,103
556,447,60,103
557,447,60,102
557,446,60,102
558,446,60,102
558,445,60,102
558,444,60,102
559,443,60,102
559,442,60,102
560,443,60,101
561,443,60,100
562,444,60,99
562,443,60,99
563,443,60,99
563,442,60,99
564,442,60,99
564,441,60,99
565,441,60,99
566,441,59,98
568,441,58,98
569,441,57,97
570,440,57,97
570,440,57,97
571,439,57,97
572,439,57,96
572,439,57,95
573,439,57,94
574,439,57,94
575,438,57,95
576,438,57,95
577,437,57,95
577,436,57,95
578,435,57,95
579,436,57,94
580,436,57,94
581,437,57,93
582,436,57,93
583,436,57,93
584,435,57,93
584,434,57,93
585,434,57,93
585,433,57,93
586,432,57,93
586,432,57,93
587,431,57,93
589,431,56,92
590,432,56,91
592,432,55,90
593,431,55,90
593,431,55,90
594,430,55,90
595,430,55,90
596,430,55,90
597,430,55,90
597,429,55,90
598,429,55,90
598,428,55,90
599,428,55,90
601,427,55,90
602,427,55,90
603,428,55,89
603,428,55,87
604,429,55,86
605,429,55,86
606,428,55,86
607,428,55,86
607,427,55,86
608,426,55,86
608,425,55,86
608,425,55,86
609,425,55,86
609,425,55,86
610,425,55,86
612,424,55,86
613,424,55,86
613,424,55,86
614,424,55,86
614,424,55,86
614,424,55,86
615,423,55,86
615,423,55,86
617,423,54,85
618,423,54,84
620,423,53,83
621,423,53,83
621,423,53,83
622,423,53,83
623,423,53,83
623,423,53,83
624,423,53,83
625,424,52,82
627,424,52,80
628,425,51,79
628,425,51,79
628,425,51,79
628,425,51,79
629,425,51,79
629,424,51,79
630,424,51,79
631,424,51,79
632,425,51,79
633,425,51,79
633,425,51,79
634,425,51,79
634,425,51,79
635,425,51,79
635,425,51,79
636,425,51,79
637,425,51,79
637,425,51,79
638,425,51,79
638,425,51,79
639,425,51,79
639,425,51,79
639,424,51,79
640,424,51,79
640,423,51,79
641,424,51,79
642,424,51,79
643,425,51,79
644,425,50,79
646,424,49,78
647,424,48,78
647,424,48,78
647,424,48,78
647,424,48,78
648,424,48,78
648,424,48,78
649,424,48,78
649,424,48,78
650,424,48,78
650,424,48,78
651,424,48,78
651,424,48,78
652,424,48,78
653,424,47,77
654,425,46,77
655,425,45,76
655,425,45,76
655,425,45,76
655,425,45,76
655,425,45,76
655,425,45,76
655,425,45,76
656,425,45,76
656,425,45,76
657,425,45,76
657,425,45,76
657,425,45,76
657,425,45,76
657,425,45,76
658,425,45,76
658,425,45,76
658,426,45,74
658,428,44,73
658,429,44,71
658,429,44,71
658,429,44,71
658,429,44,71
659,429,44,71
661,429,44,71
662,429,44,71
661,429,44,71
661,430,44,71
660,430,44,71
660,430,44,71
660,429,44,71
660,429,44,71
660,429,44,71
661,430,44,71
661,430,44,71
661,430,44,70
661,431,44,70
661,431,44,69
661,431,44,69
661,431,44,69
661,431,44,69
661,431,44,69
661,431,44,69
661,431,44,69
661,431,44,69
661,431,44,69
661,431,44,69
661,431,44,69
661,431,44,69
661,431,44,69
661,431,44,69
661,431,44,69
661,431,44,69
661,431,44,69
661,431,44,69
661,431,44,69
661,431,44,69
661,431,44,69
661,431,44,69
661,430,44,69
661,430,44,69
661,429,44,69
661,428,44,69
662,428,44,69
662,427,44,69
662,427,44,69
661,426,44,69
661,426,44,69
661,426,44,69
661,425,44,69
661,425,44,69
661,425,44,69
662,424,44,69
662,424,44,69
661,423,44,69
661,423,44,69
660,422,44,69
660,421,44,69
660,421,44,69
660,420,44,69
660,420,44,69
661,420,44,69
661,420,44,69
661,420,44,69
661,419,44,68
661,419,44,68
661,419,44,68
661,418,44,68
661,418,44,68
661,418,44,68
661,417,44,67
661,417,44,67
661,416,44,67
660,415,44,68
660,414,44,68
660,414,45,68
659,413,45,67
659,413,46,67
659,413,46,67
659,412,46,67
659,412,46,67
659,412,46,66
658,411,46,64
658,411,46,63
658,411,46,63
658,411,46,63
658,411,46,63
658,411,46,63
658,410,46,63
658,410,46,63
658,410,46,63
658,410,46,63
658,410,46,63
658,409,46,63
657,409,46,63
657,408,46,63
657,408,46,63
658,407,46,63
658,407,46,63
658,407,46,63
657,407,46,63
657,407,46,63
657,406,46,63
656,406,46,63
656,405,46,63
656,405,46,63
655,405,46,63
655,405,46,63
655,405,46,63
654,405,46,63
654,405,46,63
654,405,46,63
654,405,46,63
654,405,46,63
654,404,46,63
654,404,46,63
654,403,46,63
654,402,45,63
655,401,44,63
655,400,43,63
655,399,43,63
655,399,43,63
655,398,43,63
655,398,43,63
654,399,43,63
654,399,43,63
654,398,43,63
653,398,43,63
653,397,43,63
653,397,43,62
652,398,43,61
652,398,43,60
652,397,43,60
652,396,43,60
652,395,43,60
652,395,43,60
653,395,43,60
653,395,43,60
652,394,43,60
651,394,43,60
650,393,43,60
650,392,43,60
650,392,43,60
650,391,43,60
650,391,43,60
650,391,43,60
650,391,43,60
650,390,43,60
650,389,43,60
650,388,43,60
649,388,43,60
649,388,43,60
648,388,43,60
648,387,43,60
648,387,43,60
648,386,43,60
648,386,43,60
648,386,43,60
648,386,43,60
648,386,43,60
648,385,43,60
648,385,43,60
648,385,43,60
647,385,43,60
647,385,43,60
647,385,43,60
646,385,43,60
646,385,43,60
646,385,43,60
646,384,43,60
646,384,43,60
646,384,43,60
646,384,43,60
646,384,43,60
646,384,43,60
645,383,43,60
645,383,43,60
645,383,42,59
646,383,42,59
646,383,41,58
645,382,41,58
645,382,41,58
644,381,41,58
645,382,41,58
645,382,41,58
646,383,41,58
645,383,41,58
645,382,41,58
644,382,41,58
644,382,41,58
643,382,41,58
643,382,41,58
643,381,41,58
643,381,41,58
643,380,41,58
643,380,41,58
644,381,41,58
644,381,41,58
643,381,41,58
643,380,41,58
642,380,41,58
642,380,41,58
643,380,41,58
643,380,41,58
643,380,41,58
642,380,41,58
642,380,41,58
642,380,41,58
642,380,41,58
642,380,41,58
642,380,41,58
642,380,41,58
642,380,41,58
641,379,41,58
641,379,41,58
640,378,41,58
640,378,41,58
640,378,41,58
640,378,41,58
640,379,41,58
640,379,41,58
640,380,41,58
640,380,41,58
640,380,41,58
640,380,41,58
640,379,41,58
639,379,41,58
639,378,41,58
639,379,41,58
638,379,41,58
638,380,41,58
638,380,41,58
637,380,41,58
637,380,41,58
637,380,41,58
636,380,41,58
636,380,41,58
636,380,41,58
635,380,41,58
635,380,41,58
635,380,41,58
634,379,41,58
634,379,41,58
634,379,41,58
634,380,41,58
634,380,41,58
634,380,41,58
633,380,41,58
633,380,41,58
633,380,41,58
633,379,41,58
633,379,41,58
633,379,41,58
633,380,41,58
633,380,41,58
633,381,41,58
633,382,41,58
633,383,41,58
633,383,41,58
632,383,41,58
632,383,41,58
632,383,41,58
631,383,41,58
631,383,41,58
631,384,41,58
630,384,41,58
630,385,41,58
631,385,41,58
631,385,41,58
632,385,41,58
631,385,41,58
631,386,41,58
630,386,41,58
630,386,41,58
630,385,41,58
630,385,41,58
630,386,41,58
629,387,41,58
629,388,41,58
629,388,41,58
628,389,41,58
628,389,41,58
628,389,41,58
627,388,41,58
627,388,41,58
627,389,41,58
626,389,41,58
626,390,41,58
626,390,41,58
626,390,41,58
626,390,41,58
626,391,41,58
625,391,41,58
625,392,41,58
625,393,41,58
624,394,41,58
624,395,41,58
624,395,41,58
624,395,41,58
624,395,41,58
623,395,41,58
623,395,41,58
622,395,41,58
622,395,41,58
622,396,41,58
622,396,41,58
622,397,41,58
622,397,41,58
622,398,41,58
621,398,41,58
621,398,41,58
620,398,41,58
620,399,41,58
619,399,41,58
619,400,41,58
619,400,41,58
619,400,41,58
619,400,41,58
619,401,41,58
618,401,41,58
618,402,41,58
618,402,41,58
618,401,41,58
618,401,41,58
617,402,41,58
616,402,41,58
615,403,41,58
615,403,41,58
615,404,41,58
615,404,41,58
615,404,41,58
614,404,41,58
614,404,41,58
614,404,41,58
614,405,41,58
614,405,41,58
613,405,41,58
613,406,41,58
612,406,41,58
612,407,41,58
611,407,41,58
611,408,41,58
611,407,41,58
611,406,41,58
611,405,41,58
610,406,41,58
610,406,41,58
609,407,41,58
609,408,41,58
609,408,41,58
609,409,41,58
609,409,41,58
609,410,41,58
609,410,41,58
609,410,41,58
608,410,41,58
608,410,41,58
608,410,41,58
608,411,41,58
608,411,41,58
608,412,41,58
607,412,41,58
607,413,41,58
607,412,41,58
606,412,41,58
606,411,41,58
605,412,41,58
605,413,41,58
604,414,41,58
604,414,41,58
603,415,41,58
603,415,41,58
603,415,41,58
602,415,41,58
602,415,41,58
602,415,41,58
601,415,41,58
601,415,41,58
601,415,41,58
602,416,41,58
602,416,41,58
601,416,41,58
601,416,41,58
600,416,41,58
600,417,41,58
599,418,41,58
599,419,41,58
599,419,41,58
598,418,41,58
598,418,41,58
598,419,41,58
598,419,41,58
598,420,41,58
597,419,41,59
597,419,41,60
596,418,41,61
596,418,41,61
596,418,41,61
596,418,41,61
596,418,41,61
596,418,41,61
596,418,41,61
596,418,41,61
595,418,41,61
595,418,41,61
595,418,41,61
594,418,41,61
594,418,41,61
594,418,41,61
593,418,41,61
593,418,41,61
593,419,41,61
593,419,41,61
593,420,41,61
592,420,41,61
592,420,41,61
591,420,41,61
591,419,41,61
591,419,41,61
591,418,41,61
591,419,41,61
590,420,41,61
590,421,41,61
590,421,41,61
589,420,41,61
589,420,41,61
589,420,41,61
589,420,41,61
589,420,41,61
589,420,41,61
588,420,41,61
588,420,41,61
588,420,41,61
588,420,41,61
588,420,41,61
588,420,41,61
588,421,41,61
588,421,41,61
588,421,41,61
587,420,41,61
587,420,41,61
587,421,41,61
587,421,41,61
587,422,41,61
587,425,41,58
586,427,41,56
586,430,41,53
587,430,41,53
587,430,41,53
588,430,41,53
587,433,41,50
587,437,41,46
586,440,41,43
586,442,41,41
585,443,41,40
585,445,41,38
585,447,41,36
585,448,41,35
585,450,41,33
585,452,41,31
585,453,41,29
585,455,41,27
585,457,41,25
585,459,41,23
585,461,41,21
585,463,41,19
585,466,41,16
585,468,41,14
585,469,41,13
585,471,41,11
585,472,41,10
585,474,41,8
585,477,41,5
585,479,41,3
584,458,41,5
584,438,41,6
583,417,41,8
583,418,41,9
583,419,41,10
583,420,41,11
583,420,41,12
583,420,41,14
583,420,41,15
583,420,41,17
583,420,41,18
583,420,41,20
583,420,41,22
583,420,41,25
583,420,41,27
583,420,41,30
583,420,41,33
583,420,41,36
583,420,41,38
583,420,41,41
583,420,41,43
583,420,41,44
583,420,41,45
583,420,41,46
583,420,41,48
583,420,41,49
583,420,41,51
583,420,41,54
583,420,41,57
583,420,41,60
584,420,41,61
584,421,41,62
585,421,41,63
585,421,41,63
585,421,41,63
585,421,41,63
585,421,41,63
585,421,41,63
585,421,41,63
585,421,41,63
585,421,41,63
585,421,41,63
585,421,41,63
585,421,41,63
585,421,41,63
585,421,41,63
585,421,41,63
585,421,41,63
585,421,41,63
585,421,41,63
585,421,41,63
585,421,41,63
585,421,41,63
585,421,41,63
585,421,41,63
585,420,41,63
585,420,41,63
585,420,41,63
585,419,41,63
585,419,41,63
585,419,41,63
586,418,41,63
586,418,41,63
586,418,41,63
586,419,41,62
586,419,41,62
586,419,41,62
586,419,41,62
586,419,41,62
586,418,41,62
586,418,41,62
586,417,41,62
586,417,41,62
586,416,41,62
586,416,41,62
586,416,41,62
586,416,41,62
586,416,41,62
586,416,41,62
586,415,41,62
586,415,41,62
586,415,41,62
586,415,41,62
586,415,41,62
586,415,41,62
587,414,41,62
587,414,41,62
587,414,41,62
588,413,41,62
588,413,41,62
588,413,41,62
587,412,41,62
587,412,41,62
587,412,41,62
588,411,41,62
588,411,41,62
588,410,41,62
587,410,41,62
587,409,41,62
587,409,41,62
587,408,41,62
587,408,41,62
587,408,41,62
588,408,41,62
588,408,41,62
588,407,41,62
587,406,41,62
587,405,41,62
587,405,41,62
587,405,41,62
587,405,41,62
587,404,41,62
587,404,41,62
587,403,41,62
587,403,41,62
588,404,41,61
588,404,41,61
588,403,41,61
588,401,41,61
588,400,41,61
588,400,41,61
588,400,41,61
588,400,41,61
588,400,41,61
588,399,41,61
588,399,41,61
588,398,41,61
588,397,41,61
588,396,41,61
588,396,41,61
588,395,41,61
588,395,41,61
588,395,41,61
588,394,41,61
588,394,41,61
588,394,40,60
589,395,39,58
589,395,38,57
589,394,38,57
589,394,38,57
589,393,38,57
589,392,38,57
590,391,38,57
590,390,38,57
590,390,38,57
591,390,38,57
591,390,38,57
591,389,38,57
590,389,38,57
590,388,38,57
590,387,38,57
591,387,38,57
591,386,38,57
590,386,38,57
590,385,38,57
589,385,38,57
590,385,38,57
590,384,38,57
591,384,38,57
591,383,38,57
591,383,38,57
591,382,38,57
591,382,38,57
591,381,38,57
591,381,38,57
591,381,38,57
591,380,38,57
591,380,38,57
591,380,38,57
591,379,38,57
591,379,38,57
591,378,38,57
591,376,38,57
591,375,38,57
591,375,38,56
591,375,38,56
591,375,38,55
591,374,38,55
591,374,38,55
591,373,38,55
591,372,38,55
591,372,38,55
591,371,38,55
591,371,38,55
591,370,38,55
591,370,38,55
591,370,38,55
592,369,38,55
592,369,38,55
592,368,38,55
592,366,38,55
592,365,38,55
593,365,38,54
593,365,38,54
594,365,38,53
594,364,38,53
594,363,38,53
594,362,38,53
594,361,38,53
594,361,38,53
594,360,38,53
594,359,38,53
594,357,38,53
594,356,38,53
594,356,38,53
594,355,38,53
594,355,38,53
595,354,38,53
595,352,38,53
596,351,38,53
596,350,38,53
596,348,38,53
596,347,38,53
596,347,38,53
596,346,38,53
596,346,38,53
596,345,38,53
596,343,38,53
596,342,38,53
597,341,37,53
597,339,36,53
598,338,35,53
598,338,34,53
599,337,34,53
599,337,33,53
599,336,33,52
600,336,33,50
600,335,33,49
600,334,33,49
600,334,33,49
600,333,33,49
600,332,33,49
600,330,33,49
600,329,33,49
600,328,33,49
601,327,33,49
601,326,33,49
601,325,33,49
601,324,33,49
601,323,33,49
601,322,33,49
601,321,33,49
601,320,33,49
601,319,33,49
602,317,33,49
602,316,33,49
602,315,33,49
603,315,33,49
603,314,33,49
603,313,33,49
603,311,33,49
603,310,33,49
603,309,33,49
603,309,33,49
603,308,33,49
603,306,33,49
603,305,33,49
603,303,33,49
603,303,33,49
603,302,33,48
603,302,33,48
603,301,33,48
603,300,33,48
603,299,33,48
603,298,33,48
603,296,33,48
603,295,33,48
603,294,33,48
604,292,33,48
604,291,33,48
604,291,33,47
605,290,33,46
605,290,33,45
605,290,33,45
605,289,33,45
605,289,33,45
605,288,33,45
605,286,33,45
605,285,33,45
605,284,33,45
605,283,33,45
605,282,33,45
605,281,33,45
605,281,33,45
605,280,33,45
605,279,33,45
605,278,33,45
605,277,33,45
604,277,33,45
604,276,33,45
603,276,33,45
603,275,33,45
604,275,33,45
604,274,33,45
604,274,33,45
605,275,33,45
605,275,33,45
605,274,33,45
604,274,33,45
604,273,33,45
604,273,33,45
605,272,33,45
605,272,33,45
605,272,33,45
604,271,33,45
604,271,33,45
604,270,33,45
605,270,33,45
605,269,33,45
605,268,33,45
606,268,33,45
606,267,33,45
606,267,33,44
605,267,33,44
605,267,33,43
606,266,32,43
606,266,30,43
607,265,29,43
607,265,29,43
607,265,29,43
607,265,29,43
607,265,29,43
607,265,29,43
607,265,29,43
607,265,29,43
607,265,29,43
607,265,29,43
607,265,29,43
607,265,29,43
607,265,29,43
607,266,29,43
606,268,29,43
606,269,29,43
606,269,29,43
605,270,29,43
605,270,29,43
605,271,29,43
605,272,29,43
605,273,29,43
605,274,29,43
604,276,29,43
604,277,29,43
604,280,29,43
604,284,29,43
604,287,29,43
604,290,29,43
604,292,29,43
604,295,29,43
604,298,29,43
603,301,29,43
603,304,29,43
603,307,29,43
603,310,29,43
603,313,29,43
603,316,29,43
603,318,29,43
603,321,29,43
603,324,29,42
603,327,29,41
603,330,29,40
603,332,29,40
603,334,29,40
603,336,29,40
603,338,29,40
603,340,29,40
603,342,29,40
603,343,29,40
603,344,29,40
603,345,29,40
603,346,29,40
603,346,29,40
603,347,29,40
603,348,29,40
603,348,29,40
603,349,29,40
603,348,29,40
602,348,29,40
602,347,29,40
602,347,29,40
603,346,29,40
603,346,29,40
603,346,29,40
603,345,29,40
603,345,29,40
603,344,29,40
602,344,29,40
602,343,29,40
602,343,29,40
602,343,29,40
602,343,29,40
602,344,29,40
602,344,29,40
602,345,29,40
602,346,29,40
602,348,29,40
602,349,29,40
602,351,29,38
602,354,29,37
602,356,29,35
602,356,29,35
602,356,29,35
602,356,29,35
601,358,29,35
601,359,29,35
600,361,29,35
600,362,29,35
601,364,29,35
601,365,29,35
601,365,29,35
602,366,29,35
602,366,29,35
601,366,29,35
601,366,29,35
600,366,29,35
600,365,29,35
600,364,29,35
600,363,29,35
600,362,29,35
599,361,29,35
599,360,29,35
599,360,29,35
600,360,29,35
600,360,29,35
599,359,29,35
599,359,29,35
598,358,29,35
598,357,29,35
598,356,29,35
598,355,29,35
598,355,29,35
598,355,29,35
598,355,29,35
598,355,29,35
598,355,29,35
598,355,29,35
598,354,29,35
598,352,29,35
598,351,29,35
598,351,29,35
597,350,29,35
597,350,29,35
597,349,29,35
598,349,29,35
598,348,29,35
597,347,29,35
597,347,29,35
596,346,29,35
596,345,29,35
597,345,29,35
597,344,29,35
596,344,29,35
595,343,29,35
594,343,29,35
594,342,29,35
595,341,29,35
595,340,29,35
595,339,29,35
595,339,29,35
595,338,29,35
595,338,29,35
594,338,29,35
594,338,29,35
594,337,29,35
594,337,29,35
594,336,29,35
594,336,29,35
594,335,29,35
594,335,29,35
594,334,29,35
594,334,29,35
594,333,29,35
594,333,29,35
594,333,29,35
594,333,29,35
594,332,29,35
593,331,29,35
593,330,29,35
593,330,29,35
593,329,29,35
593,329,29,35
593,328,29,35
593,328,29,35
593,327,29,35
593,327,29,35
592,326,29,35
592,326,29,35
592,326,29,35
593,325,29,35
593,325,29,35
593,324,29,35
593,322,29,35
593,321,29,35
593,321,29,35
593,320,29,35
593,320,29,35
593,319,29,35
592,319,29,35
592,318,29,35
592,317,29,35
593,317,29,35
593,316,29,35
593,316,28,34
593,315,27,32
593,315,26,31
593,315,26,31
593,315,26,31
593,315,26,31
593,314,26,31
593,312,26,31
593,311,26,31
593,311,26,31
593,310,26,31
593,310,26,31
593,310,26,31
593,309,26,31
593,309,26,31
593,308,26,31
593,307,26,31
593,306,26,31
593,305,26,31
592,304,26,31
592,303,26,31
592,303,26,31
591,302,26,31
591,302,26,31
591,301,26,31
591,301,26,31
591,300,26,31
591,299,26,31
590,298,26,31
590,297,26,31
590,297,26,31
591,296,26,31
591,296,26,31
591,296,26,31
590,295,26,31
590,295,26,31
590,294,26,31
591,293,26,31
591,292,26,31
591,292,26,31
590,291,26,31
590,291,26,31
590,290,26,31
591,288,26,31
591,287,26,31
591,287,26,31
590,286,26,31
590,286,26,31
590,286,26,31
589,285,26,31
589,285,26,31
589,284,26,31
590,283,26,31
590,282,26,31
590,281,26,31
589,281,26,31
589,280,26,31
590,280,26,31
590,280,26,31
591,280,26,31
590,279,26,31
589,278,26,31
588,277,26,31
589,277,26,31
589,277,26,31
590,277,26,31
590,276,26,31
590,276,26,31
590,275,26,31
590,275,26,31
590,274,26,31
590,274,26,31
590,274,26,31
589,273,26,31
589,273,26,31
590,273,26,31
590,272,26,31
591,272,26,31
591,272,26,31
591,271,26,31
591,271,26,31
590,270,26,31
589,269,26,31
588,268,26,31
588,268,26,31
589,267,26,31
589,267,26,31
589,267,26,31
589,267,26,31
589,267,26,31
589,266,26,31
589,265,26,31
589,264,26,31
589,264,26,31
589,263,26,31
589,263,26,31
589,263,26,31
589,263,26,31
589,263,26,31
589,263,26,31
589,262,26,31
589,262,26,31
589,262,26,31
588,261,26,31
588,261,26,31
588,261,26,31
589,260,26,31
589,260,26,31
589,260,26,31
589,260,26,31
589,260,26,31
589,260,26,31
589,260,26,31
589,260,26,31
589,259,26,31
589,259,26,31
589,258,26,31
589,258,26,31
589,258,26,31
589,258,26,31
589,257,26,31
588,257,26,31
588,256,26,31
588,256,26,31
588,256,26,31
588,256,26,31
588,255,26,31
589,255,26,31
589,254,26,31
589,254,26,31
589,254,26,31
589,254,26,31
589,254,26,31
589,255,26,31
589,255,26,31
590,254,26,31
590,254,26,31
591,253,26,31
591,253,26,31
590,252,26,31
590,252,26,31
590,252,26,31
591,252,26,31
591,252,26,31
591,252,26,31
591,251,26,31
591,251,26,31
591,252,26,31
592,253,26,31
592,254,26,31
591,253,26,31
591,253,26,31
590,252,26,31
590,252,26,31
591,253,26,31
591,253,26,31
591,253,26,31
592,252,26,31
592,252,26,31
591,252,26,31
591,252,26,31
590,252,26,31
591,252,26,31
591,252,26,31
592,252,26,31
591,252,26,31
591,252,26,31
590,252,26,31
590,252,26,31
590,252,26,31
590,252,26,31
590,252,26,31
590,252,26,31
590,252,26,31
590,252,26,31
590,252,26,31
590,252,26,31
590,252,26,31
590,252,26,31
590,252,26,31
590,252,26,31
590,252,26,31
590,252,26,31
590,252,26,31
590,252,26,31
590,252,26,31
590,253,26,31
591,253,26,31
591,254,26,31
591,254,26,31
590,255,26,31
590,255,26,31
590,255,26,31
590,255,26,31
590,255,26,31
590,255,26,31
590,255,26,32
590,255,26,32
590,256,26,32
589,256,26,32
589,257,26,32
589,257,26,32
590,257,26,32
590,257,26,32
589,256,26,34
589,256,26,36
588,255,26,38
588,255,26,38
588,255,26,38
588,255,26,38
588,256,26,37
588,257,26,36
588,258,26,35
588,258,27,34
587,258,29,34
587,258,30,33
587,258,30,33
587,258,30,33
587,258,30,33
586,258,31,33
585,258,32,34
584,258,33,34
584,258,33,34
584,258,33,34
584,258,33,34
584,258,33,34
584,258,33,34
584,258,33,34
584,258,33,34
584,258,33,34
584,258,33,34
584,258,33,35
583,258,34,35
583,258,34,36
583,258,34,36
583,258,34,36
583,258,34,36
583,258,34,36
583,258,34,36
583,258,34,36
583,258,34,36
583,258,34,36
583,258,34,36
583,258,34,36
583,258,34,36
583,258,34,36
583,258,34,36
583,258,34,36
583,258,34,36
583,258,34,36
583,258,34,36
583,258,34,36
583,258,34,37
583,258,34,37
583,258,34,38
583,258,34,38
583,258,34,38
583,258,34,38
583,258,34,38
583,258,34,38
583,258,34,38
583,258,34,38
583,257,34,38
583,257,34,38
583,257,34,38
582,257,34,38
582,257,34,38
582,257,34,38
582,257,34,38
582,257,34,38
582,257,34,38
582,256,34,38
582,256,34,38
582,256,34,38
582,256,34,38
582,256,34,38
582,256,34,38
582,256,34,38
582,256,34,38
582,255,34,38
581,255,35,38
581,254,35,38
581,254,35,38
581,254,35,38
581,254,35,38
581,254,35,38
581,253,35,38
581,253,35,38
581,253,35,38
581,253,35,38
581,253,35,38
581,253,35,38
581,252,35,38
581,252,35,38
580,252,35,38
580,253,35,38
579,253,35,38
579,252,35,38
579,250,35,38
579,249,35,38
579,249,35,38
580,249,35,38
580,249,35,38
579,249,35,38
579,248,35,38
578,248,35,38
578,248,35,38
579,247,35,38
579,247,35,38
578,246,36,38
578,246,37,38
577,245,38,38
577,244,38,38
577,244,37,38
577,243,37,38
577,243,37,38
577,243,37,38
577,243,37,38
576,242,37,38
576,242,37,38
575,241,37,38
575,241,37,38
575,241,37,38
575,241,37,38
575,240,37,38
575,240,37,38
575,239,37,38
575,239,37,38
575,238,37,38
575,238,37,38
575,238,37,38
574,237,37,38
574,237,37,38
574,237,37,38
573,236,37,38
573,236,37,38
573,235,37,38
574,233,37,38
574,232,37,38
574,232,37,38
574,232,37,38
574,232,37,38
574,232,37,38
573,231,37,38
573,231,37,38
573,230,37,39
572,228,38,39
572,227,38,40
572,226,38,40
571,226,38,40
571,225,38,40
571,225,38,40
570,225,38,40
570,225,38,40
570,224,38,40
570,222,38,40
570,221,38,40
569,221,38,40
569,221,38,40
568,221,38,40
568,221,38,40
568,220,38,40
568,220,38,40
568,220,38,40
567,219,38,40
567,219,38,40
567,219,38,40
567,219,38,40
567,219,38,40
567,219,38,40
567,219,38,40
567,219,38,40
567,219,38,40
567,219,38,40
567,219,38,40
567,219,38,40
567,219,38,40
567,219,38,40
567,219,38,40
567,219,38,40
567,219,38,40
567,219,38,40
567,220,38,40
567,220,38,40
567,222,38,40
566,223,38,40
566,225,38,40
565,225,38,40
563,225,38,40
562,225,38,40
562,227,38,40
562,228,38,40
562,230,38,40
562,231,39,41
563,233,40,41
563,234,41,42
563,235,41,42
562,236,41,42
562,237,41,42
562,239,41,42
562,240,41,42
562,242,41,42
562,242,41,42
563,243,41,42
563,243,41,42
565,245,41,42
567,247,41,42
569,249,41,42
569,249,41,42
570,250,41,42
570,250,41,42
571,251,41,42
572,251,41,42
573,252,41,42
573,252,41,42
573,252,41,42
573,252,41,42
573,252,41,42
573,252,41,42
573,252,41,42
573,253,41,42
573,253,41,42
573,254,41,42
574,253,41,42
575,253,41,42
576,252,41,42
577,251,41,42
577,251,41,42
578,250,41,42
578,249,41,42
579,248,41,42
579,247,41,42
579,247,41,42
579,246,41,42
579,246,41,42
580,245,41,42
581,245,41,42
582,244,41,42
582,244,41,42
583,243,41,42
583,243,41,42
584,242,41,42
586,241,41,42
587,240,41,42
587,239,41,42
588,238,41,42
588,237,41,42
589,236,41,42
590,236,41,42
591,235,41,42
591,234,41,42
592,234,41,42
592,233,41,42
593,232,41,42
594,231,41,42
595,230,41,42
596,230,41,42
597,229,41,42
598,229,41,42
599,228,41,42
599,226,41,42
600,225,41,42
601,224,41,42
601,223,41,42
602,222,41,42
603,221,41,42
603,221,41,42
604,220,41,42
605,219,41,42
606,219,41,42
607,218,41,42
607,217,41,42
608,216,41,42
608,215,41,42
608,214,41,42
609,214,41,42
609,213,41,42
609,212,41,42
610,211,41,42
610,210,41,42
611,210,41,42
613,210,41,42
614,210,41,42
614,209,41,42
614,209,41,42
614,208,41,42
615,207,41,42
616,207,41,42
617,206,41,42
617,205,41,42
617,205,41,42
617,204,41,42
617,203,41,42
618,203,41,42
618,202,41,42
619,202,41,42
621,201,41,42
622,201,41,42
621,201,41,42
621,200,41,42
620,200,41,42
620,199,41,42
621,199,41,42
621,198,41,42
621,198,41,42
621,198,41,42
621,198,41,42
621,198,41,42
622,197,41,42
622,197,41,42
622,197,41,42
623,197,41,42
623,197,41,42
623,197,41,40
623,198,40,38
623,198,40,36
623,198,40,36
623,198,40,36
623,198,40,36
623,197,40,36
623,197,40,36
623,196,40,36
623,195,40,36
623,194,40,36
623,193,40,36
623,193,40,36
623,193,40,36
623,193,40,36
623,193,40,36
623,192,40,36
623,192,40,36
622,192,40,36
622,191,40,36
621,191,40,36
622,191,40,36
622,191,40,37
623,191,40,37
623,191,40,37
623,190,40,37
623,190,40,37
623,189,40,37
623,189,40,37
623,188,40,37
623,188,40,37
622,188,40,37
622,188,40,37
622,188,40,37
622,187,40,37
622,187,40,37
622,186,40,37
621,186,40,37
621,185,40,37
620,185,40,37
620,185,40,37
619,185,40,37
620,185,40,37
620,186,40,37
621,186,40,37
620,185,40,37
620,185,40,37
619,184,40,37
619,184,40,37
619,184,40,37
619,184,40,37
619,184,40,37
619,184,40,37
619,184,40,37
619,184,40,37
619,184,40,37
619,184,40,37
618,184,40,37
616,183,40,37
615,183,40,37
615,182,40,38
616,182,41,39
616,181,41,40
616,181,41,40
616,181,41,40
616,181,41,40
