789,489,41,107
789,488,41,107
788,488,41,107
788,487,41,107
789,484,41,107
789,482,40,107
790,479,40,107
790,477,39,105
791,476,39,103
791,474,38,101
791,474,38,99
791,474,38,96
791,474,38,94
791,472,38,96
791,471,38,97
791,469,38,99
790,468,39,102
789,467,39,104
788,466,40,107
788,466,40,107
788,466,40,107
788,466,40,107
788,464,40,109
788,462,40,110
788,460,40,112
789,460,39,112
790,460,38,112
791,460,37,112
790,460,38,108
788,460,40,105
787,460,41,101
788,460,40,100
789,460,39,100
790,460,38,99
789,460,39,101
787,460,41,102
786,460,42,104
786,460,41,106
786,460,39,107
786,460,38,109
784,460,38,110
782,460,39,112
780,460,39,113
779,459,39,113
779,459,39,112
778,458,39,112
776,458,38,108
775,458,38,105
773,458,37,101
772,458,38,98
770,458,40,96
769,458,41,93
768,458,41,95
767,458,40,96
766,458,40,98
765,458,39,100
765,458,39,102
764,458,38,104
763,458,38,106
763,458,38,108
762,458,38,110
761,458,38,110
761,458,37,111
760,458,37,111
759,458,38,111
758,458,39,111
757,458,40,111
755,458,40,107
754,458,39,103
752,458,39,99
751,458,39,99
750,458,38,99
749,458,38,99
747,460,39,100
744,461,41,102
742,463,42,103
741,463,41,105
739,463,41,107
738,463,40,109
736,463,40,111
734,463,40,114
732,463,40,116
730,463,40,115
728,463,40,113
726,463,40,112
724,462,40,110
721,460,41,109
719,459,41,107
718,459,41,103
717,459,40,100
716,459,40,96
714,459,40,96
713,459,40,96
711,459,40,96
710,459,40,97
709,459,40,98
708,459,40,99
707,458,41,102
705,456,41,104
704,455,42,107
703,455,42,107
703,455,42,107
702,455,42,107
701,454,43,108
699,453,45,109
698,452,46,110
699,450,45,107
700,449,43,105
701,447,42,102
700,447,43,100
700,447,43,99
699,447,44,97
700,446,42,96
700,446,41,94
701,445,39,93
700,444,39,94
700,443,38,96
699,442,38,97
699,441,38,98
699,441,38,100
699,440,38,101
699,439,38,102
699,439,38,102
699,438,38,103
698,437,38,105
696,435,39,106
695,434,39,108
695,433,39,109
694,431,39,110
694,430,39,111
694,429,39,109
694,428,38,108
694,427,38,106
693,427,38,103
692,427,39,99
691,427,39,96
690,426,39,95
690,425,39,93
689,424,39,92
689,424,39,93
689,424,39,95
689,424,39,96
688,424,39,96
688,423,39,97
687,423,39,97
687,423,38,99
687,422,38,100
687,422,37,102
687,421,37,103
687,420,37,105
687,419,37,106
687,418,37,108
687,417,37,110
687,416,37,112
687,415,37,112
687,413,37,112
687,412,37,112
687,412,37,110
687,412,37,108
687,412,37,106
687,412,37,104
687,412,37,103
687,412,37,101
687,411,37,100
687,411,37,99
687,410,37,98
687,410,37,99
687,410,37,99
687,410,37,100
687,410,37,101
687,410,36,103
687,410,36,104
686,410,36,106
686,410,36,107
685,410,36,109
684,410,36,109
683,409,37,110
682,409,37,110
682,408,37,108
681,408,38,105
681,407,38,103
681,407,38,103
681,407,38,103
681,407,38,103
681,406,38,100
681,406,38,97
681,405,38,94
681,405,38,95
680,404,39,95
680,404,39,96
680,403,39,97
679,403,38,97
679,402,38,98
679,401,38,99
680,399,37,101
680,398,37,102
680,398,37,102
680,398,37,102
680,398,37,102
680,396,37,104
680,395,37,106
680,393,37,108
680,392,36,106
679,390,35,103
679,389,34,101
679,389,33,100
679,389,33,98
679,389,32,97
677,388,33,95
675,387,35,94
673,386,36,92
673,386,35,92
672,386,35,92
672,386,34,92
670,385,34,94
669,383,33,95
667,382,33,97
665,382,33,97
664,382,34,97
662,382,34,97
659,380,34,98
657,379,34,99
654,377,34,100
653,376,34,99
651,374,34,98
650,373,34,97
648,373,33,96
646,372,33,94
644,372,32,93
642,370,32,94
640,368,31,96
638,366,31,97
636,365,31,98
635,364,31,99
633,363,31,100
631,361,31,102
630,360,32,105
628,358,32,107
627,357,32,107
625,356,32,107
624,355,32,107
623,353,32,107
621,351,33,108
620,349,33,108
619,348,32,105
618,346,31,103
617,345,30,100
616,343,29,99
615,341,29,99
614,339,28,98
614,338,28,96
614,337,28,94
614,336,28,92
614,335,28,94
614,333,28,95
614,332,28,97
613,330,30,98
613,328,32,99
612,326,34,100
613,325,34,99
613,324,33,99
614,323,33,98
615,320,33,98
616,318,34,98
617,315,34,98
619,313,35,96
621,311,35,95
623,309,36,93
625,307,34,93
627,306,31,94
629,304,29,94
632,303,29,95
634,301,29,97
637,300,29,98
639,298,29,99
641,297,28,99
643,295,28,100
646,293,29,102
648,290,29,104
651,288,30,106
654,286,30,105
656,285,30,105
659,283,30,104
662,281,29,103
664,280,28,101
667,278,27,100
668,277,27,99
670,275,28,98
671,274,28,97
671,272,29,96
672,271,29,94
672,269,30,93
672,268,31,94
672,268,31,95
672,267,32,96
672,267,32,95
672,267,32,95
672,267,32,94
670,264,32,94
669,262,32,93
667,259,32,93
665,259,31,91
664,258,30,89
662,258,29,87
661,258,29,87
661,257,28,88
660,257,28,88
658,255,28,90
656,254,29,91
654,252,29,93
653,251,29,93
651,251,29,93
650,250,29,93
649,249,28,94
649,248,28,96
648,247,27,97
646,247,28,97
643,246,29,98
641,246,30,98
640,245,30,97
639,245,29,95
638,244,29,94
636,244,30,93
635,243,30,92
633,243,31,91
632,243,31,90
630,243,30,90
629,243,30,89
629,243,30,89
629,243,30,89
629,243,30,89
630,243,31,87
631,244,32,86
632,244,33,84
634,244,33,85
635,244,32,85
637,244,32,86
639,244,32,87
640,243,32,87
642,243,32,88
645,243,32,88
647,242,31,88
650,242,31,88
652,242,30,90
654,243,30,91
656,243,29,93
657,244,29,92
658,245,29,90
659,246,29,89
659,246,30,92
659,246,30,94
659,246,31,97
657,247,31,96
655,248,32,94
653,249,32,93
652,249,31,92
650,249,31,91
649,249,30,90
647,250,31,91
645,252,31,91
643,253,32,92
641,254,32,92
639,254,32,91
637,255,32,91
634,256,33,90
632,257,33,90
629,258,34,89
627,260,35,89
624,261,36,90
622,263,37,90
622,264,35,90
621,265,34,90
621,266,32,90
622,267,31,90
622,268,31,91
623,269,30,91
624,271,31,91
624,272,31,92
625,274,32,92
627,275,31,93
629,275,31,95
631,276,30,96
634,278,30,96
636,281,30,96
639,283,30,96
639,284,31,95
639,286,31,94
639,287,32,93
640,288,32,92
641,288,31,91
642,289,31,90
642,291,32,90
641,294,32,91
641,296,33,91
641,297,33,92
641,298,32,92
641,299,32,93
640,301,32,93
638,304,33,93
637,306,33,93
635,308,34,93
633,311,36,92
631,313,37,92
629,315,36,90
628,316,35,89
626,318,34,87
623,320,33,87
621,322,33,87
618,324,32,87
615,325,33,90
612,325,35,93
609,326,36,96
607,327,35,96
606,327,35,97
604,328,34,97
602,330,34,97
600,333,34,98
598,335,34,98
598,336,33,98
597,338,33,98
597,339,32,98
597,341,32,98
596,342,33,97
596,344,33,97
596,344,33,96
596,345,33,94
596,345,33,93
596,346,33,92
597,346,32,91
597,347,32,90
599,347,31,93
602,348,31,97
604,348,30,100
606,349,31,98
607,351,32,96
609,352,33,94
611,353,34,94
614,355,36,94
616,356,37,94
618,357,37,93
619,358,36,93
621,359,36,92
623,360,35,91
624,362,34,91
626,363,33,90
627,363,34,91
627,363,35,91
628,363,36,92
629,363,35,92
631,362,35,93
632,362,34,93
633,362,33,95
635,363,32,96
636,363,31,98
636,363,32,98
636,363,32,98
636,363,33,98
636,363,33,98
636,363,33,98
636,363,33,98
636,363,33,100
636,363,33,102
636,363,33,104
636,363,33,102
636,363,33,100
636,363,33,98
636,363,33,98
636,363,33,98
636,363,33,98
635,362,33,98
635,362,33,99
634,361,33,99
634,360,34,98
634,360,35,98
634,359,36,97
634,359,36,97
634,359,36,97
634,359,36,97
636,359,36,97
638,358,37,98
640,358,37,98
643,358,35,96
645,357,34,95
648,357,32,93
650,356,33,95
652,355,35,98
654,354,36,100
656,354,35,101
658,355,35,101
660,355,34,102
662,355,33,103
665,355,33,105
667,355,32,106
668,355,32,107
669,356,33,107
670,356,33,108
671,356,33,108
671,356,33,109
672,356,33,109
672,356,33,109
672,356,33,109
672,356,33,109
672,356,33,109
672,355,34,110
672,355,34,110
672,355,34,106
672,356,33,101
672,356,33,97
672,356,34,99
672,356,35,100
672,356,36,102
672,357,35,102
673,357,35,102
673,358,34,102
673,358,34,102
673,358,34,102
673,358,34,102
673,358,34,100
673,358,34,99
673,358,34,97
674,358,34,97
676,358,33,96
677,358,33,96
678,358,33,98
680,357,32,99
681,357,32,101
682,357,33,104
683,357,33,107
684,357,34,110
686,357,34,111
688,357,34,113
690,357,34,114
693,357,33,112
695,357,33,110
698,357,32,108
700,357,33,108
702,357,33,109
704,357,34,109
706,357,35,107
708,357,36,105
710,357,37,103
712,357,37,103
715,357,38,103
717,357,38,103
718,358,38,105
719,360,39,106
720,361,39,108
720,361,39,108
720,361,38,108
720,361,38,108
720,360,38,108
720,360,38,109
720,359,38,109
719,357,37,106
718,356,35,104
717,354,34,101
716,353,33,102
715,353,33,102
714,352,32,103
712,350,33,104
709,349,33,105
707,347,34,106
705,347,34,106
702,346,33,107
700,346,33,107
697,345,34,108
695,343,35,110
692,342,36,111
691,339,36,108
689,337,36,106
688,334,36,103
686,333,35,101
684,333,34,100
682,332,33,98
679,330,34,98
677,327,35,99
674,325,36,99
672,324,36,100
670,324,36,102
668,323,36,103
666,321,35,107
664,320,35,110
662,318,34,114
660,316,33,115
659,313,32,115
657,311,31,116
656,309,32,113
654,308,32,110
653,306,33,107
654,306,32,104
656,305,31,102
657,305,30,99
657,304,31,100
657,303,31,100
657,302,32,101
658,301,32,102
658,299,33,103
659,298,33,104
660,296,33,106
662,295,32,108
663,293,32,110
665,291,32,109
666,289,32,107
668,287,32,106
669,286,32,105
671,284,32,103
672,283,32,102
672,282,32,103
672,281,32,103
672,280,32,104
672,279,32,105
672,279,32,106
672,278,32,107
671,276,32,107
671,275,33,108
670,273,33,108
670,273,32,107
670,273,31,107
670,273,30,106
669,271,30,103
669,270,31,100
668,268,31,97
668,267,31,98
668,266,31,99
668,265,31,100
668,263,31,102
668,261,31,104
668,259,31,106
668,259,31,106
668,259,31,106
668,259,31,106
669,259,31,106
670,259,31,106
671,259,31,106
672,258,31,106
672,257,31,107
673,256,31,107
673,255,32,105
673,255,33,104
673,254,34,102
675,254,33,99
676,254,31,97
678,254,30,94
679,254,30,97
680,254,29,99
681,254,29,102
683,254,29,102
684,254,30,102
686,254,30,102
687,254,30,102
688,253,30,101
689,253,30,101
690,253,31,99
691,253,31,96
692,253,32,94
694,251,32,95
696,250,31,96
698,248,31,97
699,248,31,97
700,248,30,97
701,248,30,97
703,248,30,99
704,247,30,101
706,247,30,103
707,247,30,103
707,247,31,103
708,247,31,103
709,246,30,105
711,244,30,106
712,243,29,108
712,243,30,105
712,243,31,102
712,243,32,99
712,241,32,99
712,239,32,99
712,237,32,99
712,237,32,99
712,237,32,99
712,237,32,99
712,237,32,99
712,237,32,99
712,237,32,99
712,236,32,100
712,235,32,101
712,234,32,102
712,234,32,102
712,234,32,102
712,234,32,102
712,233,32,101
712,232,32,101
712,231,32,100
712,230,32,101
712,228,32,102
712,227,32,103
713,226,32,102
713,226,33,102
714,225,33,101
714,225,33,101
714,225,33,101
714,225,33,101
715,223,33,104
716,220,33,106
717,218,33,109
717,218,33,109
717,218,33,109
717,218,33,109
717,217,33,108
717,217,33,108
717,216,33,107
717,216,33,104
717,215,32,102
717,215,32,99
716,215,32,99
714,214,32,100
713,214,32,100
712,213,32,101
710,212,32,102
709,211,32,103
708,211,31,103
708,211,31,103
707,211,30,103
705,209,30,105
704,208,31,106
702,206,31,108
701,205,31,106
701,204,32,104
700,203,32,102
700,203,32,102
700,203,32,102
700,203,32,102
700,202,32,103
701,200,31,105
701,199,31,106
702,199,32,105
703,199,32,105
704,199,33,104
706,201,33,104
708,202,33,103
710,204,33,103
713,205,33,103
715,205,32,102
718,206,32,102
720,206,31,101
722,206,30,101
724,206,29,100
726,206,29,98
727,206,29,96
729,206,29,94
729,206,30,94
729,206,31,94
729,206,32,94
729,205,32,95
729,205,32,96
729,204,32,97
730,204,32,97
730,204,31,97
731,204,31,97
731,204,31,97
731,204,31,97
731,204,31,97
731,204,31,97
731,204,31,97
731,204,31,97
732,204,31,97
732,204,30,97
733,204,30,97
733,204,30,97
734,204,30,97
734,204,30,97
734,204,30,97
734,204,30,97
734,204,30,97
736,204,30,97
737,204,29,97
739,204,29,97
739,204,30,97
739,204,30,98
739,204,31,98
740,204,30,98
741,204,30,98
742,204,29,98
742,204,30,96
742,204,30,95
742,204,31,93
742,204,31,94
742,204,31,95
742,204,31,96
742,205,31,95
743,206,32,95
743,207,32,94
743,209,32,95
742,210,32,97
742,212,32,98
743,212,30,97
743,211,29,95
744,211,27,94
743,211,27,94
743,211,27,94
742,211,27,94
742,211,27,94
741,211,28,94
741,211,28,94
740,212,28,93
738,213,29,92
737,214,29,91
737,214,29,92
736,214,28,93
736,214,28,94
734,214,29,94
733,215,29,93
731,215,30,93
729,216,31,92
726,218,31,90
724,219,32,89
723,219,32,89
721,219,32,90
720,219,32,90
717,219,32,92
715,219,33,94
712,219,33,96
710,219,33,96
709,219,33,97
707,219,33,97
703,220,33,97
700,221,33,97
696,222,33,97
693,222,33,97
690,223,33,97
687,223,33,97
684,223,33,97
680,224,33,97
677,224,33,97
676,224,31,97
674,224,30,97
673,224,28,97
671,224,28,97
669,224,28,97
667,224,28,97
666,224,28,97
664,225,28,97
663,225,28,97
662,225,28,98
662,225,28,98
661,225,28,99
661,225,28,99
661,225,28,99
661,225,28,99
661,225,28,99
660,225,29,99
660,225,29,99
660,225,29,99
660,225,29,99
660,225,29,99
660,225,29,98
660,225,29,98
660,225,29,97
659,225,30,97
659,225,30,97
658,225,31,97
658,225,31,97
659,226,30,96
659,226,30,96
659,226,30,96
659,226,30,96
659,226,30,96
659,226,30,96
659,226,30,96
659,226,30,96
659,226,30,96
659,226,30,96
659,226,30,96
659,226,30,96
660,226,29,96
660,226,29,96
660,226,29,97
661,226,29,99
661,226,29,100
661,226,29,101
662,226,28,101
662,226,28,102
663,226,28,102
663,226,28,102
664,226,28,102
665,226,28,99
666,226,29,97
667,226,29,94
667,226,29,94
667,226,30,94
667,226,30,94
668,226,30,94
670,226,29,94
671,226,29,94
672,226,29,95
672,226,30,96
673,226,30,97
674,227,30,96
676,228,29,94
677,229,29,93
678,229,29,93
678,229,28,93
679,229,28,93
680,229,27,93
681,229,25,93
682,229,24,93
683,230,23,92
683,232,23,92
684,233,22,91
686,233,24,79
687,233,27,68
689,233,29,56
690,233,29,51
691,233,29,45
692,233,29,40
694,233,28,43
696,233,28,45
698,233,27,48
699,234,28,47
700,234,29,47
701,235,30,46
703,237,29,45
706,239,27,44
708,241,26,43
708,241,27,45
708,241,29,47
708,241,30,49
709,241,30,50
710,241,30,50
711,241,30,51
712,241,29,65
713,241,27,79
714,241,26,93
713,241,27,93
712,241,28,93
711,241,29,93
711,241,29,93
711,241,29,93
711,241,29,93
711,241,29,93
711,241,29,93
711,241,29,93
711,241,29,94
711,241,29,96
711,241,29,97
711,241,29,96
711,241,29,94
711,241,29,93
711,241,29,93
711,241,29,93
711,241,29,93
711,242,29,93
711,242,30,92
711,243,30,92
712,243,30,95
712,243,30,98
713,243,30,101
713,245,30,101
714,246,29,102
714,248,29,102
714,248,31,102
714,248,32,102
714,248,34,102
715,248,33,99
717,248,32,96
718,248,31,93
719,248,31,93
719,248,32,93
720,248,32,93
720,248,32,93
720,248,32,93
720,248,32,93
719,248,32,93
719,248,33,94
718,248,33,94
718,249,33,97
717,251,32,101
717,252,32,104
716,252,32,104
714,252,32,104
713,252,32,104
712,252,32,104
712,252,32,104
711,252,32,104
711,252,31,104
711,252,31,104
711,252,30,104
710,252,30,104
709,252,31,104
708,252,31,104
708,252,31,104
708,252,31,104
708,252,31,104
708,252,31,104
708,252,31,104
708,252,31,104
708,253,31,103
708,255,32,101
708,256,32,100
709,256,32,100
709,256,33,100
710,256,33,100
711,256,33,100
712,256,34,99
713,256,34,99
715,256,33,99
718,256,32,99
720,256,31,99
722,256,32,99
724,256,32,99
726,256,33,99
727,256,33,99
729,256,33,99
730,256,33,99
732,258,33,100
734,259,32,100
736,261,32,101
738,261,31,101
740,261,30,101
742,261,29,101
744,261,29,101
745,261,28,101
747,261,28,101
748,260,29,102
748,259,30,102
749,258,31,103
750,258,30,101
752,258,30,100
753,258,29,98
754,258,29,98
755,258,29,98
756,258,29,98
755,258,30,99
755,258,30,100
754,258,31,101
755,258,31,101
756,258,32,101
757,258,32,101
757,258,32,101
757,258,33,101
757,258,33,101
757,258,33,101
757,258,32,101
757,258,32,101
758,257,31,99
760,255,30,96
761,254,29,94
760,254,30,94
759,254,31,94
758,254,32,94
758,254,31,96
758,255,31,98
758,255,30,100
758,255,30,101
757,254,31,102
757,254,31,103
757,254,30,103
757,254,29,103
757,254,28,103
757,254,28,100
757,254,28,97
757,254,28,94
757,254,28,93
757,254,28,92
757,254,28,91
757,254,28,91
757,254,28,91
757,254,28,91
757,254,28,93
757,254,28,94
757,254,28,96
757,254,29,95
757,254,29,94
757,254,30,93
758,254,30,92
758,254,30,91
759,254,30,90
760,254,30,90
762,254,29,91
763,254,29,91
763,254,29,92
763,254,29,92
763,254,29,93
763,254,30,93
763,254,30,93
763,254,31,93
764,254,31,93
766,254,31,93
767,254,31,93
768,254,31,95
768,254,31,96
769,254,31,98
769,254,31,98
769,254,31,98
769,254,31,98
770,254,31,98
770,253,31,98
771,253,31,98
772,254,31,98
772,255,31,98
773,256,31,98
773,256,31,98
773,256,31,98
773,256,31,98
774,256,31,98
776,256,31,98
777,256,31,98
777,256,32,98
777,256,32,98
777,256,33,98
778,256,33,98
779,256,34,98
780,256,34,98
780,257,35,97
780,257,37,97
780,258,38,96
782,258,37,96
785,258,35,96
787,258,34,96
788,259,33,95
789,259,33,94
790,260,32,93
791,260,32,93
791,260,32,94
792,260,32,94
792,260,32,96
792,260,33,97
792,260,33,99
793,261,33,98
795,263,32,97
796,264,32,96
797,264,32,96
797,264,32,96
798,264,32,96
799,264,32,96
799,264,32,96
800,264,32,96
800,265,33,95
801,265,33,94
801,266,34,93
802,266,34,93
802,266,34,93
803,266,34,93
805,266,33,91
807,266,32,88
809,266,31,86
812,266,31,86
814,266,32,86
817,266,32,86
818,267,32,86
819,267,32,86
820,268,32,86
821,268,32,86
822,267,32,86
823,267,32,86
824,267,32,86
825,268,32,86
826,268,32,86
827,268,32,86
828,268,32,86
829,268,32,86
830,268,32,86
831,268,32,86
832,268,32,86
832,268,33,87
831,269,35,89
831,269,36,90
832,269,37,91
832,270,38,92
833,270,39,93
835,270,39,93
836,270,39,93
838,270,39,93
837,269,39,93
837,268,39,93
836,267,39,93
834,266,39,93
831,265,39,93
829,264,39,93
826,264,39,93
823,264,39,93
820,264,39,93
817,262,39,93
813,260,39,93
810,258,39,93
807,258,40,93
804,258,40,94
801,258,41,94
798,255,41,94
794,253,41,94
791,250,41,94
789,251,40,92
786,251,38,91
784,252,37,89
780,250,37,89
777,247,37,89
773,245,37,89
770,245,36,90
767,245,35,91
764,245,34,92
762,244,34,94
759,243,33,95
757,242,33,97
755,241,33,97
752,241,33,97
750,240,33,97
749,238,33,97
748,237,33,97
747,235,33,97
746,235,32,96
744,235,32,94
743,235,31,93
743,235,31,93
742,234,31,93
742,234,31,93
741,234,31,93
741,234,31,93
740,234,31,93
740,234,31,93
740,234,31,93
740,234,31,93
740,234,32,93
739,234,33,93
739,234,34,93
740,234,33,91
742,234,32,88
743,234,31,86
743,234,32,86
743,234,32,86
743,234,33,86
744,234,32,85
746,234,31,83
747,234,30,82
747,232,31,76
747,231,33,69
747,229,34,63
747,229,34,63
747,229,34,63
747,229,34,63
748,228,34,63
749,228,34,63
750,227,34,63
750,227,33,63
750,227,32,63
750,227,31,63
750,227,31,63
750,227,31,63
750,227,31,63
750,227,31,63
750,227,31,63
750,227,31,63
750,227,31,69
750,227,30,76
750,227,30,82
751,227,30,82
753,227,30,81
754,227,30,81
756,227,30,81
758,228,30,81
760,228,30,81
761,228,30,81
763,227,30,81
764,227,30,81
765,227,30,81
767,227,30,81
768,227,30,81
769,227,30,84
769,227,31,86
770,227,31,89
772,227,31,89
774,227,30,89
776,227,30,89
776,227,31,89
776,227,33,89
776,227,34,89
776,227,34,89
776,227,34,89
776,227,34,89
777,227,34,89
779,226,34,89
780,226,34,89
780,226,34,89
780,226,34,89
780,226,34,89
780,226,34,89
780,226,34,89
780,226,34,89
779,226,34,89
778,226,34,89
777,226,34,89
778,226,33,89
778,226,33,89
779,226,32,89
779,226,32,87
779,226,32,84
779,226,32,82
779,226,32,82
779,226,32,82
779,226,32,82
780,224,31,84
781,222,30,86
782,220,29,88
782,220,29,88
782,220,29,88
782,220,29,88
782,219,30,89
782,217,30,91
782,216,31,92
783,216,30,92
783,216,30,92
784,216,29,92
785,216,29,92
787,216,29,92
788,216,29,92
788,215,30,93
789,213,30,93
789,212,31,94
791,211,30,94
792,210,30,93
794,209,29,93
795,208,29,92
797,207,30,90
798,206,30,89
799,205,30,89
800,205,30,90
801,204,30,90
802,203,30,87
803,201,30,85
804,200,30,82
804,200,30,82
803,200,31,82
803,200,31,82
804,199,31,82
805,197,31,82
806,196,31,82
805,195,30,82
804,193,29,82
803,192,28,82
801,190,29,83
798,189,30,85
796,187,31,86
793,186,31,86
790,185,31,86
787,184,31,86
783,183,31,87
778,183,31,88
774,182,31,89
770,180,30,90
766,178,29,90
762,176,28,91
757,175,28,90
753,173,28,88
748,172,28,87
743,170,28,87
739,169,27,88
734,167,27,88
730,166,27,88
727,166,27,88
723,165,27,88
719,164,27,88
716,163,27,88
712,162,27,88
709,161,27,88
707,160,27,88
704,159,27,88
702,159,27,88
701,158,27,88
699,158,27,88
698,157,27,88
697,157,27,88
696,156,27,88
695,155,27,88
694,153,27,88
693,152,27,88
693,151,27,88
693,150,27,88
693,149,27,88
693,148,27,88
693,148,27,88
693,147,27,88
693,146,27,88
694,146,27,88
694,145,27,88
694,145,27,88
693,145,27,88
693,145,27,88
692,145,27,88
692,144,27,88
691,144,27,88
690,143,27,86
689,143,26,84
688,142,26,82
687,141,26,82
685,140,26,82
684,139,26,82
682,139,25,82
679,138,25,82
677,138,24,82
674,137,24,83
671,137,24,85
668,136,24,86
665,136,24,86
661,136,24,86
658,136,24,86
655,136,24,86
651,135,24,86
648,135,24,86
645,134,24,86
642,134,24,86
639,133,24,86
636,132,24,86
634,132,24,86
631,131,24,86
628,130,24,86
626,130,24,86
623,129,24,86
622,129,24,86
620,129,24,86
619,129,24,86
617,129,24,86
616,129,24,86
614,129,24,86
614,130,24,86
613,130,24,86
613,131,24,86
613,131,24,86
613,131,24,86
613,131,24,86
614,130,24,85
616,128,24,85
617,127,24,84
618,127,24,84
619,127,24,84
620,127,24,84
622,127,24,84
624,127,24,84
626,127,24,84
627,128,24,84
629,129,24,84
630,130,24,84
631,129,24,87
633,127,24,90
634,126,24,93
636,126,24,93
638,127,24,93
640,127,24,93
641,126,24,93
642,126,24,93
643,125,24,93
644,125,24,91
646,125,24,89
647,125,24,87
647,126,24,87
646,126,24,87
646,127,24,87
644,127,24,87
641,127,24,87
639,127,24,87
636,127,24,88
633,127,24,88
630,127,24,89
626,127,24,89
623,127,24,89
619,127,24,89
615,127,24,89
612,127,24,89
608,127,24,89
605,127,24,89
603,127,24,89
600,127,24,89
597,127,24,89
595,127,24,89
592,127,24,89
591,128,24,89
589,130,24,89
588,131,24,89
588,131,24,89
588,131,24,89
588,131,24,89
588,131,24,89
588,131,24,89
588,131,24,89
589,130,24,89
591,130,24,89
592,129,24,89
593,130,24,89
595,130,24,89
596,131,24,89
597,131,24,89
599,131,24,89
600,131,24,89
601,132,24,89
602,133,24,89
603,134,24,89
604,135,24,89
606,135,24,89
607,136,24,89
608,136,24,89
610,136,24,89
611,136,24,89
612,136,24,89
612,136,24,89
613,136,24,89
614,136,24,89
616,136,24,89
617,136,24,89
618,136,24,89
618,137,24,89
619,137,24,89
620,138,24,91
620,138,24,92
621,139,24,94
621,139,24,94
621,139,24,94
621,139,24,94
622,139,24,94
622,139,24,94
623,139,24,94
623,139,24,94
623,139,24,94
623,139,24,94
622,139,24,93
621,139,24,92
620,139,24,91
618,141,24,90
615,142,24,88
613,144,24,87
611,145,24,87
610,145,24,87
608,146,24,87
606,146,24,87
603,147,24,87
601,147,24,87
600,147,24,87
599,146,24,87
598,146,24,87
597,146,24,87
597,147,24,87
596,147,24,87
596,147,24,87
596,147,24,87
596,147,24,87
595,147,24,89
595,148,24,90
594,148,24,92
595,149,24,92
595,151,24,92
596,152,24,92
597,152,24,92
597,152,24,92
598,152,24,92
599,151,24,92
599,151,24,92
600,150,24,92
601,150,24,92
601,150,24,92
602,150,24,92
602,152,24,90
603,153,24,88
603,155,24,86
603,155,24,86
603,155,24,86
603,155,24,86
604,156,24,88
605,156,23,90
606,157,23,92
606,157,23,92
606,157,23,92
606,157,23,92
606,157,23,92
606,157,23,92
606,157,23,92
607,159,22,91
607,160,22,89
608,162,21,88
608,164,22,86
608,165,23,84
608,167,24,82
609,167,23,84
609,167,23,86
610,167,22,88
611,168,22,88
611,169,22,88
612,170,22,88
613,170,22,88
614,170,22,88
615,170,22,88
616,170,22,88
617,170,22,88
618,170,22,88
619,170,22,88
619,170,23,88
620,170,23,88
620,171,24,89
620,172,26,89
620,173,27,90
621,174,27,90
621,176,27,90
622,177,27,90
622,177,27,90
622,177,27,90
622,177,27,90
623,177,27,90
623,178,27,90
624,178,27,90
625,178,27,90
626,178,27,90
627,178,27,90
627,180,27,90
628,181,27,90
628,183,27,90
629,184,27,91
630,185,27,92
631,186,27,93
632,187,27,93
633,187,27,93
634,188,27,93
636,188,26,93
637,189,24,92
639,189,23,92
640,190,24,92
641,191,25,92
642,192,26,92
643,192,26,92
644,192,26,92
645,192,26,92
646,194,25,90
648,195,25,89
649,197,24,87
650,198,25,88
650,199,25,89
651,200,26,90
651,202,26,90
652,203,27,90
652,205,27,90
653,205,27,90
653,206,27,90
654,206,27,90
656,207,27,90
657,207,27,90
659,208,27,90
660,209,27,90
661,211,27,90
662,212,27,90
663,213,27,90
665,213,27,90
666,214,27,90
668,217,27,91
669,219,26,93
671,222,26,94
672,222,26,95
673,223,27,96
674,223,27,97
676,224,27,95
678,225,27,94
680,226,27,92
682,227,27,92
684,228,27,92
686,229,27,92
687,230,27,92
689,232,27,92
690,233,27,92
691,234,27,92
692,234,27,92
693,235,27,92
695,236,27,92
696,237,28,93
698,238,28,93
700,240,28,93
701,241,28,93
703,243,28,93
705,244,28,93
706,245,28,93
708,246,28,93
710,247,28,93
711,247,28,93
713,248,28,93
715,249,28,93
716,251,28,93
718,252,28,93
720,253,28,93
721,255,28,93
723,256,28,93
725,257,28,95
728,258,28,97
730,259,28,99
732,261,28,99
734,264,28,99
736,266,28,99
738,266,28,99
741,265,28,99
743,265,28,99
745,266,28,96
747,266,29,94
749,267,29,91
751,268,29,91
754,268,29,91
756,269,29,91
757,269,29,91
758,270,29,91
759,270,29,91
759,271,29,93
759,272,30,94
759,273,30,96
757,274,30,97
756,275,31,99
754,276,31,100
752,277,31,100
749,277,31,100
747,278,31,100
744,277,31,100
740,275,31,100
737,274,31,100
733,274,31,100
730,274,31,100
726,274,31,100
723,273,31,100
719,273,31,100
716,272,31,100
712,272,31,100
707,272,31,100
703,272,31,100
700,272,31,101
697,272,30,103
694,272,30,104
692,272,30,104
690,272,30,104
688,272,30,104
686,271,30,104
685,269,30,104
683,268,30,104
682,268,30,102
681,267,30,100
680,267,30,98
680,267,30,98
679,268,31,98
679,268,31,98
679,268,31,98
679,268,32,98
679,268,32,98
680,268,31,98
682,268,31,98
683,268,30,98
684,268,30,98
686,267,30,98
687,267,30,98
687,267,30,98
687,267,30,98
687,267,30,98
687,267,30,98
687,266,30,99
687,266,30,99
687,266,30,99
687,265,30,99
687,265,30,99
685,264,29,100
683,262,29,100
681,261,28,101
679,261,28,101
677,261,28,101
675,261,28,101
673,260,28,101
670,260,28,101
668,259,28,101
664,257,28,101
661,255,28,101
657,253,28,101
654,252,28,101
651,252,28,101
648,251,28,101
644,251,28,99
641,252,28,98
637,252,28,96
634,252,28,96
632,251,28,96
629,251,28,96
628,250,28,96
626,249,28,96
625,248,28,96
625,247,28,96
624,247,28,96
624,246,28,96
624,245,28,96
625,245,28,96
625,244,28,96
626,244,28,96
627,243,28,96
628,243,28,96
629,243,28,96
629,243,28,96
630,243,28,96
631,242,27,97
631,242,27,97
632,241,26,98
632,240,26,98
633,239,26,98
633,238,26,98
633,238,27,98
633,238,27,98
633,238,28,98
633,237,28,98
634,236,28,98
634,235,28,98
635,235,28,98
636,235,28,98
637,235,28,98
636,235,28,98
636,235,29,97
635,235,29,97
635,235,29,97
635,235,29,97
635,235,29,97
635,235,29,97
635,235,29,97
635,235,29,97
635,235,29,95
635,235,29,94
635,235,29,92
635,235,29,92
635,235,28,92
635,235,28,92
635,235,28,92
635,235,29,92
635,235,29,92
635,235,29,93
635,235,29,93
635,235,29,94
635,235,29,96
635,235,29,97
635,235,29,99
637,235,27,99
638,235,26,98
640,235,24,98
640,236,24,84
640,237,24,70
640,238,24,56
640,238,24,56
640,238,24,56
640,238,24,56
640,238,24,56
640,238,24,56
640,238,24,56
639,239,25,51
638,241,27,46
637,242,28,41
637,242,27,41
637,242,27,42
637,242,26,42
635,243,26,42
633,243,26,42
631,244,26,42
631,244,26,44
631,244,26,46
631,244,26,48
631,244,25,62
631,244,24,76
631,244,23,90
630,244,24,90
630,244,25,90
629,244,26,90
629,244,26,90
629,243,26,91
629,243,26,91
628,243,26,93
628,243,26,94
627,243,26,96
626,243,27,96
624,243,28,96
623,243,29,96
623,243,28,96
623,243,28,96
623,243,27,96
623,242,27,97
623,240,27,98
623,239,27,99
621,238,28,99
620,237,28,99
618,236,29,99
618,235,29,98
617,235,29,97
617,234,29,96
615,234,29,96
614,234,29,96
612,234,29,96
612,234,29,96
611,234,29,96
611,234,29,96
610,234,29,96
610,233,29,96
609,233,29,96
608,233,29,95
607,233,29,93
606,233,29,92
605,232,29,92
603,232,29,92
602,231,29,92
602,231,29,92
601,231,28,92
601,231,28,92
601,230,28,93
600,228,28,93
600,227,28,94
600,227,28,95
599,227,28,95
599,227,28,96
599,225,27,97
599,224,27,98
599,222,26,99
598,221,26,99
597,219,27,99
596,218,27,99
595,218,27,98
595,218,27,97
594,218,27,96
594,217,27,96
593,217,27,96
593,216,27,96
592,215,27,96
591,214,27,96
590,213,27,96
589,213,27,96
589,213,27,96
588,213,27,96
588,213,27,96
588,213,27,96
588,213,27,96
588,213,27,96
587,212,26,96
587,212,26,96
586,211,26,96
585,209,26,96
584,208,26,96
584,208,26,96
583,209,26,96
583,209,26,96
583,209,26,96
582,209,26,96
582,209,26,96
582,209,26,96
582,209,26,96
582,209,26,96
582,208,26,96
582,208,26,96
582,207,26,96
581,207,26,96
581,207,26,96
580,207,26,96
580,206,26,96
581,206,26,96
581,205,26,96
581,205,26,96
580,205,26,96
580,205,26,96
580,205,26,96
579,205,26,96
579,205,26,96
579,205,26,96
579,205,26,96
579,205,26,96
578,205,26,96
578,205,26,96
577,205,26,96
577,205,26,96
576,206,26,96
576,206,26,96
575,206,27,94
573,206,28,93
572,206,29,91
572,206,29,91
572,207,29,91
572,207,29,91
572,207,29,91
572,207,29,91
572,207,29,91
572,207,29,93
572,208,29,94
572,208,29,96
572,208,29,96
572,208,29,96
572,208,29,96
572,208,29,96
572,208,29,96
572,208,29,96
572,208,29,96
572,208,29,96
572,208,29,96
572,208,29,94
572,208,29,92
572,208,29,90
572,208,29,90
572,208,29,90
572,208,29,90
572,208,29,90
572,208,29,90
572,208,29,90
572,208,28,91
571,208,28,91
571,208,27,92
570,208,28,92
570,208,28,92
569,208,29,92
569,208,29,92
569,208,29,92
569,208,29,92
568,208,29,92
568,207,28,92
567,207,28,92
567,207,28,92
567,207,28,92
567,207,28,92
566,207,28,92
565,207,28,92
564,207,28,92
564,207,28,94
564,207,28,95
564,207,28,97
564,207,27,97
564,207,27,97
564,207,26,97
564,207,26,95
563,207,27,94
563,207,27,92
563,207,27,92
563,207,27,92
563,207,27,92
562,207,27,92
561,208,27,92
560,208,27,92
560,208,27,92
559,208,28,92
559,208,28,92
558,208,28,92
557,207,28,92
556,207,28,92
556,207,28,92
556,207,28,92
556,207,28,92
555,207,28,92
553,207,28,92
552,207,28,92
552,207,28,92
552,207,28,92
552,207,28,92
552,207,28,92
551,208,28,92
551,208,28,92
551,208,28,95
551,208,29,97
551,208,29,100
551,208,29,100
551,208,29,100
551,208,29,100
551,208,28,99
551,208,28,98
551,208,27,97
551,208,27,96
551,208,26,94
551,208,26,93
551,208,26,92
551,208,26,91
551,208,26,90
550,208,27,90
550,208,27,89
549,208,28,89
548,208,28,89
548,208,28,89
547,208,28,89
546,208,28,91
545,208,28,92
544,208,28,94
544,208,28,94
544,208,28,94
544,208,28,94
543,208,28,94
542,208,28,94
541,208,28,94
541,208,28,94
540,208,27,94
540,208,27,94
540,208,27,94
540,208,27,94
540,208,27,94
539,208,27,94
538,208,27,94
537,208,27,94
537,208,27,94
537,208,27,94
537,208,27,94
537,208,27,94
537,208,27,94
537,208,27,94
537,208,27,94
537,208,27,94
537,208,27,94
537,208,27,94
537,208,27,94
537,208,27,94
537,208,27,94
537,208,27,94
537,208,27,94
537,208,27,94
537,208,27,94
537,208,27,94
536,208,27,93
535,207,27,92
534,207,27,91
534,207,27,91
533,207,28,91
533,207,28,91
533,207,28,91
533,207,28,91
533,207,28,91
533,207,28,91
533,207,28,91
533,207,28,91
534,207,27,91
536,207,25,90
537,207,24,90
537,207,26,76
537,207,27,63
537,207,29,49
538,207,29,47
539,207,29,45
540,207,29,43
541,207,29,43
541,207,30,43
542,207,30,43
543,207,30,43
545,207,30,43
546,207,30,43
547,207,30,43
547,206,30,43
548,206,30,43
549,206,30,43
549,206,30,43
550,206,30,43
550,206,30,43
551,207,30,43
551,207,30,43
551,207,30,43
551,207,30,43
551,207,30,43
551,206,30,43
552,206,30,43
552,205,30,43
552,205,30,43
552,205,30,43
552,205,30,43
553,205,30,43
553,205,30,43
554,205,30,43
555,205,30,45
555,205,30,48
556,205,30,50
557,205,30,50
557,205,30,50
558,205,30,50
558,205,30,50
559,205,30,50
559,205,30,50
560,205,30,50
560,205,30,50
561,205,30,50
562,205,30,50
562,205,30,50
563,205,30,50
564,205,30,50
565,205,30,50
566,205,30,50
567,205,30,50
568,205,30,50
569,205,30,50
569,205,30,50
569,206,30,50
569,206,30,50
570,206,29,52
571,206,29,54
572,206,28,56
572,206,28,56
573,206,27,56
573,206,27,56
574,206,27,56
576,207,27,56
577,207,27,56
578,207,27,57
578,207,27,58
579,207,27,59
579,207,27,72
580,207,27,86
580,207,27,99
581,207,27,99
581,208,27,99
582,208,27,99
582,208,27,99
582,208,27,99
582,208,27,99
582,208,27,99
582,208,27,99
582,208,27,99
583,208,27,98
583,208,27,97
584,208,27,96
584,208,27,95
584,208,27,94
584,208,27,93
584,208,27,93
584,208,27,93
584,208,27,93
584,208,27,93
584,208,27,93
584,208,27,93
584,208,27,93
584,208,27,93
584,208,27,93
584,208,27,93
584,208,27,93
584,208,27,93
584,208,27,93
584,208,27,93
584,208,27,93
584,209,27,93
584,211,27,93
584,212,27,93
584,212,27,93
584,212,27,93
584,212,27,93
584,212,27,93
584,212,27,93
584,212,27,93
584,212,27,93
584,212,27,93
584,212,27,93
585,213,27,93
587,213,27,93
588,214,27,93
588,214,27,93
588,214,27,93
588,214,27,93
588,214,27,93
588,214,27,93
588,214,27,93
588,214,27,93
588,214,27,93
588,214,27,93
588,214,27,93
588,214,27,93
588,214,27,93
588,215,27,93
589,215,27,93
589,216,27,93
589,216,27,93
589,216,27,93
589,216,27,93
589,216,27,93
589,216,27,93
589,216,27,93
589,216,27,93
589,216,27,93
589,216,27,93
589,216,27,93
589,216,27,93
589,216,27,93
589,216,27,93
589,216,27,93
589,216,27,93
590,217,27,93
591,217,27,93
592,218,27,93
592,218,27,93
592,218,27,93
592,218,27,93
592,218,27,93
592,218,27,93
592,218,27,93
592,218,27,93
592,218,27,93
592,218,27,93
592,218,27,93
592,218,27,93
592,218,27,93
592,218,28,93
592,218,30,93
592,218,31,93
592,218,31,93
592,218,31,93
592,218,31,93
593,218,30,93
593,218,30,93
594,218,29,93
594,218,29,92
594,218,29,92
594,218,29,91
594,217,29,93
594,215,29,94
594,214,29,96
594,214,29,96
594,214,29,96
594,214,29,96
594,214,29,96
594,214,29,96
594,214,29,96
594,214,29,96
594,213,29,97
594,213,29,97
594,213,29,97
594,213,29,97
594,213,29,97
595,213,28,97
597,213,27,97
598,213,26,97
600,213,24,89
601,213,22,80
603,213,20,72
603,213,20,61
602,213,21,50
602,213,21,39
601,210,21,39
599,207,21,39
598,204,21,39
597,202,21,37
597,201,21,35
596,199,21,33
595,198,21,33
595,196,21,33
594,195,21,33
593,195,21,33
593,195,21,33
592,195,21,33
591,195,22,52
591,195,23,71
590,195,24,90
590,195,24,90
590,195,24,90
590,195,24,90
590,193,24,92
590,190,24,94
590,188,24,96
590,188,24,96
590,188,24,96
590,188,24,96
590,188,24,96
590,188,24,96
590,188,24,96
590,187,24,96
590,186,24,96
590,185,24,96
590,183,24,96
589,182,24,96
589,180,24,96
589,180,24,96
589,180,24,96
589,180,24,96
589,179,24,96
589,177,24,96
589,176,24,96
589,175,25,96
588,175,26,96
588,174,27,96
588,174,27,96
587,173,27,96
587,173,27,96
587,173,27,96
587,173,27,96
587,173,27,96
586,173,27,96
585,173,27,96
584,173,27,96
584,172,27,96
584,171,27,96
584,170,27,96
584,170,27,96
584,170,27,96
584,170,27,96
584,170,27,96
584,170,27,96
584,170,27,96
584,170,27,96
584,170,27,96
584,170,27,96
585,169,27,97
585,168,27,98
586,167,27,99
586,167,27,99
586,167,27,99
586,167,27,99
586,166,27,99
586,164,27,99
586,163,27,99
586,163,27,99
586,163,27,99
586,163,27,99
585,163,27,99
585,163,27,99
584,163,27,99
584,163,27,99
583,163,27,99
583,163,27,99
583,163,27,99
583,163,27,99
583,163,27,99
583,163,27,99
583,163,27,99
583,163,27,99
583,164,27,98
583,164,27,98
583,165,27,97
583,166,27,95
583,168,27,94
583,169,27,92
583,169,27,92
583,169,27,92
583,169,27,92
583,169,27,92
583,169,27,92
583,169,27,92
583,171,27,92
583,174,27,92
583,176,27,92
584,176,27,92
586,176,27,92
587,176,27,92
587,177,27,93
587,177,27,95
587,178,27,96
587,178,27,96
587,178,27,96
587,178,27,96
587,178,27,96
588,179,27,96
588,179,27,96
588,179,27,96
589,180,27,96
589,180,27,96
589,182,27,96
590,183,27,96
590,185,27,96
590,186,27,96
591,188,27,96
591,189,27,96
591,189,27,96
592,189,27,96
592,189,27,96
592,191,28,94
592,193,28,91
592,195,29,89
593,195,29,89
593,196,29,89
594,196,29,89
595,197,29,89
596,197,29,89
597,198,29,89
598,199,29,90
598,199,29,91
599,200,29,92
600,202,29,92
601,204,29,92
602,206,29,92
604,207,29,93
605,207,29,95
607,208,29,96
608,208,29,96
609,208,29,96
610,208,29,96
611,208,29,96
611,209,29,96
612,209,29,96
613,210,29,96
615,211,29,96
616,212,29,96
617,213,29,94
618,214,29,93
619,215,29,91
620,216,29,91
620,216,29,91
621,217,29,91
622,219,29,91
622,220,29,91
623,222,29,91
625,222,29,91
626,223,29,91
628,223,29,91
629,224,29,91
629,225,29,91
630,226,29,91
631,227,29,91
631,227,29,91
632,228,29,91
632,228,29,92
632,228,29,93
632,228,29,94
632,230,29,94
632,232,29,94
632,234,29,94
631,235,29,94
631,237,29,94
630,238,29,94
630,238,29,94
630,238,29,94
630,238,29,94
629,238,29,94
627,238,29,94
626,238,29,94
625,238,29,94
624,238,29,94
623,238,29,94
623,238,29,94
623,238,28,94
623,238,28,94
623,238,28,94
623,238,28,94
623,238,28,94
624,240,28,96
626,243,28,99
627,245,28,101
629,246,28,98
631,246,28,96
633,247,28,93
635,248,28,93
637,248,28,93
639,249,28,93
641,249,28,93
642,249,28,93
644,249,28,93
646,250,28,93
649,251,28,93
651,252,28,93
653,252,28,94
656,253,28,96
658,253,28,97
660,254,28,97
662,256,28,97
664,257,28,97
667,257,28,97
669,256,28,97
672,256,28,97
674,256,28,97
677,257,28,97
679,257,28,97
681,257,28,97
682,256,28,97
684,256,28,97
685,256,28,97
685,255,28,97
686,255,28,97
686,255,28,97
686,255,28,97
686,255,28,97
685,255,28,97
684,256,28,97
683,256,28,97
682,256,28,97
681,255,28,97
680,255,28,97
679,254,28,97
678,254,28,97
677,253,28,97
676,253,28,95
675,252,28,94
674,252,28,92
674,252,28,92
673,252,28,92
673,252,28,92
672,251,28,92
671,251,28,92
670,250,28,92
670,249,28,92
670,249,28,92
670,248,28,92
670,248,28,92
670,248,28,92
670,248,28,92
670,247,28,92
670,245,28,92
670,244,28,92
670,242,28,92
670,240,28,92
670,238,28,92
670,237,28,92
670,236,29,92
670,235,29,92
670,235,29,92
671,234,29,92
671,234,29,92
671,232,29,92
671,231,29,92
671,229,29,92
671,228,29,92
670,228,29,92
670,227,29,92
668,226,29,91
666,225,29,91
664,224,29,90
662,223,29,88
660,221,29,85
658,220,29,83
655,220,29,83
651,219,29,83
648,219,29,83
644,218,29,83
640,218,29,83
636,217,29,83
632,216,29,83
627,214,29,83
623,213,29,83
619,212,29,84
614,210,29,85
610,209,29,86
607,209,28,86
603,209,28,86
600,209,27,86
596,208,27,85
592,207,27,83
588,206,27,82
584,205,27,82
580,205,27,82
576,204,27,82
574,204,26,82
572,203,25,82
570,203,24,82
568,203,24,82
565,203,24,82
563,203,24,82
563,203,23,82
563,203,23,81
563,203,22,81
563,203,21,81
563,203,20,81
563,203,19,81
563,203,18,77
563,203,18,73
563,203,17,69
562,201,16,67
561,198,14,64
560,196,13,62
558,197,13,56
556,197,12,50
554,198,12,44
550,205,14,38
546,212,16,33
542,219,18,27
539,220,16,26
536,222,13,25
533,223,11,24
535,214,12,25
536,205,12,26
538,196,13,27
533,195,13,28
528,194,13,30
523,193,13,31
518,193,15,31
513,193,17,31
508,193,19,31
505,192,18,36
501,191,17,41
498,190,16,46
494,189,17,46
491,189,18,47
487,188,19,47
483,188,20,56
479,189,20,64
475,189,21,73
473,189,21,76
470,188,22,79
468,188,22,82
466,188,21,81
463,187,20,80
461,187,19,79
458,187,20,77
454,186,21,74
451,186,22,72
448,186,22,74
444,186,22,76
441,186,22,78
438,186,23,79
435,186,25,81
432,186,26,82
429,187,25,80
427,187,25,79
424,188,24,77
422,189,23,75
421,189,23,74
419,190,22,72
414,191,23,73
410,192,25,73
405,193,26,74
402,193,25,75
400,194,25,75
397,194,24,76
394,195,23,74
390,196,23,72
387,197,22,70
385,198,22,71
382,198,23,73
380,199,23,74
378,200,23,75
377,201,23,77
375,202,23,78
374,202,22,81
373,203,22,84
372,203,21,87
368,204,23,83
363,205,24,78
359,206,26,74
357,208,25,74
355,211,23,74
353,213,22,74
351,214,22,75
349,214,22,76
347,215,22,77
345,216,23,77
343,218,23,76
341,219,24,76
341,220,24,76
342,221,24,76
342,222,24,76
342,223,24,79
341,223,24,83
341,224,24,86
340,224,26,86
339,225,27,87
338,225,29,87
338,225,27,87
338,226,25,86
338,226,23,86
338,227,23,86
337,228,22,86
337,229,22,86
336,230,22,84
336,231,21,81
335,232,21,79
334,231,22,81
334,231,23,84
333,230,24,86
332,231,24,77
331,231,23,67
330,232,23,58
328,233,23,58
326,234,24,58
324,235,24,58
321,236,25,59
317,236,25,59
314,237,26,60
312,239,24,60
310,240,23,59
308,242,21,59
304,243,21,57
301,245,22,56
297,246,22,54
293,248,22,54
289,250,22,54
285,252,22,54
283,253,23,54
280,255,23,54
278,256,24,54
278,256,23,53
277,257,22,52
277,257,21,51
277,258,23,52
277,258,24,52
277,259,26,53
277,258,26,54
278,258,27,55
278,257,27,56
281,257,26,54
284,257,25,52
287,257,24,50
290,256,24,53
292,254,23,55
295,253,23,58
298,252,23,55
302,252,23,52
305,251,23,49
307,250,23,49
310,248,24,48
312,247,24,48
316,246,23,48
319,245,23,49
323,244,22,49
326,244,21,49
330,244,21,48
333,244,20,48
335,244,20,50
338,243,20,52
340,243,20,54
343,243,20,53
347,244,19,53
350,244,19,52
353,244,19,52
357,244,20,53
360,244,20,53
364,244,19,52
367,244,19,52
371,244,18,51
373,244,19,53
375,245,19,54
377,245,20,56
381,245,20,54
384,246,19,53
388,246,19,51
390,247,19,52
393,248,19,52
395,249,19,53
397,249,19,53
400,249,20,54
402,249,20,54
405,250,20,54
409,251,21,53
412,252,21,53
414,252,21,55
416,253,22,56
418,253,22,58
420,253,22,58
423,253,21,57
425,253,21,57
427,255,21,56
429,257,21,54
431,259,21,53
433,260,21,64
436,261,21,75
438,262,21,86
438,263,22,87
439,264,23,88
439,265,24,89
440,266,24,88
442,266,23,87
443,267,23,86
445,268,23,87
448,268,23,88
450,269,23,89
451,269,23,90
453,268,23,91
454,268,23,92
455,268,24,92
457,269,25,93
458,269,26,93
458,270,25,93
459,271,24,94
459,272,23,94
460,272,23,95
461,271,24,96
462,271,24,97
463,270,24,98
464,269,24,99
465,268,24,100
467,268,24,99
468,267,24,97
470,267,24,96
470,266,26,94
471,266,27,93
471,265,29,91
472,264,28,91
473,264,27,92
474,263,26,92
474,264,25,92
475,264,23,92
475,265,22,92
474,265,23,94
474,264,23,95
473,264,24,97
474,264,25,94
474,264,26,91
475,264,27,88
476,264,27,88
476,264,26,87
477,264,26,87
476,263,26,88
476,262,27,89
475,261,27,90
474,261,27,91
474,261,26,91
473,261,26,92
471,260,26,93
470,259,26,93
468,258,26,94
467,258,25,93
465,258,23,93
464,258,22,92
462,257,24,94
461,255,25,96
459,254,27,98
459,253,28,97
458,252,28,97
458,251,29,96
458,251,27,94
457,251,26,93
457,251,24,91
455,250,24,91
454,250,24,90
452,249,24,90
451,250,24,90
449,251,23,90
448,252,23,90
447,252,23,90
446,253,23,89
445,253,23,89
444,253,25,90
443,252,26,90
442,252,28,91
442,252,26,90
443,252,24,89
443,252,22,88
445,252,23,89
447,251,25,89
449,251,26,90
458,249,25,90
466,247,24,90
475,245,23,90
487,243,23,93
500,241,24,95
512,239,24,98
526,238,24,97
539,236,24,95
553,235,24,94
567,233,23,90
582,232,21,87
596,230,20,83
608,230,20,83
619,230,20,83
631,230,20,83
641,231,20,84
651,231,19,86
661,232,19,87
668,232,20,87
674,233,21,88
681,233,22,88
686,234,21,85
692,236,21,83
697,237,20,80
700,238,20,80
703,240,20,80
706,241,20,80
705,242,20,80
705,243,21,80
704,244,21,80
703,244,22,81
702,245,23,82
701,245,24,83
700,244,23,83
699,244,23,83
698,243,22,83
697,244,22,83
697,244,23,82
696,245,23,82
695,246,23,82
694,247,24,82
693,248,24,82
692,249,24,83
692,251,23,83
691,252,23,84
691,253,22,83
690,253,21,83
690,254,20,82
689,255,20,81
688,256,21,79
687,257,21,78
685,258,21,82
684,258,21,85
682,259,21,89
682,260,21,87
681,262,20,84
681,263,20,82
679,264,20,78
678,264,20,73
676,265,20,69
676,266,20,70
677,266,21,70
677,267,21,71
676,269,21,70
675,271,20,69
674,273,20,68
673,273,21,70
671,273,22,71
670,273,23,73
669,274,23,75
667,276,23,78
666,277,23,80
666,277,23,76
666,278,22,73
666,278,22,69
664,279,22,69
663,280,21,69
661,281,21,69
661,281,21,69
660,281,20,70
660,281,20,70
659,281,20,71
658,282,19,72
657,282,19,73
656,283,18,73
654,283,18,74
653,284,17,74
651,284,18,72
648,283,20,71
646,283,21,69
645,285,20,67
645,287,19,65
644,289,18,63
643,290,18,63
641,291,19,62
640,292,19,62
639,293,18,61
637,294,18,59
636,295,17,58
634,295,17,60
632,295,18,61
630,295,18,63
629,296,18,62
627,296,18,62
626,297,18,61
623,298,19,64
619,298,19,66
616,299,20,69
615,299,20,68
614,299,19,68
613,299,19,67
611,300,20,67
609,301,20,67
607,302,21,67
606,303,20,63
605,304,20,58
604,305,19,54
603,305,18,55
601,306,18,57
600,306,17,58
597,307,18,56
594,308,18,54
591,309,19,52
589,311,19,52
588,312,20,53
586,314,20,53
584,315,20,51
582,316,19,50
580,317,19,48
578,318,19,47
576,320,20,45
574,321,20,44
572,321,20,47
571,321,19,49
569,321,19,52
567,322,19,52
564,322,19,52
562,323,19,52
559,324,18,53
557,324,18,55
554,325,17,56
553,325,18,55
553,325,20,54
552,325,21,53
554,326,21,54
556,328,21,55
558,329,21,56
559,328,21,54
561,328,22,53
562,327,22,51
565,328,21,50
567,328,21,50
570,329,20,49
573,330,21,49
575,330,21,49
578,331,22,49
583,332,21,48
587,332,21,48
592,333,20,47
597,334,20,47
602,335,20,47
607,336,20,47
612,338,20,51
617,339,21,55
622,341,21,59
627,342,21,68
632,342,22,77
637,343,22,86
642,344,21,86
647,344,20,87
652,345,19,87
657,347,20,84
661,349,21,82
666,351,22,79
670,352,23,74
675,353,23,69
679,354,24,64
682,356,25,66
686,357,26,69
689,359,27,71
692,360,26,71
696,360,25,72
699,361,24,72
701,362,25,78
704,364,25,84
706,365,26,90
707,368,25,90
709,371,24,89
710,374,23,89
712,375,25,90
714,377,26,91
716,378,28,92
718,380,28,91
720,383,28,90
722,385,28,89
724,387,28,90
725,389,29,91
727,391,29,92
729,392,29,91
730,394,29,91
732,395,29,90
734,397,27,90
736,398,26,90
738,400,24,90
739,401,25,89
741,401,25,88
742,402,26,87
744,404,28,86
745,405,30,84
747,407,32,83
749,408,31,82
752,408,31,81
754,409,30,80
757,410,30,83
759,411,29,85
762,412,29,88
764,413,29,88
765,414,29,87
767,415,29,87
768,416,27,85
768,417,24,83
769,418,22,81
769,419,22,83
769,419,21,84
769,420,21,86
767,420,24,88
766,419,27,91
764,419,30,93
762,419,31,93
761,419,31,93
759,419,32,93
757,419,32,92
754,420,32,92
752,420,32,91
749,419,31,90
745,419,31,90
742,418,30,89
737,417,31,88
733,416,31,87
728,415,32,86
724,414,31,86
721,412,30,86
717,411,29,86
713,410,30,84
708,409,31,83
704,408,32,81
701,407,32,80
699,406,32,80
696,405,32,79
695,404,31,80
694,403,31,82
693,402,30,83
695,402,30,82
697,402,29,82
699,402,29,81
702,400,28,81
704,398,28,82
707,396,27,82
710,395,27,83
714,393,27,83
717,392,27,84
721,391,26,88
726,390,25,93
730,389,24,97
733,388,25,97
736,386,26,96
739,385,27,96
742,384,27,96
744,383,27,97
747,382,27,97
749,381,26,96
752,379,25,95
754,378,24,94
755,377,25,92
756,377,26,90
757,376,27,88
757,375,27,87
758,373,26,87
758,372,26,86
757,371,27,87
755,370,29,88
754,369,30,89
752,368,30,89
751,367,29,90
749,366,29,90
747,365,29,91
744,365,30,91
742,364,30,92
741,362,29,92
739,361,27,91
738,359,26,91
735,358,25,90
733,358,25,90
730,357,24,89
727,356,25,90
724,355,26,92
721,354,27,93
719,353,27,95
718,352,28,96
716,351,28,98
715,351,28,98
713,351,27,98
712,351,27,98
712,350,27,97
711,350,26,97
711,349,26,96
711,348,25,95
711,348,24,94
711,347,23,93
711,346,24,91
712,346,26,88
712,345,27,86
713,343,27,86
713,341,26,87
714,339,26,87
715,338,25,88
717,337,25,90
718,336,24,91
719,336,25,91
719,335,27,92
720,335,28,92
721,334,27,94
723,334,27,96
724,333,26,98
725,332,25,96
726,332,25,95
727,331,24,93
727,329,24,92
727,328,24,90
727,326,24,89
728,325,24,90
728,324,23,91
729,323,23,92
730,322,23,92
731,320,23,91
732,319,23,91
732,318,24,95
732,317,26,98
732,316,27,102
733,316,27,100
735,315,26,99
736,315,26,97
736,314,27,96
736,314,28,95
736,313,29,94
737,311,28,93
737,309,28,92
738,307,27,91
739,307,27,88
739,306,27,85
740,306,27,82
741,303,27,84
743,301,28,86
744,298,28,88
746,298,28,91
749,299,28,94
751,299,28,97
755,298,27,97
758,298,25,98
762,297,24,98
765,296,25,97
769,295,25,97
772,294,26,96
776,292,25,95
780,291,24,93
784,289,23,92
787,289,24,91
791,288,25,89
794,288,26,88
797,288,26,88
801,288,27,87
804,288,27,87
806,287,27,84
809,287,27,81
811,286,27,78
812,286,28,76
812,287,29,73
813,287,30,71
815,286,30,71
818,286,31,70
820,285,31,70
822,285,31,70
825,284,31,69
827,284,31,69
829,284,30,71
832,283,30,74
834,283,29,76
837,283,29,81
840,282,29,86
843,282,29,91
848,284,28,93
852,285,27,94
857,287,26,96
859,287,28,94
862,287,29,92
864,287,31,90
868,287,31,85
873,288,30,79
877,288,30,74
881,291,31,74
885,294,33,73
889,297,34,73
892,297,33,69
895,298,33,65
898,298,32,61
902,299,32,69
905,300,32,78
909,301,32,86
912,301,31,86
915,301,29,87
918,301,28,87
917,300,28,85
915,299,28,82
914,298,28,80
910,298,29,78
906,297,29,76
902,297,30,74
897,294,29,74
892,292,29,74
887,289,28,74
880,288,28,76
874,288,29,77
867,287,29,79
861,285,27,83
854,284,26,88
848,282,24,92
842,280,25,89
835,279,25,86
829,277,26,83
824,277,25,81
818,276,25,78
813,276,24,76
810,275,23,73
806,274,22,69
803,273,21,66
802,273,20,67
801,273,19,69
800,273,18,70
802,273,20,59
805,274,22,48
807,274,24,37
810,273,25,38
814,272,25,39
817,271,26,40
821,271,25,41
825,271,25,41
829,271,24,42
833,272,24,42
838,273,23,41
842,274,23,41
846,274,23,44
850,273,23,47
854,273,23,50
856,274,24,50
859,274,25,49
861,275,26,49
864,274,25,51
868,274,23,54
871,273,22,56
872,274,21,56
873,274,21,56
874,275,20,56
873,275,21,57
873,274,21,59
872,274,22,60
871,274,23,61
870,274,23,62
869,274,24,63
867,274,24,65
864,273,23,67
862,273,23,69
861,271,22,69
859,270,22,70
858,268,21,70
855,267,21,76
852,267,20,82
849,266,20,88
849,265,20,88
849,265,21,88
849,264,21,88
849,263,21,89
849,262,22,90
849,261,22,91
850,262,23,87
850,262,23,84
851,263,24,80
851,261,23,81
852,259,22,82
852,257,21,83
853,257,21,83
855,256,21,83
856,256,21,83
858,255,20,88
860,254,20,92
862,253,19,97
864,254,20,95
866,255,21,92
868,256,22,90
871,255,21,90
874,255,21,89
877,254,20,89
879,255,21,83
881,257,21,77
883,258,22,71
885,257,21,73
888,255,19,74
890,254,18,76
892,255,19,77
894,255,21,79
896,256,22,80
898,255,22,84
899,254,21,89
901,253,21,93
904,253,21,94
908,252,22,96
911,252,22,97
913,252,23,96
915,252,25,94
917,252,26,93
918,251,24,93
920,250,23,93
921,249,21,93
921,248,20,92
921,247,19,90
921,246,18,89
920,244,19,86
919,241,20,83
918,239,21,80
915,238,21,86
912,238,20,91
909,237,20,97
906,236,20,96
904,235,21,95
901,234,21,94
896,233,21,93
892,231,22,91
887,230,22,90
883,228,21,85
880,227,19,81
876,225,18,76
872,223,18,79
867,220,19,81
863,218,19,84
860,217,19,77
856,216,18,70
853,215,18,63
849,214,19,72
846,214,19,81
842,213,20,90
839,213,20,91
835,212,20,92
832,212,20,93
829,211,20,89
825,210,19,84
822,209,19,80
818,208,19,80
815,207,19,81
811,206,19,81
808,205,20,83
804,205,20,84
801,204,21,86
798,204,20,87
796,204,19,88
793,204,18,89
789,204,20,90
786,205,21,90
782,205,23,91
778,205,23,84
775,205,22,78
771,205,22,71
766,206,22,71
762,206,22,72
757,207,22,72
753,208,23,77
748,208,23,83
744,209,24,88
741,209,22,89
737,209,21,90
734,209,19,91
730,210,20,93
727,211,20,94
723,212,21,96
722,214,21,94
721,217,21,92
720,219,21,90
720,220,21,87
720,221,20,83
720,222,20,80
720,224,18,81
721,226,16,82
721,228,14,83
723,229,15,88
724,229,17,92
726,230,18,97
727,234,20,96
727,237,22,94
728,241,24,93
732,243,24,94
736,244,23,96
740,246,23,97
742,248,24,96
745,251,26,95
747,253,27,94
750,255,25,87
753,256,24,80
756,258,22,73
757,259,23,81
757,260,25,88
758,261,26,96
760,262,25,96
762,262,25,97
764,263,24,97
766,264,25,98
768,266,25,98
770,267,26,99
771,268,26,100
773,270,27,101
774,271,27,102
775,272,29,102
777,272,30,103
778,273,32,103
780,274,30,100
782,274,29,96
784,275,27,93
786,275,26,95
789,274,25,97
791,274,24,99
793,274,24,99
796,274,24,99
798,274,24,99
800,276,25,99
802,277,26,99
804,279,27,99
806,279,28,101
809,279,28,102
811,279,29,104
813,280,29,104
815,281,29,103
817,282,29,103
819,282,28,100
821,281,28,96
823,281,27,93
827,280,26,93
830,279,25,92
834,278,24,92
837,278,24,94
839,279,23,97
842,279,23,99
845,279,23,100
848,279,23,100
851,279,23,101
854,280,23,102
856,280,23,103
859,281,23,104
860,280,23,102
862,279,24,101
863,278,24,99
864,277,24,99
864,275,23,99
865,274,23,99
866,274,22,97
867,274,21,94
868,274,20,92
867,272,21,94
867,271,22,96
866,269,23,98
865,269,21,99
863,269,20,101
862,269,18,102
859,268,19,101
855,266,20,100
852,265,21,99
850,264,21,99
848,263,20,98
846,262,20,98
842,260,20,95
837,257,21,93
833,255,21,90
831,255,21,93
828,254,21,95
826,254,21,98
824,253,21,99
821,253,20,99
819,252,20,100
817,251,20,101
815,249,19,103
813,248,19,104
810,247,20,103
807,245,22,103
804,244,23,102
802,243,22,100
799,243,22,98
797,242,21,96
794,241,21,94
792,240,22,91
789,239,22,89
787,238,21,91
786,238,19,94
784,237,18,96
782,237,19,97
779,236,19,97
777,236,20,98
775,236,21,98
772,235,22,97
770,235,23,97
767,235,23,97
765,234,24,98
762,234,24,98
760,233,23,95
759,231,23,93
757,230,22,90
755,231,21,89
753,231,20,89
751,232,19,88
749,231,20,91
746,230,20,94
744,229,21,97
743,229,21,97
741,230,21,97
740,230,21,97
738,229,21,98
736,229,20,100
734,228,20,101
732,228,20,100
729,228,21,99
727,228,21,98
725,227,21,95
722,225,21,93
720,224,21,90
718,225,20,91
716,226,19,91
714,227,18,92
712,226,19,93
710,226,21,93
708,225,22,94
706,226,22,96
705,226,21,98
703,227,21,100
700,226,22,100
696,226,23,100
693,225,24,100
692,225,23,98
690,225,23,96
689,225,22,94
686,224,22,93
682,224,22,92
679,223,22,91
677,223,22,92
674,223,22,92
672,223,22,93
670,223,22,95
668,222,22,97
666,222,22,99
664,222,22,99
661,223,21,100
659,223,21,100
657,222,21,101
654,222,22,102
652,221,22,103
651,220,21,100
649,220,21,97
648,219,20,94
646,219,21,94
644,218,21,93
642,218,22,93
639,218,23,93
637,218,23,92
634,218,24,92
633,218,25,94
632,219,25,95
631,219,26,97
628,219,27,97
626,218,28,97
623,218,29,97
621,218,27,95
620,217,26,92
618,217,24,90
616,216,23,91
614,214,23,91
612,213,22,92
610,212,22,92
608,212,21,92
606,211,21,92
603,210,23,94
600,210,24,95
597,209,26,97
595,210,24,97
594,210,23,97
592,211,21,97
590,209,22,99
588,208,22,101
586,206,23,103
583,206,23,99
580,206,22,94
577,206,22,90
575,204,22,90
572,201,23,90
570,199,23,90
568,199,23,91
565,199,23,93
563,199,23,94
561,199,24,94
558,199,25,94
556,199,26,94
553,198,27,94
550,198,27,93
547,197,28,93
544,197,28,91
542,197,27,90
539,197,27,88
536,197,27,86
534,196,27,85
531,196,27,83
529,195,27,86
526,195,28,88
524,194,28,91
522,194,28,91
519,193,27,91
517,193,27,91
515,194,27,93
514,194,26,95
512,195,26,97
512,195,25,99
513,194,25,100
513,194,24,102
514,194,24,101
515,193,23,99
516,193,23,98
518,192,23,97
519,190,23,97
521,189,23,96
523,190,23,94
524,191,23,92
526,192,23,90
528,192,23,91
531,192,22,93
533,192,22,94
535,192,23,95
538,192,23,95
540,192,24,96
543,191,25,98
545,191,25,100
548,190,26,102
549,190,26,102
551,189,26,101
552,189,26,101
553,189,26,100
555,189,27,99
556,189,27,98
557,189,27,99
558,190,26,99
559,190,26,100
561,192,24,98
564,193,21,96
566,195,19,94
566,196,20,96
566,197,20,99
566,198,21,101
566,199,22,102
567,201,22,103
567,202,23,104
567,202,22,103
568,202,22,101
568,202,21,100
569,202,21,99
571,203,22,97
572,203,22,96
573,204,23,95
573,205,23,95
574,206,24,94
576,208,23,94
578,210,21,94
580,212,20,94
581,212,21,97
581,213,23,99
582,213,24,102
584,213,24,103
587,213,23,103
589,213,23,104
592,214,23,103
595,215,22,103
598,216,22,102
601,216,22,101
603,216,21,101
606,216,21,100
608,218,22,97
609,220,23,93
611,222,24,90
614,221,24,95
617,220,24,99
620,219,24,104
622,221,24,104
624,223,24,104
626,225,24,104
628,225,23,104
629,225,23,104
631,225,22,104
633,225,22,105
634,224,21,106
636,224,21,107
637,224,21,103
638,225,20,98
639,225,20,94
639,224,21,96
640,224,21,97
640,223,22,99
640,224,21,99
640,224,21,99
640,225,20,99
639,225,22,101
638,225,24,102
637,225,26,104
637,225,25,105
638,225,24,105
638,225,23,106
637,224,24,107
635,222,25,107
634,221,26,108
635,221,25,105
635,222,24,102
636,222,23,99
635,221,24,98
634,220,25,97
633,219,26,96
634,218,26,97
636,217,27,98
637,216,27,99
639,216,25,101
642,216,22,104
644,216,20,106
645,214,21,107
645,213,22,108
646,211,23,109
647,211,23,107
649,211,24,104
650,211,24,102
651,209,25,101
651,207,25,99
652,205,26,98
653,204,26,98
655,203,27,99
656,202,27,99
655,201,27,100
654,200,26,102
653,199,26,103
652,199,25,105
650,198,25,107
649,198,24,109
648,197,25,109
647,196,26,108
646,195,27,108
644,193,27,106
642,192,27,105
640,190,27,103
638,189,27,102
636,188,27,100
634,187,27,99
633,188,26,99
632,188,24,99
631,189,23,99
628,189,24,100
626,189,26,102
623,189,27,103
621,189,27,104
618,189,28,106
616,189,28,107
615,189,27,105
614,190,25,104
613,190,24,102
612,190,25,100
611,189,25,99
610,189,26,97
609,189,26,98
609,190,26,98
608,190,26,99
606,190,27,100
604,190,28,102
602,190,29,103
602,192,29,104
603,194,29,105
603,196,29,106
603,196,29,107
604,197,29,107
604,197,29,108
606,197,28,108
608,196,28,108
610,196,27,108
611,196,28,106
611,197,28,103
612,197,29,101
613,198,29,101
613,198,29,100
614,199,29,100
615,199,28,101
616,200,28,101
617,200,27,102
619,201,26,103
620,201,25,105
622,202,24,106
623,201,26,102
625,200,28,97
626,199,30,93
627,200,30,94
629,201,30,96
630,202,30,97
632,203,27,98
635,204,25,99
637,205,22,100
637,204,22,102
636,204,23,105
636,203,23,107
635,204,25,108
634,205,26,108
633,206,28,109
632,207,26,109
630,208,24,108
629,209,22,108
626,210,24,105
624,210,27,101
621,211,29,98
619,211,29,99
618,211,28,99
616,211,28,100
615,212,26,99
613,212,24,99
612,213,22,98
609,214,23,100
605,214,25,101
602,215,26,103
600,216,25,99
598,217,25,94
596,218,24,90
594,219,24,87
593,221,23,83
591,222,23,80
589,222,24,85
586,221,25,91
584,221,26,96
582,221,26,98
579,222,26,100
577,222,26,102
574,223,26,102
572,224,27,102
569,225,27,102
567,226,26,104
564,227,25,107
562,228,24,109
559,229,24,108
557,231,24,107
554,232,24,106
552,233,24,102
551,233,24,98
549,234,24,94
546,235,26,96
543,235,27,98
540,236,29,100
538,237,28,100
536,237,27,100
534,238,26,100
532,240,25,99
531,241,24,98
529,243,23,97
527,243,22,98
525,243,21,100
523,243,20,101
522,245,22,97
520,247,25,93
519,249,27,89
517,249,27,92
516,248,26,94
514,248,26,97
513,250,25,96
513,251,24,95
512,253,23,94
515,253,25,97
517,254,26,99
520,254,28,102
523,255,28,101
525,256,27,101
528,257,27,100
533,257,25,102
537,256,23,105
542,256,21,107
546,256,22,102
549,257,23,96
553,257,24,91
556,257,25,91
560,258,26,90
563,258,27,90
568,258,25,92
573,258,22,94
578,258,20,96
580,259,22,96
582,261,24,97
584,262,26,97
587,264,25,93
590,265,23,88
593,267,22,84
598,268,22,82
602,268,22,80
607,269,22,78
609,270,22,82
611,270,22,86
613,271,22,90
614,272,23,90
615,274,23,91
616,275,24,91
618,275,23,93
619,276,22,95
621,276,21,97
621,277,21,97
622,277,20,96
622,278,20,96
623,279,21,91
623,280,23,85
624,281,24,80
625,282,24,80
625,282,24,79
626,283,24,79
627,283,24,82
627,283,24,86
628,283,24,89
628,283,25,92
627,284,25,95
627,284,26,98
627,285,25,96
627,285,24,93
627,286,23,91
625,287,23,86
624,288,23,81
622,289,23,76
622,290,25,76
621,291,26,76
621,292,28,76
620,293,28,74
620,293,27,71
619,294,27,69
619,294,26,76
619,295,24,84
619,295,23,91
618,296,23,92
618,296,23,92
617,297,23,93
616,298,23,93
614,298,23,92
613,299,23,92
613,300,23,91
612,300,23,89
612,301,23,88
614,301,22,86
615,302,21,83
617,302,20,81
617,302,21,81
618,301,21,82
618,301,22,82
618,302,23,82
617,302,25,82
617,303,26,82
618,303,25,85
619,304,24,87
620,304,23,90
620,305,23,85
621,306,24,79
621,307,24,74
620,308,25,71
618,310,25,69
617,311,26,66
617,312,25,64
618,313,23,62
618,314,22,60
615,314,22,60
613,315,21,60
610,315,21,60
607,316,21,59
605,318,22,58
602,319,22,57
600,319,22,54
598,318,21,50
596,318,21,47
592,320,23,46
588,321,24,44
584,323,26,43
581,324,28,43
577,326,30,42
574,327,32,42
574,328,31,41
573,330,30,40
573,331,29,39
570,331,27,38
567,331,25,38
564,331,23,37
560,331,24,34
557,331,25,30
553,331,26,27
551,331,26,32
549,331,27,37
547,331,27,42
543,333,25,44
540,335,23,45
536,337,21,47
533,338,21,47
529,338,22,48
526,339,22,48
523,341,20,48
521,342,19,49
518,344,17,49
515,344,18,47
512,345,18,45
509,345,19,43
506,345,21,43
503,346,22,43
500,346,24,43
499,346,23,43
498,347,22,42
497,347,21,42
495,348,23,43
494,348,25,43
492,349,27,44
492,350,27,43
493,350,26,43
493,351,26,42
493,350,26,41
494,349,26,40
494,348,26,39
497,348,25,40
500,348,25,41
503,348,24,42
505,347,24,42
508,345,24,41
510,344,24,41
514,344,22,42
519,343,21,42
523,343,19,43
526,343,21,44
529,342,24,45
532,342,26,46
536,342,25,47
540,342,23,47
544,342,22,48
547,342,22,47
551,342,23,47
554,342,23,46
556,341,24,47
557,340,25,49
559,339,26,50
563,338,26,53
566,336,26,55
570,335,26,58
574,334,25,58
577,333,23,58
581,332,22,58
585,332,22,58
588,332,21,59
592,332,21,59
595,333,21,57
599,334,22,54
602,335,22,52
607,334,22,53
611,334,22,53
616,333,22,54
620,332,21,55
623,332,21,56
627,331,20,57
630,333,20,67
633,334,20,76
636,336,20,86
639,338,22,88
641,339,25,89
644,341,27,91
647,341,25,87
651,342,23,83
654,342,21,79
657,344,21,79
660,345,22,79
663,347,22,79
665,349,21,81
667,351,21,82
669,353,20,84
669,353,22,85
668,352,24,86
668,352,26,87
668,352,25,85
668,353,25,84
668,353,24,82
668,354,26,81
669,356,28,79
669,357,30,78
670,358,30,78
670,360,30,79
671,361,30,79
670,362,30,79
670,362,29,80
669,363,29,80
668,364,27,81
668,364,24,82
667,365,22,83
665,366,22,83
662,367,22,82
660,368,22,82
658,368,24,82
655,369,26,82
653,369,28,82
652,371,29,84
651,374,31,85
650,376,32,87
649,378,31,85
649,381,31,83
648,383,30,81
646,385,28,79
645,387,26,78
643,389,24,76
640,390,25,77
637,390,25,78
634,391,26,79
632,391,27,82
629,392,27,84
627,392,28,87
625,394,27,84
624,395,27,80
622,397,26,77
618,399,28,75
615,400,29,74
611,402,31,72
609,403,30,72
608,404,29,71
606,405,28,71
604,406,29,74
602,407,30,78
600,408,31,81
598,410,28,80
595,412,25,80
593,414,22,79
588,414,24,80
583,415,26,81
578,415,28,82
576,417,29,85
574,418,29,87
572,420,30,90
569,422,30,86
566,424,29,82
563,426,29,78
561,427,29,77
559,429,28,75
557,430,28,74
556,432,28,74
554,435,28,73
553,437,28,73
552,437,27,77
552,437,25,80
551,437,24,84
549,439,25,82
548,442,27,81
546,444,28,79
545,444,28,77
544,444,28,74
543,444,28,72
542,446,29,69
540,448,29,66
539,450,30,63
539,451,30,65
540,451,30,67
540,452,30,69
541,452,29,68
541,453,29,68
542,453,28,67
542,453,29,71
541,454,29,74
541,454,30,78
543,454,28,82
545,455,26,85
547,455,24,89
546,455,26,89
545,456,27,88
544,456,29,88
545,459,28,86
546,461,28,83
547,464,27,81
546,465,27,79
544,465,27,76
543,466,27,74
542,466,28,76
542,465,28,79
541,465,29,81
541,465,26,81
542,466,24,82
542,466,21,82
539,467,23,78
537,467,24,75
534,468,26,71
532,468,27,67
531,468,27,64
529,468,28,60
526,468,28,60
524,469,29,60
521,469,29,60
518,469,29,61
516,468,30,61
513,468,30,62
510,467,30,65
507,465,31,69
504,464,31,72
501,463,31,73
497,461,30,73
494,460,30,74
490,460,30,77
485,460,29,79
481,460,29,82
477,459,29,82
474,459,29,82
470,458,29,82
467,458,29,82
463,457,30,82
460,457,30,82
457,456,29,78
455,456,27,74
452,455,26,70
448,454,28,69
445,453,30,69
441,452,32,68
439,450,32,68
436,447,31,68
434,445,31,68
434,443,31,68
433,441,32,67
433,439,32,67
434,437,33,67
434,435,35,68
435,433,36,68
441,431,33,68
447,430,30,69
453,428,27,69
457,424,28,69
461,419,28,68
465,415,29,68
469,413,30,66
473,411,30,64
477,409,31,62
483,405,29,68
488,402,28,75
494,398,26,81
497,396,25,86
501,393,25,91
504,391,24,96
506,389,24,90
508,388,23,84
510,386,23,78
509,385,26,75
509,383,30,72
508,382,33,69
508,382,32,70
508,382,31,71
508,382,30,72
506,380,29,76
503,377,28,80
501,375,27,84
498,373,28,80
496,370,30,76
493,368,31,72
490,367,30,72
488,367,30,71
485,366,29,71
483,365,29,71
482,364,30,72
480,363,30,72
478,362,30,70
477,360,29,68
475,359,29,66
476,357,30,64
476,355,30,62
477,353,31,60
481,350,30,66
484,348,28,71
488,345,27,77
491,342,28,77
494,340,30,78
497,337,31,78
503,335,29,78
508,333,28,79
514,331,26,79
520,328,26,80
527,326,27,80
533,323,27,81
538,321,27,84
543,319,27,87
548,317,27,90
553,314,27,90
558,312,28,89
563,309,28,89
567,306,29,87
572,304,31,84
576,301,32,82
581,299,30,81
587,297,29,79
592,295,27,78
597,293,26,78
602,291,24,78
607,289,23,78
611,288,25,78
615,286,26,78
619,285,28,78
622,282,27,80
625,280,25,81
628,277,24,83
632,276,24,85
636,274,24,86
640,273,24,88
643,271,24,87
647,270,24,85
650,268,24,84
654,266,24,86
658,265,24,87
662,263,24,89
667,263,23,89
673,262,22,90
678,262,21,90
682,261,21,93
686,260,22,95
690,259,22,98
695,258,22,95
699,258,21,93
704,257,21,90
707,256,22,89
710,254,23,88
713,253,24,87
715,253,24,87
718,252,23,87
720,252,23,87
721,251,22,89
721,249,20,91
722,248,19,93
719,247,20,96
717,247,21,98
714,246,22,101
712,245,22,101
709,245,21,101
707,244,21,101
703,243,23,99
698,243,25,96
694,242,27,94
691,242,26,96
687,241,25,97
684,241,24,99
680,241,25,96
676,241,26,94
672,241,27,91
669,241,27,94
665,241,26,97
662,241,26,100
658,241,26,99
654,242,27,98
650,242,27,97
646,243,27,96
643,245,28,95
639,246,28,94
635,246,28,94
630,246,29,93
626,246,29,93
624,247,29,91
621,248,29,89
619,249,29,87
618,249,29,88
618,248,28,90
617,248,28,91
617,250,28,93
616,252,29,94
616,254,29,96
617,256,28,98
618,257,28,99
619,259,27,101
619,261,27,100
618,262,27,100
618,264,27,99
618,265,27,99
619,266,27,98
619,267,27,98
620,268,27,96
620,270,26,95
621,271,26,93
621,272,26,93
621,274,27,94
621,275,27,94
622,276,27,93
622,278,26,93
623,279,26,92
623,282,26,90
624,286,26,88
624,289,26,86
624,290,27,84
624,292,29,81
624,293,30,79
623,294,29,78
623,295,29,77
622,296,28,76
620,298,28,79
619,301,28,83
617,303,28,86
617,304,27,88
617,306,27,90
617,307,26,92
616,309,26,94
615,310,26,97
614,312,26,99
614,314,26,102
614,315,27,105
614,317,27,108
613,318,28,107
612,320,28,105
611,321,29,104
611,322,29,103
610,323,30,101
610,324,30,100
610,326,29,97
610,327,27,94
610,329,26,91
610,330,26,91
610,330,27,90
610,331,27,90
609,331,28,93
608,332,29,97
607,332,30,100
607,334,30,98
606,335,29,95
606,337,29,93
606,338,30,95
606,340,30,97
606,341,31,99
605,341,31,98
603,341,32,98
602,341,32,97
602,340,32,97
601,340,32,98
601,339,32,98
601,340,32,96
602,342,31,95
602,343,31,93
602,343,31,94
602,343,30,96
602,343,30,97
602,343,30,99
602,344,30,102
602,344,30,104
601,345,31,104
599,345,31,104
598,346,32,104
599,346,31,102
599,346,29,99
600,346,28,97
600,345,28,97
599,344,27,97
599,343,27,97
598,343,28,96
597,343,28,95
596,343,29,94
595,342,28,95
595,340,27,97
594,339,26,98
592,339,27,101
591,338,29,105
589,338,30,108
588,339,31,108
588,340,31,109
587,341,32,109
587,340,31,109
586,339,31,110
586,338,30,110
585,338,30,107
584,337,31,105
583,337,31,102
583,336,30,100
582,336,30,98
582,335,29,96
582,334,29,94
583,332,30,93
583,331,30,91
583,330,32,93
584,330,34,96
584,329,36,98
586,328,34,97
587,328,33,97
589,327,31,96
591,328,31,97
592,328,31,97
594,329,31,98
596,328,30,96
598,326,30,95
600,325,29,93
603,324,27,95
606,324,26,96
609,323,24,98
611,321,24,97
612,320,24,97
614,318,24,96
616,318,25,95
619,317,25,95
621,317,26,94
623,317,26,98
624,317,26,102
626,317,26,106
628,316,26,100
630,316,26,94
632,315,26,88
635,315,26,89
637,316,27,91
640,316,27,92
642,316,25,90
644,316,24,88
646,316,22,86
647,316,24,87
648,315,26,88
649,315,28,89
652,314,26,89
656,313,25,90
659,312,23,90
661,312,24,89
662,313,26,87
664,313,27,86
666,313,28,85
669,313,28,84
671,313,29,83
674,313,27,85
677,313,26,86
680,313,24,88
683,313,24,87
687,314,23,87
690,314,23,86
692,314,23,87
694,314,23,87
696,314,23,88
698,314,23,88
700,313,23,89
702,313,23,89
705,313,23,90
707,314,23,90
710,314,23,91
713,315,22,90
716,316,22,88
719,317,21,87
721,317,22,87
724,316,22,87
726,316,23,87
729,316,23,86
731,317,22,84
734,317,22,83
736,317,22,80
738,318,23,77
740,318,23,74
740,318,25,74
739,318,27,73
739,318,29,73
739,317,29,75
739,316,29,78
739,315,29,80
738,314,29,79
737,313,30,78
736,312,30,77
736,313,30,77
737,313,30,76
737,314,30,76
737,312,29,76
738,311,27,77
738,309,26,77
736,309,26,76
735,309,27,74
733,309,27,73
733,308,27,74
734,308,28,76
734,307,28,77
732,307,29,77
730,306,30,77
728,306,31,77
729,306,29,77
729,305,28,76
730,305,26,76
730,305,25,75
729,304,24,75
729,304,23,74
727,304,26,73
726,303,28,72
724,303,31,71
726,304,29,70
727,304,26,69
729,305,24,68
728,304,24,69
728,302,24,71
727,301,24,72
726,301,26,70
724,301,29,69
723,301,31,67
723,302,31,63
722,303,30,60
722,304,30,56
722,303,30,57
722,302,29,58
722,301,29,59
722,300,28,68
721,300,28,77
721,299,27,86
720,299,28,85
718,299,30,83
717,299,31,82
716,300,32,82
714,300,32,82
713,301,33,82
714,299,31,81
716,298,30,81
717,296,28,80
717,296,28,81
716,296,29,83
716,296,29,84
715,296,29,85
714,297,30,85
713,297,30,86
715,296,29,89
717,295,28,91
719,294,27,94
719,294,27,93
718,295,27,93
718,295,27,92
717,295,27,94
717,295,26,97
716,295,26,99
716,295,25,101
717,295,23,104
717,295,22,106
715,295,22,105
713,294,23,103
711,294,23,102
710,295,24,101
710,295,25,99
709,296,26,98
709,296,25,99
708,296,24,99
708,296,23,100
707,296,23,100
707,296,23,100
706,296,23,100
705,296,23,99
705,297,24,98
704,297,24,97
703,297,25,98
701,297,25,99
700,297,26,100
701,298,25,97
701,300,24,94
702,301,23,91
701,301,23,91
701,301,24,90
700,301,24,90
700,301,23,90
699,302,23,89
699,302,22,89
700,302,22,92
700,301,23,95
701,301,23,98
700,302,24,97
700,302,26,97
699,303,27,96
700,303,26,95
700,304,25,93
701,304,24,92
702,305,24,92
702,305,23,93
703,306,23,93
703,307,23,92
703,308,22,92
703,309,22,91
705,309,22,91
706,309,21,90
708,309,21,90
708,310,23,92
709,310,24,94
709,311,26,96
711,312,26,95
712,314,26,93
714,315,26,92
715,316,25,92
715,316,25,93
716,317,24,93
716,318,25,91
717,318,26,90
717,319,27,88
716,318,28,90
715,318,29,92
714,317,30,94
715,317,28,95
717,316,25,96
718,316,23,97
717,316,25,98
715,317,27,98
714,317,29,99
715,318,28,97
717,318,27,96
718,319,26,94
718,319,27,96
717,319,29,98
717,319,30,100
717,319,29,100
717,319,27,99
717,319,26,99
717,319,27,100
717,319,29,100
717,319,30,101
717,319,30,100
717,318,29,98
717,318,29,97
717,318,30,97
716,318,31,97
716,318,32,97
718,317,31,98
719,317,31,100
721,316,30,101
722,316,29,100
722,315,28,100
723,315,27,99
722,316,29,100
721,316,31,101
720,317,33,102
721,317,32,101
722,318,30,99
723,318,29,98
724,318,30,99
725,317,30,99
726,317,31,100
726,317,31,100
727,318,30,99
727,318,30,99
727,318,32,101
728,318,34,102
728,318,36,104
728,318,34,105
729,318,31,105
729,318,29,106
729,318,30,105
730,319,31,103
730,319,32,102
731,320,31,100
733,322,31,99
734,323,30,97
735,321,30,99
737,318,30,101
738,316,30,103
738,317,30,98
738,317,31,93
738,318,31,88
739,318,32,92
739,317,32,95
740,317,33,99
741,317,32,97
742,317,31,95
743,317,30,93
742,317,32,96
742,318,34,98
741,318,36,101
741,319,35,102
740,320,34,103
740,321,33,104
742,321,33,103
744,322,34,102
746,322,34,101
747,320,35,103
747,319,36,104
748,317,37,106
748,317,36,103
747,318,35,101
747,318,34,98
748,318,33,101
748,319,33,103
749,319,32,106
747,319,33,105
745,318,35,103
743,318,36,102
