627,317,22,63
624,316,22,63
622,316,22,64
619,315,22,64
616,316,23,64
614,316,23,63
611,317,24,63
608,316,24,63
606,315,24,64
603,314,24,64
601,314,25,64
598,315,25,63
596,315,26,63
592,316,26,63
589,316,25,63
585,317,25,63
583,317,25,63
580,318,24,63
578,318,24,63
575,317,25,63
572,316,26,63
569,315,27,63
565,314,31,63
560,314,34,64
556,313,38,64
552,313,37,64
548,314,37,64
544,314,36,64
540,315,34,63
537,317,33,61
533,318,31,60
529,317,31,60
524,317,31,60
520,316,31,60
517,316,31,61
515,315,31,62
512,315,31,63
508,315,30,63
505,315,29,63
501,315,28,63
497,316,28,63
492,318,28,63
488,319,28,63
483,319,29,63
479,318,30,63
474,318,31,63
470,318,31,63
466,317,31,63
462,317,31,63
457,317,31,63
453,317,31,63
448,317,31,63
446,316,31,63
443,316,31,63
441,315,31,63
440,315,31,63
439,314,31,63
438,314,31,63
438,313,31,63
438,312,30,62
438,311,30,62
439,310,29,62
441,309,28,63
442,308,27,63
444,307,27,63
447,307,27,63
449,306,27,63
452,305,27,63
455,304,27,63
458,303,27,63
460,302,28,63
462,301,30,63
464,300,31,63
467,299,31,63
469,299,30,62
472,298,30,62
474,296,30,62
476,295,30,62
478,293,30,62
481,293,29,61
483,292,28,60
486,292,27,59
488,292,27,59
490,293,27,59
492,293,27,59
494,291,27,59
496,290,27,59
498,288,27,59
500,286,27,59
503,285,27,59
505,283,27,59
509,285,27,56
513,286,26,52
517,288,26,49
521,290,24,46
526,292,21,44
530,294,19,41
NaN,NaN,NaN,NaN
NaN,NaN,NaN,NaN
NaN,NaN,NaN,NaN
NaN,NaN,NaN,NaN
NaN,NaN,NaN,NaN
NaN,NaN,NaN,NaN
NaN,NaN,NaN,NaN
NaN,NaN,NaN,NaN
NaN,NaN,NaN,NaN
NaN,NaN,NaN,NaN
NaN,NaN,NaN,NaN
NaN,NaN,NaN,NaN
NaN,NaN,NaN,NaN
NaN,NaN,NaN,NaN
NaN,NaN,NaN,NaN
NaN,NaN,NaN,NaN
NaN,NaN,NaN,NaN
NaN,NaN,NaN,NaN
NaN,NaN,NaN,NaN
NaN,NaN,NaN,NaN
NaN,NaN,NaN,NaN
NaN,NaN,NaN,NaN
NaN,NaN,NaN,NaN
NaN,NaN,NaN,NaN
NaN,NaN,NaN,NaN
NaN,NaN,NaN,NaN
NaN,NaN,NaN,NaN
NaN,NaN,NaN,NaN
NaN,NaN,NaN,NaN
NaN,NaN,NaN,NaN
NaN,NaN,NaN,NaN
NaN,NaN,NaN,NaN
NaN,NaN,NaN,NaN
NaN,NaN,NaN,NaN
NaN,NaN,NaN,NaN
NaN,NaN,NaN,NaN
NaN,NaN,NaN,NaN
NaN,NaN,NaN,NaN
NaN,NaN,NaN,NaN
NaN,NaN,NaN,NaN
NaN,NaN,NaN,NaN
NaN,NaN,NaN,NaN
NaN,NaN,NaN,NaN
NaN,NaN,NaN,NaN
651,236,23,29
653,235,25,41
656,233,26,53
658,232,28,65
660,231,27,63
661,229,27,60
663,228,26,58
664,227,26,58
665,226,26,58
666,225,26,58
668,224,26,58
671,224,26,58
673,223,26,58
674,222,26,58
676,221,27,58
677,220,27,58
677,219,27,58
678,217,27,58
678,216,27,58
678,215,27,58
678,215,27,58
678,214,27,58
679,213,27,58
681,212,27,58
682,211,27,58
681,210,27,58
680,208,27,58
679,207,27,58
678,206,27,58
678,204,27,58
677,203,27,58
676,203,27,58
674,202,27,58
673,202,27,58
671,201,27,58
670,200,27,58
668,199,27,58
666,198,27,58
665,197,27,58
663,196,27,58
661,196,27,58
660,195,27,58
658,195,27,58
656,194,27,58
654,192,27,58
652,191,27,58
651,190,27,58
649,190,27,58
648,189,27,58
646,188,27,58
645,186,27,58
643,185,27,58
643,184,26,58
642,184,24,58
642,183,23,58
640,182,23,58
639,182,23,58
637,181,23,58
636,180,23,58
634,179,23,58
633,178,23,58
631,177,23,58
630,177,23,58
628,176,23,58
626,176,23,58
624,175,23,58
622,175,23,58
620,175,23,58
619,175,23,58
617,175,23,58
616,174,23,58
615,174,23,58
614,173,23,58
612,172,23,58
611,172,23,58
609,171,23,58
607,172,23,58
606,173,23,58
604,174,23,58
603,173,23,58
601,172,23,58
600,171,23,58
598,171,23,58
597,171,23,58
595,171,23,58
593,171,23,58
592,171,23,58
590,171,23,58
588,171,23,58
585,172,23,58
583,172,23,58
582,172,23,58
582,171,23,58
581,171,23,58
579,171,23,58
578,171,23,58
576,171,23,58
574,171,23,58
573,172,23,58
571,172,23,58
569,172,23,58
568,173,23,58
566,173,23,58
565,173,23,58
563,173,23,58
562,173,23,58
561,173,23,58
561,173,23,58
560,173,23,58
560,173,23,58
560,173,23,58
560,173,23,58
559,175,23,58
557,177,23,58
556,179,23,58
555,178,23,58
553,177,23,58
552,176,23,58
550,176,23,58
549,175,23,58
547,175,23,58
546,175,23,58
544,176,23,58
543,176,23,58
541,177,23,58
540,177,23,58
538,178,23,58
536,178,23,58
533,178,23,58
531,178,23,58
530,179,23,58
529,179,23,58
528,180,23,58
527,180,24,58
526,180,25,58
525,180,26,58
525,180,26,58
525,180,26,58
525,180,26,58
525,180,26,59
525,180,27,59
525,180,27,60
525,180,27,60
525,180,27,60
525,180,27,60
526,180,27,59
526,181,27,57
527,181,27,56
528,181,27,57
529,180,27,59
530,180,27,60
531,179,27,59
532,179,27,58
533,178,27,57
533,178,27,57
533,178,27,58
533,178,27,58
532,177,27,58
532,177,27,58
531,176,27,58
529,177,27,58
528,177,27,58
526,178,27,58
523,178,27,58
520,177,27,58
517,177,27,58
514,177,27,58
512,177,27,58
509,177,27,58
506,177,27,58
503,177,27,58
500,177,27,58
497,177,27,58
493,177,27,58
490,177,27,58
488,176,27,58
485,176,27,58
483,175,27,58
480,175,27,58
476,176,27,58
473,176,27,58
470,175,27,58
467,175,27,58
464,174,27,58
461,173,27,58
459,172,27,58
456,171,27,58
452,171,27,58
449,171,27,58
445,171,27,58
443,170,27,58
440,170,27,58
438,169,27,58
437,168,27,58
436,168,27,58
435,167,27,58
434,167,27,58
432,166,27,58
431,166,27,58
431,165,27,58
430,164,27,58
430,163,27,58
429,162,27,58
429,162,27,58
428,161,27,58
428,161,27,58
428,161,27,58
428,161,27,58
427,159,27,58
426,157,27,58
425,155,27,58
425,155,27,58
425,155,27,58
425,155,27,58
423,155,27,58
422,154,27,58
420,154,27,58
419,152,27,58
417,151,27,58
416,149,27,58
414,148,27,58
412,148,27,58
410,147,27,58
408,146,27,58
405,146,27,58
403,145,27,58
402,145,26,58
401,145,24,58
400,145,23,58
398,144,23,58
395,144,23,58
393,143,23,58
390,143,23,58
387,142,23,58
384,142,23,58
382,141,23,58
381,141,23,58
379,140,23,58
377,139,23,58
374,139,23,58
372,138,23,58
369,138,23,58
367,139,23,58
364,139,23,58
361,139,23,58
359,139,23,58
356,139,23,58
354,138,23,58
353,137,23,58
351,136,23,58
350,137,23,58
349,137,23,58
348,138,23,58
348,138,23,58
348,138,23,58
348,138,23,58
349,137,23,58
349,135,23,58
350,134,23,58
353,134,23,58
357,134,23,58
360,134,23,58
367,134,24,58
373,133,25,58
380,133,26,58
388,133,26,56
395,132,26,55
403,132,26,53
414,130,26,55
424,127,26,56
435,125,26,58
444,125,25,56
452,125,25,55
461,125,24,53
469,125,24,55
478,124,24,56
486,124,24,58
492,124,25,59
498,124,25,59
504,124,26,60
508,124,26,58
512,124,26,57
516,124,26,55
518,124,26,57
521,124,26,59
523,124,26,61
525,124,26,59
527,124,26,58
529,124,26,56
529,126,26,56
530,127,26,56
530,129,26,56
529,129,26,56
529,130,26,56
528,130,26,56
528,130,26,56
528,130,26,56
528,130,26,56
527,132,26,56
525,134,26,56
524,136,26,56
523,136,25,58
522,137,25,61
521,137,24,63
520,138,24,61
519,139,24,60
518,140,24,58
518,142,24,58
518,143,24,58
518,145,24,58
518,145,24,60
518,146,24,61
518,146,24,63
519,147,24,61
521,149,24,59
522,150,24,57
523,152,24,57
524,154,24,58
525,156,24,58
527,157,24,59
528,157,24,61
530,158,24,62
532,161,24,61
533,163,24,60
535,166,24,59
537,167,24,61
538,167,25,62
540,168,25,64
541,169,25,64
542,171,25,64
543,172,25,64
544,174,25,62
546,175,25,59
547,177,25,57
547,177,25,58
547,177,25,60
547,177,25,61
547,179,25,61
548,180,25,61
548,182,25,61
548,183,25,61
548,184,25,61
548,185,25,61
549,186,25,61
550,186,25,62
551,187,25,62
551,188,25,62
551,189,25,62
551,190,25,62
552,192,25,62
552,194,25,62
553,196,25,62
554,196,25,63
555,196,25,64
556,196,25,65
556,197,25,65
556,199,25,65
556,200,25,65
556,200,25,65
556,200,25,65
556,200,25,65
557,201,25,66
558,203,25,68
559,204,25,69
559,206,25,66
559,209,25,64
559,211,25,61
560,211,25,61
560,212,25,62
561,212,25,62
561,212,25,64
561,212,25,65
561,212,25,67
561,213,25,66
561,215,25,65
561,216,25,64
560,217,25,64
559,219,25,64
558,220,25,64
557,220,25,64
556,220,25,64
555,220,25,64
555,220,25,64
554,221,25,64
554,221,25,64
554,221,25,64
554,221,25,64
554,221,25,64
553,220,25,64
552,220,25,64
551,219,25,64
552,219,25,64
552,218,25,64
553,218,25,64
555,217,25,64
556,216,25,64
558,215,25,64
561,213,25,64
563,212,25,64
566,210,25,64
568,210,25,64
571,210,25,64
573,210,25,64
575,209,25,64
576,208,25,64
578,207,25,64
579,206,25,64
579,206,25,64
580,205,25,64
580,203,25,64
580,202,25,64
580,200,25,64
579,201,25,63
579,202,25,62
578,203,25,61
578,203,25,61
578,203,25,61
578,203,25,61
578,205,25,59
578,206,25,58
578,208,25,56
578,208,23,55
578,208,22,53
578,208,20,52
578,211,20,49
578,214,20,45
578,217,20,42
578,218,20,42
578,219,20,42
578,220,20,42
578,220,20,42
578,220,20,42
578,220,20,42
577,223,20,40
577,225,20,39
576,228,20,37
576,232,20,35
576,236,19,33
576,240,19,31
NaN,NaN,NaN,NaN
NaN,NaN,NaN,NaN
NaN,NaN,NaN,NaN
NaN,NaN,NaN,NaN
NaN,NaN,NaN,NaN
NaN,NaN,NaN,NaN
NaN,NaN,NaN,NaN
NaN,NaN,NaN,NaN
NaN,NaN,NaN,NaN
NaN,NaN,NaN,NaN
NaN,NaN,NaN,NaN
NaN,NaN,NaN,NaN
NaN,NaN,NaN,NaN
NaN,NaN,NaN,NaN
NaN,NaN,NaN,NaN
NaN,NaN,NaN,NaN
NaN,NaN,NaN,NaN
NaN,NaN,NaN,NaN
NaN,NaN,NaN,NaN
NaN,NaN,NaN,NaN
NaN,NaN,NaN,NaN
NaN,NaN,NaN,NaN
NaN,NaN,NaN,NaN
538,240,26,33
536,241,27,38
535,241,27,42
533,242,28,47
531,244,28,47
530,245,28,47
528,247,28,47
526,249,28,47
523,250,28,47
521,252,28,47
519,253,28,51
516,254,28,54
514,255,28,58
511,257,29,58
509,258,31,58
506,260,32,58
503,261,32,58
501,263,32,58
498,264,32,58
495,266,32,55
493,269,32,52
490,271,32,49
487,272,31,50
484,274,30,52
481,275,29,53
478,275,29,55
474,275,29,56
471,275,29,58
468,277,30,58
466,278,32,58
463,280,33,58
463,282,32,56
463,285,31,55
463,287,30,53
465,288,30,53
466,288,30,53
468,289,30,53
470,290,30,53
472,292,30,53
474,293,30,53
476,295,30,52
478,297,30,52
480,299,30,51
480,301,30,51
481,302,30,51
481,304,30,51
481,304,30,51
481,304,30,51
481,304,30,51
480,305,30,51
480,307,30,51
479,308,30,51
479,310,30,51
478,311,30,51
478,313,30,51
475,315,30,51
472,317,30,51
469,319,30,51
466,320,30,51
463,321,30,51
460,322,30,51
457,325,30,51
454,327,30,51
451,330,30,51
448,331,30,51
446,332,30,51
443,333,30,51
441,334,30,51
438,335,30,51
436,336,30,51
435,337,31,51
434,339,32,51
433,340,33,51
433,340,35,52
433,340,37,52
433,340,39,53
438,342,37,53
444,343,35,54
449,345,33,54
454,345,33,54
458,345,33,54
463,345,33,54
469,346,33,54
474,348,33,54
480,349,33,54
486,349,33,54
493,350,33,54
499,350,33,54
505,351,33,54
511,352,33,54
517,353,33,54
522,353,31,54
527,354,29,54
532,354,27,54
535,353,29,55
537,353,31,55
540,352,33,56
542,353,33,56
544,354,33,56
546,355,33,56
548,357,31,56
551,360,30,56
553,362,28,56
553,362,28,56
553,362,28,56
553,362,28,56
552,362,28,56
552,362,28,56
551,362,28,56
550,364,28,56
550,367,28,56
549,369,28,56
549,369,28,56
548,369,28,56
548,369,28,56
548,371,28,56
548,372,28,56
548,374,28,56
548,374,30,56
548,374,31,56
548,374,33,56
549,374,33,56
551,375,33,56
552,375,33,56
555,373,33,57
558,372,32,58
561,370,32,59
563,373,31,57
564,377,30,55
566,380,29,53
567,380,32,54
568,380,34,56
569,380,37,57
570,381,37,57
572,382,37,57
573,383,37,57
575,384,37,57
576,384,37,57
578,385,37,57
578,385,37,57
578,385,37,57
578,385,37,57
579,384,37,57
581,384,37,57
582,383,37,57
581,382,37,57
581,381,37,57
580,380,37,57
579,380,36,57
578,381,36,56
577,381,35,56
576,382,35,56
575,382,35,56
574,383,35,56
574,383,34,56
574,383,34,56
574,383,33,56
572,382,33,56
571,381,33,56
569,380,33,56
568,380,33,56
568,380,33,56
567,380,33,56
566,381,33,56
566,381,33,56
565,382,33,56
565,381,33,56
565,380,33,56
565,379,33,56
564,379,32,56
564,380,32,56
563,380,31,56
561,381,31,56
560,381,31,56
558,382,31,56
558,382,31,56
558,382,31,56
558,382,31,56
558,382,31,56
558,382,31,56
558,382,31,56
557,382,31,56
555,382,31,56
554,382,31,56
554,382,31,56
554,382,31,56
554,382,31,56
554,383,31,53
553,385,31,51
553,386,31,48
553,385,32,49
552,385,32,50
552,384,33,51
551,384,33,53
551,383,33,54
550,383,33,56
550,383,33,56
550,383,33,56
550,383,33,56
551,384,32,55
552,384,32,54
553,385,31,53
552,385,32,53
551,385,34,54
550,385,35,54
549,386,36,55
548,388,38,55
547,389,39,56
547,390,39,56
547,392,39,56
547,393,39,56
547,393,39,56
547,393,39,56
547,393,39,56
547,393,38,55
547,393,38,53
547,393,37,52
546,391,38,53
544,389,40,54
543,387,41,55
543,385,42,56
543,383,43,58
543,381,44,59
545,381,42,58
547,380,40,56
549,380,38,55
548,380,38,56
548,380,39,56
547,380,39,57
547,380,39,57
547,380,39,57
547,380,39,57
546,379,39,57
546,379,40,57
545,378,40,57
546,379,40,57
547,379,40,57
548,380,40,57
549,379,39,56
550,378,39,55
551,377,38,54
550,375,38,55
549,374,39,55
548,372,39,56
550,371,38,59
551,369,37,61
553,368,36,64
554,368,36,62
556,368,36,61
557,368,36,59
559,367,35,59
560,366,33,59
562,365,32,59
562,364,32,59
563,363,32,59
563,362,32,59
565,362,32,59
566,361,33,60
568,361,33,60
570,361,32,60
571,360,32,60
573,360,31,60
574,359,31,60
576,359,31,60
577,358,31,60
579,356,31,60
581,353,31,60
583,351,31,60
584,351,31,60
586,350,31,60
587,350,31,60
589,350,31,60
591,350,31,60
593,350,31,60
594,349,31,60
595,348,31,60
596,347,31,60
597,345,31,60
599,344,31,60
600,342,31,60
602,341,31,60
604,341,31,60
606,340,31,60
608,339,31,60
609,338,31,60
611,337,31,60
612,336,31,60
613,336,31,60
614,335,31,60
614,333,31,60
615,331,31,60
615,329,31,60
616,328,31,60
616,328,31,61
617,327,31,61
617,327,31,61
618,326,31,61
618,326,31,61
618,325,31,61
619,324,31,61
619,323,31,61
618,321,31,61
618,318,31,61
617,316,31,61
616,316,31,61
614,315,31,61
613,315,31,61
612,314,31,61
611,313,31,61
610,312,31,61
608,311,31,61
607,311,31,61
605,310,31,61
604,308,31,61
602,307,31,61
601,305,31,61
600,304,31,61
599,304,31,61
598,303,31,61
598,302,31,61
598,301,31,61
598,300,31,61
597,298,31,61
596,297,31,61
595,295,31,61
596,293,31,61
597,292,31,61
598,290,31,61
598,289,31,59
598,289,31,58
598,288,31,56
601,288,30,56
605,288,29,56
608,288,28,56
610,286,28,57
612,285,28,58
614,283,28,59
617,282,28,59
621,280,28,59
624,279,28,59
628,279,28,60
633,278,28,60
637,278,28,61
639,278,28,61
642,277,28,61
644,277,28,61
647,276,28,61
649,276,28,62
652,275,28,62
654,274,28,62
656,274,28,62
658,273,28,62
660,272,28,62
661,272,28,62
663,271,28,62
663,271,28,62
663,271,27,62
663,271,27,62
663,270,27,62
663,269,27,62
663,268,27,62
662,267,27,62
662,267,27,63
661,266,27,63
659,266,27,63
657,266,27,63
655,266,27,63
653,266,27,63
650,267,27,63
648,267,27,63
647,266,27,63
645,264,27,63
644,263,27,63
642,263,27,63
641,262,27,63
639,262,27,63
637,262,27,63
636,261,27,63
634,261,27,63
632,261,27,63
631,262,27,63
629,262,27,63
627,261,27,63
625,260,27,63
623,259,27,63
622,259,27,63
621,258,27,63
620,258,27,63
620,258,27,63
620,258,27,63
620,258,27,63
620,258,27,63
620,258,27,63
620,258,27,63
621,257,27,63
621,257,27,63
622,256,27,63
624,255,27,64
625,254,27,65
627,253,27,66
628,254,27,66
629,254,26,66
630,255,26,66
631,255,26,66
632,255,26,66
633,255,26,66
634,254,26,66
634,252,26,66
635,251,26,66
636,251,26,66
638,250,26,66
639,250,26,66
639,251,26,66
639,253,26,66
639,254,26,66
639,254,26,66
639,254,26,66
639,254,26,66
639,253,26,66
638,251,26,66
638,250,26,66
637,250,26,66
637,250,26,66
636,250,26,66
635,250,26,64
634,250,26,62
633,250,26,60
633,249,26,60
632,249,26,60
632,248,26,60
632,248,26,61
632,248,26,61
632,248,26,62
632,248,26,62
632,248,26,62
632,248,26,62
632,248,24,62
632,248,23,62
632,248,21,62
632,247,21,62
632,246,21,62
632,245,21,62
632,245,21,62
632,245,21,62
632,245,21,62
633,245,22,62
633,246,22,62
634,246,23,62
635,246,23,62
637,245,23,62
638,245,23,62
641,244,23,62
643,244,23,62
646,243,23,62
647,243,23,62
649,242,23,62
650,242,23,62
651,243,23,62
652,243,23,62
653,244,23,62
654,244,23,62
655,243,23,62
656,243,23,62
657,242,23,62
659,242,23,62
660,241,23,62
660,241,23,62
660,240,23,62
660,240,23,62
660,241,24,62
660,241,26,62
660,242,27,62
659,241,27,62
659,240,27,62
658,239,27,62
658,239,27,62
658,239,27,62
658,239,27,62
657,239,27,62
657,239,27,62
656,239,27,62
656,239,27,62
656,239,27,62
656,239,27,62
656,239,27,62
656,239,27,62
656,239,27,62
656,239,27,62
656,239,27,62
656,239,27,62
656,239,27,62
656,239,27,62
656,239,27,62
656,239,27,62
656,239,27,62
656,239,27,62
655,239,27,62
654,238,27,62
653,238,27,62
653,238,27,62
653,238,27,62
653,238,27,62
653,239,26,61
653,241,25,59
653,242,24,58
653,241,23,58
653,241,23,58
653,240,22,58
653,240,22,58
653,240,22,58
653,240,22,58
653,240,22,58
653,240,22,58
653,240,22,58
654,241,22,58
654,241,22,58
655,242,22,58
655,243,22,58
655,244,22,58
655,245,22,58
655,245,23,58
655,245,24,58
655,245,25,58
655,246,25,58
655,247,25,58
655,248,25,58
655,249,26,58
656,250,27,58
656,251,28,58
656,251,27,58
656,251,25,58
656,251,24,58
656,251,24,58
656,251,23,58
656,251,23,58
655,252,23,58
653,253,23,58
652,254,23,58
652,256,23,58
652,257,23,58
652,259,23,58
651,260,23,58
649,261,23,58
648,262,23,58
647,263,24,59
645,264,25,60
644,265,26,61
642,267,26,61
641,269,26,61
639,271,26,61
639,273,26,59
639,274,26,58
639,276,26,56
640,277,26,56
641,279,26,56
642,280,26,56
642,282,26,56
643,285,26,56
643,287,26,56
645,288,26,56
646,289,26,56
648,290,26,56
650,293,26,56
652,295,26,56
654,298,26,56
654,300,26,56
654,303,26,56
654,305,26,56
654,307,26,56
653,308,26,56
653,310,26,56
651,311,25,56
650,313,24,56
648,314,23,56
647,315,23,56
646,316,23,56
645,317,23,56
644,321,22,47
642,324,21,38
641,328,20,29
639,328,20,33
637,327,20,38
635,327,20,42
632,328,22,48
629,328,24,54
626,329,26,60
625,332,27,61
624,334,27,62
623,337,28,63
624,339,29,64
624,340,30,64
625,342,31,65
628,345,29,65
631,348,28,65
634,351,26,65
640,352,26,65
645,353,26,65
651,354,26,65
658,356,26,65
665,357,26,65
672,359,26,65
680,362,27,65
688,366,27,65
696,369,28,65
705,372,28,65
714,376,28,65
723,379,28,65
733,383,28,65
743,386,28,65
753,390,28,65
761,394,28,65
768,397,28,65
776,401,28,65
782,405,28,65
787,408,28,65
793,412,28,65
798,416,28,65
804,419,28,65
809,423,28,65
811,425,28,65
814,427,28,65
816,429,28,65
818,434,28,65
820,440,28,65
822,445,28,65
821,446,28,65
819,448,28,65
818,449,28,65
816,453,30,66
815,457,31,67
813,461,33,68
811,464,33,68
809,467,33,68
807,470,33,68
805,474,33,68
802,477,33,68
800,481,33,68
798,484,33,69
795,486,34,71
793,489,34,72
792,493,33,72
791,497,32,72
790,501,31,72
790,501,31,72
790,501,31,72
790,501,31,72
789,504,32,72
789,508,33,72
788,511,34,72
790,515,34,72
793,518,34,72
795,522,34,72
799,526,34,72
803,530,33,72
807,534,33,72
810,537,35,72
812,541,36,73
815,544,38,73
817,546,38,73
819,549,39,72
821,551,39,72
825,554,38,72
830,558,37,72
834,561,36,72
835,563,36,72
835,564,36,72
836,566,36,72
833,570,38,74
830,575,41,75
827,579,43,77
827,582,40,77
828,585,37,77
828,588,34,77
826,589,36,77
823,589,37,78
821,590,39,78
818,592,39,76
814,594,39,75
811,596,39,73
808,597,39,73
805,597,39,73
802,598,39,73
798,599,39,73
793,601,39,73
789,602,39,73
784,602,39,74
779,603,39,74
774,603,39,75
770,604,39,75
767,605,39,75
763,606,39,75
760,605,37,75
756,605,36,75
753,604,34,75
749,603,34,75
746,602,34,75
742,601,34,75
737,600,34,75
733,600,34,75
728,599,34,75
723,598,34,77
718,597,34,79
713,596,34,81
710,595,34,81
706,595,34,82
703,594,34,82
698,593,34,81
693,592,34,79
688,591,34,78
682,588,34,78
676,586,34,78
670,583,34,78
663,581,34,78
656,580,34,78
649,578,34,78
642,576,34,78
636,575,34,78
629,573,34,78
624,571,34,79
618,568,34,81
613,566,34,82
606,563,34,82
598,561,34,82
591,558,34,82
586,556,34,82
581,554,34,82
576,552,34,82
570,550,34,82
564,547,34,82
558,545,34,82
552,542,34,82
546,539,34,82
540,536,34,82
535,534,34,82
531,531,34,82
526,529,34,82
522,525,34,82
518,521,34,82
514,517,34,82
509,513,35,81
505,509,37,79
500,505,38,78
495,501,38,78
489,496,38,78
484,492,38,78
481,488,38,78
479,485,38,78
476,481,38,78
473,478,39,77
469,474,39,76
466,471,40,75
462,466,40,75
459,461,40,75
455,456,40,75
452,452,40,75
450,448,40,75
447,444,40,75
446,440,38,75
444,436,37,75
443,432,35,75
440,429,34,74
438,426,34,73
435,423,33,72
433,419,33,72
432,415,33,72
430,411,33,72
427,407,33,72
425,402,33,72
422,398,33,72
420,394,33,72
418,390,33,72
416,386,33,72
414,383,33,72
411,380,33,72
409,377,33,72
407,374,33,72
405,370,33,72
403,367,33,72
402,363,33,70
401,358,33,67
400,354,33,65
399,351,31,65
397,349,30,65
396,346,28,65
395,344,28,65
395,341,28,65
394,339,28,65
394,335,28,65
393,332,28,65
393,328,28,65
393,324,28,65
393,321,28,65
393,317,28,65
394,314,28,65
395,312,28,65
396,309,28,65
397,307,28,63
398,305,28,60
399,303,28,58
401,300,28,58
402,297,28,58
404,294,28,58
408,291,26,52
411,288,23,46
415,285,21,40
418,283,21,37
421,281,21,35
424,279,21,32
426,277,20,32
428,276,20,33
430,274,19,33
NaN,NaN,NaN,NaN
NaN,NaN,NaN,NaN
NaN,NaN,NaN,NaN
NaN,NaN,NaN,NaN
NaN,NaN,NaN,NaN
NaN,NaN,NaN,NaN
NaN,NaN,NaN,NaN
NaN,NaN,NaN,NaN
NaN,NaN,NaN,NaN
NaN,NaN,NaN,NaN
NaN,NaN,NaN,NaN
NaN,NaN,NaN,NaN
NaN,NaN,NaN,NaN
NaN,NaN,NaN,NaN
NaN,NaN,NaN,NaN
NaN,NaN,NaN,NaN
NaN,NaN,NaN,NaN
444,239,17,30
443,238,18,34
443,238,18,38
442,237,19,42
442,237,19,42
442,237,19,42
442,237,19,42
442,235,19,42
443,234,19,42
443,232,19,42
442,230,20,44
441,227,20,47
440,225,21,49
441,224,21,49
442,223,21,49
443,222,21,49
444,221,21,49
446,221,21,49
447,220,21,49
449,218,21,49
451,217,21,49
453,215,21,49
457,213,21,49
462,210,21,49
466,208,21,49
471,207,21,49
475,205,21,49
480,204,21,49
487,203,21,49
493,201,21,49
500,200,21,49
505,198,21,49
510,197,21,49
515,195,21,49
521,193,21,49
527,192,21,49
533,190,21,49
539,189,21,49
545,188,21,49
551,187,21,49
555,186,21,49
558,184,21,49
562,183,21,49
562,183,21,49
562,183,21,49
562,183,21,49
562,181,21,49
563,179,21,49
563,177,21,49
565,176,21,49
566,176,21,49
568,175,21,49
568,174,21,49
567,174,21,49
567,173,21,49
567,172,21,49
567,172,21,49
567,171,21,49
567,171,21,49
567,171,21,49
567,171,21,49
569,171,21,48
571,170,21,47
573,170,21,46
577,168,21,46
581,167,21,46
585,165,21,46
591,163,21,46
598,162,21,46
604,160,21,46
611,160,21,46
619,159,21,46
626,159,21,46
636,160,21,46
645,160,21,46
655,161,21,46
665,160,21,46
675,160,21,46
685,159,21,46
694,159,21,46
704,158,21,46
713,158,21,46
724,158,21,46
735,159,21,46
746,159,21,46
755,159,21,46
765,160,21,46
774,160,21,46
782,160,21,46
791,159,21,46
799,159,21,46
806,160,21,46
814,160,21,46
821,161,21,46
828,162,21,46
834,162,21,46
841,163,21,46
845,162,21,46
849,162,21,46
853,161,21,46
856,161,21,46
858,161,21,46
861,161,21,46
863,160,21,46
864,159,21,46
866,158,21,46
866,158,21,46
866,158,21,46
866,158,21,46
866,158,21,46
866,158,21,46
866,158,21,46
866,157,21,46
865,157,21,46
865,156,21,46
864,156,21,46
864,156,21,46
863,156,21,46
863,154,21,46
863,153,21,46
863,151,21,46
864,151,21,46
866,151,21,46
867,151,21,46
871,151,21,46
875,150,21,46
879,150,21,46
886,151,20,45
892,152,19,44
899,153,18,43
905,153,18,43
912,153,18,43
918,153,18,43
927,153,18,43
936,153,18,43
945,153,18,43
953,154,18,43
960,156,18,43
968,157,18,43
975,158,18,43
981,158,18,43
988,159,18,43
994,161,18,43
999,163,18,43
1005,165,18,43
1007,164,18,43
1010,163,18,43
1012,162,18,43
1011,162,18,43
1009,162,18,43
1008,162,18,43
1004,162,18,43
999,162,18,43
995,162,18,43
988,162,18,43
980,161,18,43
973,161,18,43
965,160,18,43
957,158,18,43
949,157,18,43
943,157,18,43
937,156,18,43
931,156,18,43
923,156,18,43
915,156,18,43
907,156,18,43
901,155,18,43
896,155,18,43
890,154,18,43
884,154,18,43
878,155,18,43
872,155,18,43
871,156,18,43
871,156,18,43
870,157,18,43
872,158,18,43
873,160,18,43
875,161,18,43
879,162,18,43
884,162,18,43
888,163,18,43
893,164,18,43
898,165,18,43
903,166,18,43
910,168,18,43
916,170,18,43
923,172,18,43
930,173,18,43
937,175,18,43
944,176,18,43
950,178,18,43
956,179,18,43
962,181,18,43
964,183,19,44
967,184,20,45
969,186,21,46
969,188,23,44
969,191,24,41
969,193,26,39
969,194,27,39
970,195,27,40
970,196,28,40
968,196,28,41
966,196,28,43
964,196,28,44
961,196,28,44
959,197,28,44
956,197,28,44
952,199,28,44
947,202,29,43
943,204,29,43
941,204,29,43
938,205,29,43
936,205,29,43
933,206,29,44
930,206,29,45
927,207,29,46
926,208,29,46
924,209,29,46
923,210,29,46
920,212,29,46
917,213,29,46
914,215,29,46
911,215,29,46
907,216,29,46
904,216,29,46
900,217,29,46
897,218,28,46
893,219,28,46
891,221,27,46
890,223,26,45
888,225,25,45
887,227,25,45
886,228,25,45
885,230,25,45
884,231,25,45
883,233,25,45
882,234,25,45
881,236,25,45
879,238,25,45
878,240,25,45
878,242,25,45
878,243,25,45
878,245,25,45
877,247,25,45
875,249,25,45
874,251,25,45
874,252,25,45
873,254,25,45
873,255,25,45
872,257,25,45
870,259,25,45
869,261,25,45
868,263,25,45
867,266,25,45
866,268,25,45
864,270,25,45
862,273,25,45
860,275,25,45
858,276,25,45
855,277,25,45
853,278,25,45
850,279,25,46
846,279,25,48
843,280,25,49
839,282,25,49
836,284,25,49
832,286,25,49
828,288,25,48
824,290,25,47
820,292,25,46
816,294,25,46
812,295,25,46
808,297,25,46
805,298,23,44
801,299,20,41
798,300,18,39
791,302,18,36
785,305,18,34
778,307,18,31
773,308,19,34
768,310,19,36
763,311,20,39
757,313,21,39
752,315,22,40
746,317,23,40
740,319,24,41
735,320,24,42
729,322,25,43
725,325,25,43
721,327,25,43
717,330,25,43
714,332,24,42
710,334,24,41
707,336,23,40
704,337,23,41
701,338,23,43
698,339,23,44
696,341,23,44
694,343,23,44
692,345,23,44
689,347,24,44
686,349,26,44
683,351,27,44
681,352,27,44
679,354,27,44
677,355,27,44
675,356,27,44
674,358,27,44
672,359,27,44
669,361,27,44
666,364,27,44
663,366,27,44
660,367,27,44
657,369,27,44
654,370,27,44
652,372,27,44
649,373,27,44
647,375,27,44
644,375,27,44
641,376,27,44
638,376,27,44
636,378,27,44
633,379,27,44
631,381,27,44
629,382,27,44
627,382,27,44
625,383,27,44
622,384,27,44
618,386,27,44
615,387,27,44
613,388,27,44
612,388,27,44
610,389,27,44
608,390,27,44
606,390,27,44
604,391,27,44
602,392,27,44
599,394,27,44
597,395,27,44
595,395,27,44
594,394,27,44
592,394,27,44
590,394,27,44
589,394,27,44
587,394,27,44
585,394,27,45
583,393,27,47
581,393,27,48
580,394,27,48
579,395,27,48
578,396,27,48
577,395,27,44
576,394,27,41
575,393,27,37
574,392,27,39
573,392,27,41
572,391,27,43
571,391,28,44
571,390,30,45
570,390,31,46
569,389,31,46
568,388,31,46
567,387,31,46
564,387,31,46
561,386,31,46
558,386,31,46
557,385,31,48
555,384,31,50
554,383,31,52
551,382,31,52
549,382,31,52
546,381,31,52
543,380,30,49
541,379,29,47
538,378,28,44
535,376,29,46
533,374,31,47
530,372,32,49
529,371,32,49
529,371,32,49
528,370,32,49
527,369,32,49
526,367,32,49
525,366,32,49
526,364,32,49
528,362,32,49
529,360,32,49
532,358,32,49
536,355,32,49
539,353,32,49
546,351,31,49
554,350,29,49
561,348,28,49
569,346,27,48
576,343,25,46
584,341,24,45
590,337,27,46
597,334,29,47
603,330,32,48
607,329,32,48
610,328,32,48
614,327,32,48
620,325,30,46
627,324,29,44
633,322,27,42
635,321,29,42
636,320,30,42
638,319,32,42
643,317,30,42
647,315,28,43
652,313,26,43
653,312,26,43
653,312,26,43
654,311,26,43
654,308,26,43
653,304,26,43
653,301,26,43
653,300,27,43
653,298,27,43
653,297,28,43
653,295,28,43
653,293,28,43
653,291,28,43
653,289,28,43
653,288,28,43
653,286,28,43
652,283,28,43
652,281,28,43
651,278,28,43
651,276,28,44
651,275,28,45
651,273,28,46
651,271,28,46
651,268,28,46
651,266,28,46
654,264,26,45
656,263,24,45
659,261,22,44
662,260,22,44
664,259,22,44
667,258,22,44
670,256,22,44
674,253,22,44
677,251,22,44
681,251,22,44
684,250,22,44
688,250,22,44
691,249,22,44
695,248,22,44
698,247,22,44
700,246,22,44
702,246,22,44
704,245,22,44
708,244,22,44
713,242,22,44
717,241,22,44
721,240,22,44
724,240,22,44
728,239,22,44
730,238,22,45
731,238,22,46
733,237,22,47
735,237,22,47
736,237,22,47
738,237,22,47
738,237,22,47
738,236,22,47
738,236,22,47
738,236,22,47
738,236,22,47
738,236,22,47
739,235,22,47
741,235,22,47
742,234,22,47
743,233,22,47
744,233,22,47
745,232,22,47
746,233,22,47
747,233,22,47
748,234,22,47
750,235,22,45
753,235,21,42
755,236,21,40
756,235,21,41
757,235,21,41
758,234,21,42
760,234,21,42
761,234,21,42
763,234,21,42
764,234,21,42
766,234,21,42
767,234,21,42
768,233,21,42
770,233,21,42
771,232,21,42
772,232,21,42
774,231,21,42
775,231,21,42
776,231,21,42
777,232,21,42
778,232,21,42
779,232,21,42
780,233,21,42
781,233,21,42
782,233,21,42
782,232,21,42
783,232,21,42
783,231,21,43
782,231,22,43
782,230,22,44
783,231,22,44
783,233,22,44
784,234,22,44
782,233,22,44
781,232,22,44
779,231,22,44
776,229,22,44
773,228,22,44
770,226,22,44
766,226,22,44
762,226,22,44
758,226,22,44
751,226,22,44
745,227,22,44
738,227,22,44
732,225,22,44
727,224,22,44
721,222,22,44
715,222,22,44
709,223,22,44
703,223,22,44
698,223,22,44
692,224,22,44
687,224,22,44
682,223,22,44
677,221,22,44
672,220,22,44
666,219,22,44
660,219,22,44
654,218,22,44
650,219,22,44
647,219,22,44
643,220,22,44
641,220,22,44
639,221,22,44
637,221,22,44
637,221,22,44
637,221,22,44
637,221,22,44
639,222,22,44
640,222,22,44
642,223,22,44
644,224,22,44
646,224,22,44
648,225,22,44
653,225,22,44
657,225,22,44
662,225,22,44
668,224,22,44
675,222,22,44
681,221,22,44
687,222,22,45
692,222,22,46
698,223,22,47
703,225,22,47
708,226,22,47
713,228,22,47
717,227,22,47
722,227,22,47
726,226,22,47
730,226,22,47
734,226,22,47
738,226,22,47
739,228,22,47
740,229,22,47
741,231,22,47
742,231,22,47
742,231,22,47
743,231,22,47
741,231,22,47
740,231,22,47
738,231,22,47
734,232,22,47
730,233,22,47
726,234,22,47
723,234,22,47
719,234,22,47
716,234,22,47
711,235,22,47
707,235,22,47
702,236,22,47
697,236,22,47
693,236,22,47
688,236,22,47
684,236,22,47
680,236,22,47
676,236,22,47
673,237,22,47
670,239,22,47
667,240,22,47
665,240,22,47
662,240,22,47
660,240,22,47
658,240,22,47
657,241,22,47
655,241,22,47
654,241,22,47
654,241,22,47
653,241,22,47
653,243,22,47
653,244,22,47
653,246,22,47
653,245,22,47
653,245,22,47
653,244,22,47
654,244,22,48
655,245,22,48
656,245,22,49
657,247,22,49
657,249,22,49
658,251,22,49
659,250,22,49
659,250,22,49
660,249,22,49
660,249,22,49
660,249,22,49
660,249,22,49
660,250,22,49
659,250,22,49
659,251,22,49
657,252,22,49
655,252,22,49
653,253,22,49
652,254,22,49
650,254,22,48
649,255,22,48
648,256,22,48
648,257,22,48
647,258,22,48
646,259,22,48
644,260,22,48
643,261,22,48
642,261,22,48
641,261,22,48
640,261,22,48
640,261,22,48
640,261,22,48
640,261,22,48
640,261,22,48
640,261,22,48
640,261,22,48
642,262,22,49
644,263,22,51
646,264,22,52
648,265,22,52
651,265,22,52
653,266,22,52
656,266,22,52
658,266,22,52
661,266,22,52
664,266,22,53
667,267,22,53
670,267,22,54
676,269,22,54
681,271,22,54
687,273,22,54
692,272,22,54
698,272,22,54
703,271,22,54
708,272,22,53
714,272,22,53
719,273,22,52
724,273,22,52
730,273,22,52
735,273,22,52
739,275,22,52
744,276,22,52
748,278,22,52
751,277,22,52
755,276,22,51
758,275,22,51
762,276,22,51
766,276,22,51
770,277,22,51
773,278,22,51
775,279,22,51
778,280,22,51
780,280,22,51
781,280,22,51
783,280,22,51
783,280,22,51
783,280,22,51
783,280,22,51
782,281,22,51
782,281,22,51
781,282,22,51
780,282,22,51
779,282,22,51
778,282,22,51
776,282,22,51
774,282,22,51
772,282,22,51
769,282,22,51
767,282,22,52
764,282,22,52
761,282,22,52
759,283,22,52
756,283,22,52
753,284,22,52
750,285,22,52
747,286,22,52
742,285,22,52
738,285,22,52
733,284,22,52
730,284,22,54
727,284,22,56
724,284,22,58
719,285,22,58
714,286,22,58
709,287,22,58
706,287,22,58
704,288,22,58
701,288,22,58
698,287,22,58
696,287,22,58
693,286,22,58
691,286,22,58
690,286,22,58
688,286,22,58
686,287,22,58
685,289,22,58
683,290,22,58
683,290,22,58
683,290,22,58
683,290,22,58
685,290,22,58
686,289,22,58
688,289,22,58
690,289,22,58
691,288,22,58
693,288,22,58
696,289,22,58
698,290,22,58
701,291,22,58
703,291,22,58
706,291,22,58
708,291,22,58
710,290,22,58
713,290,22,58
715,289,22,58
718,290,22,59
720,290,22,61
723,291,22,62
724,291,22,62
724,292,22,62
725,292,22,62
725,293,22,62
726,294,22,62
726,295,22,62
726,295,22,62
726,295,22,62
726,295,22,62
724,294,23,64
721,293,24,65
719,292,25,67
717,293,25,65
715,294,25,62
713,295,25,60
711,295,25,60
710,296,25,60
708,296,25,60
705,296,25,60
703,295,25,60
700,295,25,60
699,294,25,60
699,294,25,60
698,293,25,60
698,293,25,60
698,293,25,60
698,293,25,60
698,293,25,60
698,293,25,60
698,293,25,60
701,293,25,60
704,292,25,60
707,292,25,60
709,292,25,60
711,291,25,60
713,291,25,60
716,291,25,60
718,291,25,60
721,291,25,60
723,291,25,60
725,290,25,60
727,290,25,60
727,289,25,61
728,289,26,62
728,288,26,63
728,288,26,63
728,288,26,63
728,288,26,63
728,288,26,63
728,288,26,63
728,288,26,63
727,287,26,63
726,287,26,63
725,286,26,63
724,285,26,63
722,283,26,63
721,282,26,63
718,282,26,63
714,282,26,63
711,282,26,63
708,282,26,63
704,281,26,63
701,281,26,63
697,280,26,63
692,278,26,63
688,277,26,63
686,277,26,63
685,276,26,63
683,276,26,63
680,275,26,63
676,274,26,63
673,273,26,63
671,273,26,63
668,272,26,63
666,272,26,63
665,270,26,63
665,268,26,63
664,266,26,63
664,266,26,63
664,266,26,63
664,266,26,63
665,266,26,63
665,265,26,63
666,265,26,63
668,264,26,63
670,264,26,63
672,263,26,63
675,262,24,61
677,261,22,59
680,260,20,57
681,259,21,58
683,257,21,59
684,256,22,60
685,256,22,60
686,255,23,61
687,255,23,61
689,255,23,61
690,255,23,61
692,255,23,61
694,254,23,61
696,252,23,61
698,251,23,61
698,249,25,61
698,248,26,62
698,246,28,62
701,247,27,59
704,248,27,57
707,249,26,54
710,249,26,54
713,248,26,54
716,248,26,54
719,247,26,54
721,246,26,54
724,245,26,54
727,244,26,54
730,243,26,54
733,242,26,54
736,241,26,54
740,241,26,54
743,240,26,54
746,241,26,54
750,241,26,54
753,242,26,54
759,242,24,54
764,242,22,55
770,242,20,55
777,242,20,55
784,241,20,55
791,241,20,55
797,241,21,56
802,241,22,56
808,241,23,57
817,243,23,57
825,244,23,57
834,246,23,57
841,245,23,57
847,245,23,57
854,244,23,57
864,245,23,57
873,245,23,57
883,246,23,57
893,246,24,56
902,247,26,55
912,247,27,54
921,249,27,54
930,252,26,53
939,254,26,53
947,256,26,53
955,257,26,52
963,259,26,52
967,259,26,52
971,258,26,52
975,258,26,52
977,259,26,52
979,261,26,52
981,262,26,52
978,263,26,51
976,263,26,49
973,264,26,48
969,265,26,48
964,265,25,48
960,266,25,48
953,268,26,44
947,271,26,41
940,273,27,37
933,273,27,37
927,274,26,37
920,274,26,37
913,274,26,37
905,274,26,37
898,274,26,37
890,273,24,36
882,273,23,34
874,272,21,33
867,271,21,33
859,270,21,33
852,269,21,33
847,269,20,34
843,269,20,35
838,269,19,36
NaN,NaN,NaN,NaN
NaN,NaN,NaN,NaN
NaN,NaN,NaN,NaN
NaN,NaN,NaN,NaN
NaN,NaN,NaN,NaN
NaN,NaN,NaN,NaN
NaN,NaN,NaN,NaN
NaN,NaN,NaN,NaN
NaN,NaN,NaN,NaN
NaN,NaN,NaN,NaN
NaN,NaN,NaN,NaN
NaN,NaN,NaN,NaN
NaN,NaN,NaN,NaN
NaN,NaN,NaN,NaN
NaN,NaN,NaN,NaN
NaN,NaN,NaN,NaN
NaN,NaN,NaN,NaN
793,283,9,24
791,285,9,25
789,286,10,26
787,288,10,27
785,288,10,30
783,289,10,34
781,289,10,37
778,290,11,37
776,290,11,38
773,291,12,38
770,293,12,38
766,295,12,38
763,297,12,38
760,298,12,38
756,298,12,38
753,299,12,38
748,301,12,38
744,303,12,38
739,305,12,38
736,307,12,38
732,308,13,37
729,310,13,37
725,312,13,37
720,314,13,37
716,316,13,37
712,317,13,37
708,317,13,37
704,318,13,37
699,318,14,37
693,319,16,37
688,319,17,37
683,320,18,36
678,322,19,36
673,323,20,35
669,324,20,36
664,324,20,38
660,325,20,39
656,326,20,39
652,326,20,39
648,327,20,39
646,327,20,39
644,328,20,39
642,328,20,39
639,329,20,39
636,330,20,39
633,331,20,39
632,332,20,39
632,333,20,39
631,334,20,39
632,334,20,39
632,333,20,39
633,333,20,39
634,334,20,39
635,335,20,39
636,336,20,39
638,336,20,39
639,336,20,39
641,336,20,39
643,336,20,39
644,336,20,39
646,336,20,39
647,336,20,39
649,336,20,39
650,336,20,39
650,336,20,39
650,336,20,39
650,336,20,39
649,336,20,39
649,336,20,39
648,336,20,39
648,336,20,38
648,336,20,38
648,336,20,37
645,336,20,37
642,336,20,37
639,336,20,37
635,336,20,37
630,336,20,37
626,336,20,37
622,335,21,38
617,335,21,38
613,334,22,39
609,335,22,39
606,335,22,39
602,336,22,39
599,336,22,39
596,337,22,39
593,337,22,39
591,336,22,39
589,336,22,39
587,335,22,39
587,335,22,39
587,335,22,39
587,335,22,39
587,335,22,39
588,336,22,39
588,336,22,39
591,336,22,39
595,335,22,39
598,335,22,39
601,335,22,38
604,335,22,38
607,335,22,37
612,334,22,37
617,334,22,37
622,333,22,37
627,333,22,37
632,333,22,37
637,333,22,37
642,333,21,37
647,332,20,37
652,332,19,37
657,331,19,37
662,331,19,37
667,330,19,37
670,330,19,37
674,330,19,37
677,330,19,37
680,330,19,37
684,329,19,37
687,329,19,37
689,328,19,37
692,327,19,37
694,326,19,37
696,326,19,37
697,326,19,37
699,326,19,37
700,326,19,37
702,326,19,37
703,326,19,37
703,326,19,37
703,326,19,37
703,326,19,37
703,326,19,37
703,326,19,37
703,326,19,37
703,326,19,37
703,327,19,37
703,327,19,37
703,329,19,35
703,331,19,33
703,333,19,31
703,332,17,30
703,331,16,28
703,330,14,27
701,330,15,28
700,329,17,29
698,329,18,30
699,329,17,30
701,329,16,30
702,329,15,30
702,331,15,27
702,333,15,23
702,335,15,20
702,335,15,20
702,335,15,19
702,335,15,19
NaN,NaN,NaN,NaN
NaN,NaN,NaN,NaN
NaN,NaN,NaN,NaN
NaN,NaN,NaN,NaN
NaN,NaN,NaN,NaN
NaN,NaN,NaN,NaN
NaN,NaN,NaN,NaN
NaN,NaN,NaN,NaN
NaN,NaN,NaN,NaN
NaN,NaN,NaN,NaN
NaN,NaN,NaN,NaN
NaN,NaN,NaN,NaN
NaN,NaN,NaN,NaN
NaN,NaN,NaN,NaN
NaN,NaN,NaN,NaN
NaN,NaN,NaN,NaN
NaN,NaN,NaN,NaN
NaN,NaN,NaN,NaN
NaN,NaN,NaN,NaN
NaN,NaN,NaN,NaN
NaN,NaN,NaN,NaN
NaN,NaN,NaN,NaN
NaN,NaN,NaN,NaN
NaN,NaN,NaN,NaN
NaN,NaN,NaN,NaN
NaN,NaN,NaN,NaN
NaN,NaN,NaN,NaN
NaN,NaN,NaN,NaN
NaN,NaN,NaN,NaN
NaN,NaN,NaN,NaN
NaN,NaN,NaN,NaN
NaN,NaN,NaN,NaN
NaN,NaN,NaN,NaN
NaN,NaN,NaN,NaN
NaN,NaN,NaN,NaN
NaN,NaN,NaN,NaN
NaN,NaN,NaN,NaN
NaN,NaN,NaN,NaN
NaN,NaN,NaN,NaN
NaN,NaN,NaN,NaN
NaN,NaN,NaN,NaN
NaN,NaN,NaN,NaN
NaN,NaN,NaN,NaN
NaN,NaN,NaN,NaN
NaN,NaN,NaN,NaN
NaN,NaN,NaN,NaN
NaN,NaN,NaN,NaN
NaN,NaN,NaN,NaN
NaN,NaN,NaN,NaN
NaN,NaN,NaN,NaN
NaN,NaN,NaN,NaN
NaN,NaN,NaN,NaN
NaN,NaN,NaN,NaN
NaN,NaN,NaN,NaN
NaN,NaN,NaN,NaN
NaN,NaN,NaN,NaN
NaN,NaN,NaN,NaN
NaN,NaN,NaN,NaN
NaN,NaN,NaN,NaN
NaN,NaN,NaN,NaN
NaN,NaN,NaN,NaN
NaN,NaN,NaN,NaN
NaN,NaN,NaN,NaN
NaN,NaN,NaN,NaN
NaN,NaN,NaN,NaN
NaN,NaN,NaN,NaN
NaN,NaN,NaN,NaN
NaN,NaN,NaN,NaN
NaN,NaN,NaN,NaN
NaN,NaN,NaN,NaN
NaN,NaN,NaN,NaN
NaN,NaN,NaN,NaN
NaN,NaN,NaN,NaN
NaN,NaN,NaN,NaN
NaN,NaN,NaN,NaN
NaN,NaN,NaN,NaN
NaN,NaN,NaN,NaN
NaN,NaN,NaN,NaN
NaN,NaN,NaN,NaN
NaN,NaN,NaN,NaN
NaN,NaN,NaN,NaN
NaN,NaN,NaN,NaN
NaN,NaN,NaN,NaN
NaN,NaN,NaN,NaN
NaN,NaN,NaN,NaN
NaN,NaN,NaN,NaN
NaN,NaN,NaN,NaN
NaN,NaN,NaN,NaN
NaN,NaN,NaN,NaN
NaN,NaN,NaN,NaN
NaN,NaN,NaN,NaN
NaN,NaN,NaN,NaN
NaN,NaN,NaN,NaN
NaN,NaN,NaN,NaN
NaN,NaN,NaN,NaN
NaN,NaN,NaN,NaN
NaN,NaN,NaN,NaN
NaN,NaN,NaN,NaN
NaN,NaN,NaN,NaN
NaN,NaN,NaN,NaN
NaN,NaN,NaN,NaN
NaN,NaN,NaN,NaN
NaN,NaN,NaN,NaN
NaN,NaN,NaN,NaN
NaN,NaN,NaN,NaN
NaN,NaN,NaN,NaN
NaN,NaN,NaN,NaN
614,369,18,24
614,367,17,26
615,364,16,28
615,362,15,30
613,359,16,33
612,357,18,37
610,354,19,40
610,352,19,42
610,351,19,43
610,349,19,45
608,347,19,46
607,344,19,47
605,342,19,48
604,342,19,48
602,341,19,48
601,341,19,48
601,341,19,48
602,341,19,48
602,341,19,48
602,339,19,48
603,338,19,48
603,336,19,48
603,336,19,48
604,335,19,48
604,335,19,48
605,334,19,48
606,334,19,48
607,333,19,48
607,333,19,48
607,333,19,48
607,333,19,48
607,332,19,48
608,330,19,48
608,329,19,48
607,327,19,48
607,326,19,48
606,324,19,48
