674,311,18,64
674,311,18,64
674,311,18,64
674,311,18,64
674,311,18,64
673,311,18,64
673,311,18,64
673,312,18,64
673,313,18,64
673,314,18,64
673,314,18,64
672,313,18,64
672,313,18,64
671,313,18,64
671,313,18,64
670,313,18,64
670,313,18,64
670,312,18,64
670,312,18,64
670,312,18,64
669,313,18,64
669,313,18,64
668,313,18,64
668,313,18,65
667,313,18,65
667,314,18,65
667,314,18,65
667,315,18,65
667,315,18,65
667,315,18,65
667,315,18,65
667,315,18,65
668,315,17,64
668,315,17,64
668,315,17,65
668,315,17,66
668,315,17,67
667,315,17,68
667,315,18,69
666,315,18,70
665,316,18,70
665,316,18,70
664,317,18,70
664,317,18,70
663,317,17,70
663,317,17,70
663,317,17,70
662,318,17,70
662,318,17,70
661,318,17,70
661,318,17,70
660,318,17,70
660,318,17,69
659,318,17,67
659,318,17,66
659,319,16,66
658,319,16,66
658,320,15,66
658,320,15,66
658,320,15,66
658,320,15,66
657,321,15,65
657,322,16,63
656,323,16,62
656,323,16,62
656,323,16,63
656,323,16,63
656,323,16,63
655,323,17,64
655,323,17,64
654,323,18,66
654,323,19,67
653,323,20,69
653,324,20,69
652,324,20,69
652,325,20,69
652,325,20,69
652,325,20,69
652,325,20,69
651,326,20,66
651,326,20,64
650,327,20,61
651,327,19,63
651,327,17,65
652,327,16,67
652,327,16,68
652,327,16,68
652,327,16,69
652,327,16,69
651,327,16,69
651,327,16,69
650,327,16,69
650,328,16,69
649,328,16,69
649,328,16,65
649,328,15,61
649,328,15,57
649,328,15,57
649,328,15,57
649,328,15,57
648,330,16,57
648,331,17,57
647,333,18,57
647,333,18,60
647,333,18,64
647,333,18,67
647,333,18,68
647,333,17,68
647,333,17,69
647,333,17,69
646,333,17,69
646,333,17,69
645,334,17,70
644,335,18,70
643,336,18,71
643,336,18,71
643,336,18,72
643,336,18,72
643,336,18,72
642,336,17,72
642,336,17,72
641,336,17,71
641,336,18,70
640,336,18,69
640,336,18,69
640,336,18,69
640,336,18,69
640,337,18,69
639,338,18,69
639,339,18,69
639,339,18,67
639,339,17,65
639,339,17,63
639,340,17,63
639,340,17,63
639,341,17,63
639,341,17,63
639,341,17,63
639,341,17,63
639,341,17,63
639,341,17,63
639,341,17,63
640,342,16,66
640,342,15,69
641,343,14,72
640,343,15,73
640,343,15,73
639,343,16,74
639,343,16,74
639,343,16,75
639,343,16,75
639,343,16,75
639,343,16,75
639,343,16,75
639,343,16,75
639,343,16,75
639,343,16,75
639,343,16,73
639,343,16,71
639,343,16,69
639,343,16,70
639,343,16,70
639,343,16,71
639,344,16,71
638,345,17,71
638,346,17,71
639,346,16,71
639,346,16,71
640,346,15,71
640,346,16,69
641,346,16,67
641,346,17,65
642,346,16,67
642,346,16,68
643,346,15,70
642,346,16,70
642,346,16,70
641,346,17,70
642,346,17,71
642,346,16,72
643,346,16,73
643,346,16,73
643,346,16,73
643,346,16,73
644,346,15,73
644,346,15,73
645,346,14,73
645,346,14,74
645,346,13,74
645,346,13,75
645,346,14,73
646,346,14,70
646,346,15,68
646,346,15,68
646,346,16,68
646,346,16,68
646,346,16,68
646,346,16,68
646,346,16,68
647,346,15,67
648,347,15,66
649,347,14,65
649,347,14,65
649,347,15,65
649,347,15,65
649,347,15,66
649,347,16,66
649,347,16,67
649,346,17,69
650,344,17,71
650,343,18,73
651,343,17,73
651,343,16,74
652,343,15,74
652,343,15,74
652,343,15,74
652,343,15,74
652,343,15,74
652,344,16,75
652,344,16,75
652,344,16,75
652,344,16,75
652,344,16,75
653,344,15,74
654,343,15,72
655,343,14,71
655,343,15,71
654,343,16,71
654,343,17,71
654,343,17,71
654,343,17,71
654,343,17,71
655,343,17,71
655,343,16,71
656,343,16,71
656,343,16,71
656,343,16,71
656,343,16,71
657,343,16,71
657,343,16,71
658,343,16,71
658,343,16,71
659,343,16,71
659,343,16,71
659,343,17,72
659,343,17,72
659,343,18,73
659,343,18,73
660,343,17,74
660,343,17,74
660,343,17,74
660,343,17,74
660,343,17,74
660,343,17,74
660,343,17,74
660,343,17,74
660,343,17,74
660,343,17,74
660,343,17,74
660,343,17,72
661,343,18,70
661,343,18,68
661,343,18,69
662,342,17,69
662,342,17,70
662,342,17,70
662,342,17,70
662,342,17,70
662,342,17,70
663,342,17,70
663,342,17,70
664,342,17,70
665,342,16,70
666,342,16,70
666,342,16,70
666,342,16,70
666,342,16,70
666,342,16,70
666,342,16,70
666,342,16,70
667,341,15,71
667,341,15,71
668,340,14,72
668,341,14,72
667,342,15,72
667,343,15,72
666,343,15,73
666,342,15,73
665,342,15,74
664,342,16,74
664,342,16,73
663,342,17,73
663,341,16,73
663,341,16,72
663,340,15,72
662,340,15,70
662,340,16,69
661,340,16,67
660,340,16,68
659,339,17,69
658,339,17,70
657,339,17,70
657,339,17,70
656,339,17,70
656,339,16,67
656,339,16,64
656,339,15,61
655,339,15,62
654,339,16,64
653,339,16,65
653,339,15,66
653,339,15,66
653,339,14,67
652,338,14,68
652,336,14,69
651,335,14,70
650,335,14,70
649,335,15,71
648,335,15,71
647,335,15,71
646,335,15,71
645,335,15,71
644,335,15,72
644,334,15,72
643,334,15,73
643,334,15,69
642,334,16,66
642,334,16,62
641,333,16,65
640,332,16,67
639,331,16,70
638,331,16,70
637,331,16,70
636,331,16,70
635,331,16,70
635,331,17,70
634,331,17,70
634,331,17,70
633,331,16,70
633,331,16,70
632,330,16,70
632,330,16,70
631,329,16,70
631,329,16,68
631,328,16,67
631,328,16,65
631,328,16,65
631,328,16,65
631,328,16,65
630,327,15,67
630,327,15,68
629,326,14,70
629,326,14,70
628,326,13,69
628,326,13,69
627,326,13,69
627,326,14,69
626,326,14,69
626,325,14,70
625,325,15,70
625,324,15,71
624,324,15,71
624,323,16,70
623,323,16,70
622,322,16,70
622,322,15,70
621,321,15,70
621,321,15,70
620,321,15,70
620,321,15,70
620,321,15,70
619,321,16,70
619,321,16,70
619,321,16,70
619,321,16,70
619,321,16,70
619,321,15,68
619,321,15,66
619,321,14,64
619,321,14,65
618,320,15,67
618,320,15,68
618,320,15,68
617,320,14,69
617,320,14,69
617,320,14,69
616,320,14,70
616,320,14,70
616,320,14,70
615,320,14,70
615,320,14,70
614,319,14,71
614,319,14,71
613,318,14,72
613,318,14,72
613,318,13,72
613,318,13,72
612,318,13,70
612,318,14,68
611,318,14,66
610,318,14,66
610,319,14,66
609,319,14,66
609,319,14,61
609,319,14,55
609,319,14,50
609,319,14,49
608,319,14,47
608,319,14,46
608,319,15,50
607,318,15,53
607,318,16,57
606,318,16,60
606,317,17,63
605,317,17,66
605,317,17,67
604,317,17,67
604,317,17,68
604,317,17,68
603,317,16,69
603,317,16,69
603,317,16,69
602,317,17,69
602,317,17,69
601,317,17,69
601,317,17,69
600,317,17,69
600,317,17,69
599,317,16,70
599,317,16,70
599,317,15,69
599,317,15,67
599,317,14,66
599,317,14,66
599,317,14,66
599,317,14,66
598,317,14,66
598,317,15,67
597,317,15,67
597,317,15,67
597,317,15,67
597,317,15,67
597,317,15,67
597,317,15,67
597,317,15,67
597,317,15,67
597,317,15,67
597,317,15,67
597,317,15,67
596,317,14,67
596,317,14,67
596,316,14,68
595,316,14,70
595,315,14,71
595,315,14,72
595,315,15,72
595,315,15,73
594,315,15,73
594,316,15,73
593,316,15,73
593,316,15,73
592,315,16,73
592,315,16,73
592,315,16,73
591,315,16,73
591,315,16,73
591,315,16,72
591,314,16,70
591,314,16,69
590,314,16,69
590,315,16,69
589,315,16,69
589,315,16,69
589,315,16,69
589,315,16,69
589,315,16,69
589,315,16,69
589,315,16,69
589,315,16,69
589,315,16,69
589,315,16,69
589,315,16,69
589,315,16,69
589,315,16,69
589,315,16,70
588,314,15,70
588,314,15,71
588,314,15,71
588,314,15,71
588,314,15,71
588,314,15,71
588,314,15,71
588,314,15,71
588,314,15,71
587,313,15,71
587,313,15,71
587,314,15,71
586,314,15,71
586,315,15,71
586,315,15,71
586,315,15,71
586,315,15,71
585,315,15,71
584,314,16,70
583,314,16,70
583,314,16,70
584,314,16,71
584,314,16,71
584,314,16,71
584,314,16,71
584,314,16,71
584,314,16,71
584,314,16,71
584,314,16,71
584,314,16,71
584,314,16,71
584,314,16,71
584,314,16,71
584,314,16,71
584,314,16,71
584,314,16,71
584,314,16,71
584,314,16,71
584,315,15,72
583,315,15,72
583,316,14,73
583,316,14,73
583,316,14,73
583,316,14,73
583,316,14,73
583,316,14,73
583,316,14,73
583,315,14,72
582,315,14,71
582,314,14,70
582,314,14,70
582,314,14,70
582,314,14,70
582,314,14,70
582,314,14,70
582,314,14,70
582,314,14,70
582,314,14,70
582,314,14,70
582,314,14,70
582,314,14,70
582,314,14,70
582,314,14,70
582,314,14,70
582,314,14,70
582,314,14,70
582,314,14,70
582,314,14,70
582,314,14,70
582,314,14,70
582,314,14,70
582,314,14,70
582,314,14,70
582,314,14,70
582,314,14,70
582,314,14,70
582,314,14,70
582,314,14,70
582,314,14,70
582,314,14,70
582,314,14,70
582,314,14,70
582,314,14,70
582,313,14,69
582,311,14,68
582,310,14,67
582,310,14,67
582,310,14,67
582,310,14,67
582,310,15,67
581,309,15,67
581,309,16,67
581,309,16,67
581,309,16,67
581,309,16,67
581,309,16,67
581,309,16,67
581,309,16,67
582,308,16,67
582,307,15,68
583,306,15,68
583,306,15,68
583,306,15,68
583,306,15,68
583,306,15,68
583,306,15,68
583,306,15,68
583,305,15,69
583,303,14,71
583,302,14,72
582,302,16,72
580,302,17,72
579,302,19,72
579,301,19,71
578,300,19,71
578,299,19,70
579,299,18,69
580,298,16,69
581,298,15,68
581,298,14,68
581,298,13,68
581,298,12,68
581,298,12,68
581,298,12,68
581,298,12,68
581,298,12,68
581,298,12,68
581,298,12,68
581,298,12,66
582,297,12,64
582,297,12,62
582,296,14,64
581,296,15,65
581,295,17,67
581,294,16,68
582,293,16,69
582,292,15,70
582,292,15,70
582,292,15,70
582,292,15,70
582,292,15,70
582,292,15,70
582,292,15,70
582,291,15,71
582,291,14,71
582,290,14,72
582,290,14,72
582,290,14,72
582,290,14,72
582,290,14,71
582,290,14,70
582,290,14,69
582,290,14,69
582,290,14,69
582,290,14,69
581,290,14,70
581,290,15,70
580,290,15,71
580,291,15,63
581,291,15,56
581,292,15,48
581,292,15,54
582,292,15,59
582,292,15,65
582,292,14,65
583,292,14,65
583,292,13,65
583,292,14,66
583,292,15,67
583,292,16,68
583,292,16,68
583,292,16,68
583,292,16,68
583,292,16,69
583,292,16,70
583,292,16,71
583,292,16,72
583,292,16,72
583,292,16,73
583,292,16,73
584,292,15,73
584,292,15,73
584,292,16,72
585,292,16,70
585,292,17,69
585,292,17,69
585,292,17,69
585,292,17,69
585,292,17,70
586,292,16,70
586,292,16,71
587,293,16,71
587,293,15,71
588,294,15,71
588,294,15,71
589,294,16,71
589,294,16,71
590,295,16,70
590,295,17,70
591,296,17,69
591,296,17,69
591,296,17,69
591,296,17,69
591,296,16,70
592,296,16,72
592,296,15,73
592,297,15,73
593,298,15,73
593,299,15,73
593,299,15,73
593,299,15,73
593,299,15,73
594,299,16,74
595,300,16,75
596,300,17,76
596,300,17,76
596,300,17,76
596,300,17,76
597,301,17,74
598,302,16,71
599,303,16,69
599,304,16,69
599,305,16,69
599,306,16,69
600,307,16,69
600,307,16,69
601,308,16,69
602,309,16,66
603,309,16,64
604,310,16,61
605,310,16,63
605,310,16,65
606,310,16,67
607,310,16,68
607,311,16,68
608,311,16,69
609,312,16,70
609,312,15,71
610,313,15,72
611,313,15,72
611,314,15,73
612,314,15,73
612,315,16,73
613,316,16,73
613,317,17,73
613,317,17,73
614,317,17,74
614,317,17,74
615,317,17,74
615,317,17,74
616,317,17,74
617,317,16,73
617,317,16,71
618,317,15,70
618,317,15,71
618,317,15,73
618,317,15,74
619,318,15,73
620,320,15,71
621,321,15,70
621,322,15,70
622,322,15,70
622,323,15,70
622,323,15,70
622,323,15,70
622,323,15,70
623,323,15,70
623,324,15,70
624,324,15,70
624,324,15,71
624,324,15,71
624,324,15,72
624,325,15,72
624,325,15,72
624,326,15,72
624,327,15,72
624,327,15,73
624,328,15,73
624,328,15,73
624,329,14,73
624,329,14,73
624,329,14,73
624,329,14,73
624,329,14,73
625,329,14,72
625,329,14,71
626,329,14,70
626,330,15,70
626,330,16,70
626,331,17,70
626,331,17,70
625,332,17,70
625,332,17,70
626,332,17,70
626,333,16,69
627,333,16,69
627,333,16,69
628,334,16,69
628,334,16,69
629,334,16,69
629,333,16,69
630,333,16,69
630,333,16,70
629,333,16,70
629,333,16,71
629,333,16,72
629,333,15,72
629,333,15,73
629,334,15,73
628,334,16,73
628,335,16,73
628,335,16,73
627,335,16,73
627,335,16,73
627,335,16,74
628,335,15,74
628,335,15,75
628,335,15,74
628,335,15,72
628,335,15,71
628,335,15,70
628,335,15,70
628,335,15,69
628,335,15,70
627,335,15,70
627,335,15,71
627,335,15,71
627,336,15,71
627,336,15,71
628,336,15,69
628,336,15,67
629,336,15,65
629,336,15,65
629,336,15,65
629,336,15,65
629,336,15,66
630,336,16,67
630,336,16,68
630,336,16,69
630,336,16,69
630,336,16,70
630,336,16,70
630,336,16,70
630,336,16,70
630,336,16,71
630,337,16,71
630,337,16,72
630,337,16,72
630,337,16,72
630,337,16,72
630,337,16,72
630,337,16,72
630,337,16,72
631,336,16,71
631,336,16,71
632,335,16,70
632,335,16,70
632,335,16,70
632,335,16,70
632,335,16,70
632,336,16,70
632,336,16,70
633,336,15,70
633,336,15,70
634,336,14,70
634,336,15,68
634,336,16,67
634,336,17,65
634,336,17,65
634,336,17,65
634,336,17,65
634,336,17,66
634,335,18,68
634,335,18,69
635,335,17,69
635,335,16,69
636,335,15,69
636,335,15,70
636,335,15,71
636,335,15,72
636,335,15,72
636,335,15,72
636,335,15,72
637,335,15,69
637,335,15,65
638,335,15,62
639,334,15,65
639,333,14,67
640,332,14,70
640,332,14,69
640,332,14,69
640,332,14,68
640,332,14,69
639,332,14,69
639,332,14,70
640,332,14,62
640,333,14,55
641,333,14,47
641,333,14,52
642,333,15,58
642,333,15,63
642,332,15,64
642,332,15,65
642,331,15,66
642,331,15,67
642,331,15,68
642,331,15,69
643,331,14,69
643,331,13,69
644,331,12,69
643,331,12,69
643,331,11,70
642,331,11,70
642,331,10,70
642,331,9,70
642,331,8,70
643,331,7,70
643,331,5,69
644,331,4,69
647,330,5,66
651,328,6,62
654,327,7,59
653,327,8,61
652,327,9,62
651,327,10,64
650,327,11,64
650,327,12,65
649,327,13,65
648,327,15,66
646,326,16,66
645,326,18,67
646,326,18,65
646,327,17,63
647,327,17,61
648,326,17,62
648,326,16,63
649,325,16,64
650,324,16,65
650,324,15,67
651,323,15,68
651,323,15,68
651,323,16,68
651,323,16,68
651,323,16,68
651,323,16,69
651,323,16,69
651,323,16,69
651,323,16,69
651,323,16,69
652,322,16,70
652,322,16,70
653,321,16,71
653,321,16,70
654,320,15,68
654,320,15,67
654,319,15,67
655,319,15,67
655,318,15,67
655,318,15,67
656,318,15,67
656,318,15,67
656,318,15,67
657,318,15,67
657,318,15,67
657,318,15,67
657,317,16,67
657,317,16,67
657,316,16,66
658,316,16,66
658,315,16,65
659,315,16,66
659,314,16,66
660,314,16,67
660,314,17,68
660,313,17,68
660,313,18,69
661,313,17,69
661,313,17,69
662,313,16,69
662,313,16,69
662,313,16,69
662,313,16,69
662,313,16,69
662,313,16,69
662,313,16,69
663,312,16,70
663,311,16,70
664,310,16,71
664,310,16,69
664,310,17,67
664,310,17,65
664,310,17,65
664,309,17,66
664,309,17,66
664,309,17,66
665,308,18,67
665,308,18,67
665,308,18,67
666,308,18,67
666,308,18,67
667,308,17,66
669,307,17,64
670,307,16,63
670,307,16,64
670,306,16,64
670,306,16,65
670,306,16,65
670,306,16,65
670,306,16,65
670,306,16,65
670,306,16,65
670,306,16,65
670,306,16,65
670,306,16,65
670,306,16,65
671,305,15,66
671,305,15,66
672,304,14,67
672,303,14,67
672,303,14,68
672,302,14,68
672,302,14,68
671,301,14,68
671,301,14,68
671,301,14,66
671,301,14,65
671,301,14,63
671,301,14,64
670,301,14,64
670,301,14,65
670,301,14,65
670,301,14,65
670,301,14,65
670,301,14,65
670,301,14,65
670,301,14,65
670,300,14,65
670,300,15,64
670,299,15,64
670,299,15,64
670,299,15,64
670,299,15,64
670,299,15,64
670,299,15,64
670,299,15,64
670,299,16,66
669,298,16,67
669,298,17,69
669,298,17,69
669,298,17,69
669,298,17,69
669,298,17,69
669,298,17,69
669,298,17,69
669,298,16,68
668,298,16,66
668,298,15,65
668,298,15,65
668,298,15,65
668,298,15,65
668,298,15,65
668,298,15,65
668,298,15,65
667,297,15,66
667,297,15,66
666,296,15,67
665,296,15,65
665,297,16,64
664,297,16,62
664,297,16,62
664,297,16,62
664,297,16,62
664,296,15,63
664,296,15,64
664,295,14,65
665,295,13,66
665,295,12,66
666,295,11,67
666,295,11,65
666,295,10,64
666,295,10,62
665,295,10,59
664,296,10,57
663,296,10,54
661,295,11,50
659,295,13,46
657,294,14,42
656,294,14,41
656,294,15,41
655,294,15,40
654,294,15,39
654,293,15,38
653,293,15,37
652,293,15,46
652,293,14,56
651,293,14,65
651,293,14,65
651,293,14,65
651,293,14,65
651,293,14,66
650,293,14,66
650,293,14,67
650,293,14,65
649,292,15,62
649,292,15,60
649,292,15,61
649,292,15,62
649,292,15,63
649,291,16,64
648,291,16,64
648,290,17,65
648,290,16,65
649,290,16,65
649,290,15,65
649,290,15,66
648,290,15,67
648,290,15,68
648,290,15,68
648,290,15,68
648,290,15,68
648,290,15,68
648,290,15,68
648,290,15,68
648,290,15,68
648,290,15,68
648,290,15,68
648,290,15,67
648,290,15,65
648,290,15,64
649,290,14,64
650,290,14,65
651,290,13,65
651,290,14,66
651,290,14,66
651,290,15,67
652,290,14,67
652,290,14,68
653,290,13,68
654,290,12,66
654,290,12,64
655,290,11,62
655,290,12,63
654,290,12,64
654,290,13,65
654,290,13,65
654,290,13,65
654,290,13,65
654,290,13,65
654,290,13,65
654,290,13,65
654,290,12,66
655,290,12,68
655,290,11,69
655,290,11,69
655,290,11,69
655,290,11,69
655,290,11,69
655,290,11,69
655,290,11,69
655,290,11,67
655,290,11,66
655,290,11,64
655,290,12,65
654,290,14,66
654,290,15,67
654,290,15,67
654,290,15,67
654,290,15,67
654,290,15,68
655,290,14,69
655,290,14,70
656,290,13,70
657,290,13,70
658,290,12,70
658,290,12,68
658,290,12,66
658,290,12,64
658,290,12,64
658,290,12,64
658,290,12,64
658,290,12,66
659,290,11,67
659,290,11,69
659,290,11,69
659,290,11,69
659,290,11,69
658,290,12,69
658,290,12,70
657,290,13,70
657,290,13,70
657,290,13,70
657,290,13,70
657,290,13,69
657,290,13,68
657,290,13,67
657,290,13,67
657,290,13,67
657,290,13,67
657,290,13,67
657,290,13,67
657,290,13,67
657,290,13,67
657,290,13,67
657,290,13,67
657,290,13,67
657,290,13,67
657,290,13,67
657,290,13,67
657,290,13,67
657,290,13,67
657,290,13,67
657,290,13,67
657,290,13,67
657,290,13,67
657,290,13,67
657,290,13,67
657,290,13,67
657,290,13,67
657,290,13,67
656,290,13,68
656,290,12,69
655,290,12,70
655,290,12,70
655,290,12,70
655,290,12,70
654,290,13,70
654,290,14,70
653,290,15,70
653,290,15,69
652,290,14,67
652,290,14,66
652,290,14,66
652,290,14,66
652,290,14,66
652,290,14,66
652,290,14,66
652,290,14,66
652,290,14,66
651,290,13,66
651,290,13,66
651,290,13,66
651,290,13,66
651,290,13,66
650,290,13,66
650,290,13,66
649,290,13,66
649,290,13,67
648,289,13,68
648,289,13,69
647,289,13,69
647,290,14,70
646,290,14,70
646,290,14,70
646,290,14,70
646,290,14,70
645,290,14,70
645,290,14,70
644,290,14,70
643,290,14,70
642,290,15,70
641,290,15,70
641,290,15,69
641,290,15,67
641,290,15,66
641,290,15,67
640,289,15,68
640,289,15,69
640,289,15,70
639,289,15,70
639,289,15,71
639,289,15,71
639,289,15,71
639,289,15,71
639,290,15,70
639,290,15,70
639,291,15,69
639,291,15,68
638,291,15,67
638,291,15,66
637,291,15,67
637,291,16,68
636,291,16,69
636,291,16,69
635,291,17,69
635,291,17,69
635,291,17,69
634,292,17,69
634,292,17,69
633,292,17,69
633,292,17,69
632,292,17,69
632,292,17,69
632,292,17,69
632,292,17,69
632,292,17,69
632,292,17,69
632,292,17,69
632,292,17,69
632,292,17,69
632,292,17,69
632,292,17,69
632,292,17,69
632,292,17,69
632,292,17,69
632,292,17,69
632,292,17,69
632,292,17,69
632,292,17,69
632,292,17,69
633,292,16,68
633,292,16,66
634,292,15,65
634,292,15,65
634,292,15,65
634,292,15,65
634,292,15,65
634,292,15,65
634,292,15,65
634,292,15,65
634,292,15,65
634,292,15,65
634,292,15,65
634,292,15,65
634,292,15,65
634,292,15,65
634,292,15,65
634,292,15,65
634,292,15,65
634,292,15,65
634,292,15,65
635,292,15,65
636,292,14,65
637,292,14,65
637,292,14,65
637,292,14,65
637,292,14,65
638,292,14,65
638,291,14,65
639,291,14,65
639,291,13,65
640,291,13,65
640,291,12,65
641,291,12,65
641,291,13,65
642,291,13,65
642,290,14,66
642,290,14,66
642,289,15,67
642,289,15,67
642,289,15,67
642,289,15,67
642,289,15,67
642,289,15,67
642,289,15,67
642,289,15,67
642,289,15,67
642,289,15,67
642,289,15,67
642,289,15,67
642,289,15,67
642,289,15,67
642,289,15,67
642,289,15,67
643,288,15,67
643,288,15,67
644,287,15,67
644,287,15,67
644,287,15,67
644,287,15,67
644,287,15,67
644,287,15,67
644,287,15,67
644,287,15,67
644,287,15,67
644,287,15,67
645,287,15,66
645,287,15,65
646,287,15,64
646,287,15,64
646,287,15,64
646,287,15,64
646,287,15,64
646,287,15,64
646,287,15,64
646,287,15,64
646,287,15,64
646,287,15,64
646,287,15,65
647,287,16,67
647,287,16,68
647,287,16,68
647,287,16,68
647,287,16,68
647,286,16,69
647,286,16,69
647,285,16,70
647,285,16,70
647,285,16,70
647,285,16,70
648,284,16,69
649,284,16,68
650,283,16,67
650,283,16,67
650,283,16,67
650,283,16,67
651,284,16,68
651,284,16,68
652,285,16,69
653,285,15,69
654,285,15,69
655,285,14,69
656,285,14,68
656,285,14,66
657,285,14,65
657,285,14,65
657,285,14,65
657,285,14,65
657,286,14,65
658,286,14,65
658,287,14,65
658,287,14,66
658,287,14,67
658,287,14,68
658,287,14,68
658,287,14,68
658,287,14,68
659,287,14,67
659,287,14,65
660,287,14,64
660,287,14,66
660,287,14,68
660,287,14,70
660,287,14,69
660,287,14,68
660,287,14,67
660,287,15,68
660,287,15,69
660,287,16,70
660,288,16,70
661,288,16,69
661,289,16,69
661,289,16,69
661,289,16,69
661,289,16,69
661,289,16,68
662,289,16,68
662,289,16,67
662,289,16,68
663,289,15,68
663,289,15,69
663,289,15,69
663,289,15,69
663,289,15,69
664,289,15,69
664,290,15,70
665,290,15,70
665,291,15,70
664,292,16,70
664,293,16,70
664,293,16,70
664,293,16,70
664,293,16,70
664,293,16,70
664,293,16,70
664,293,16,70
664,293,16,69
664,293,16,67
664,293,16,66
664,293,16,66
664,293,16,66
664,293,16,66
664,293,16,66
664,293,16,66
664,293,16,66
665,293,16,66
665,294,16,66
666,294,16,66
666,294,16,66
666,294,16,66
666,294,16,66
667,294,16,66
667,294,15,66
668,294,15,66
668,294,15,66
668,294,15,66
668,294,15,66
668,294,15,67
668,294,15,68
668,294,15,69
668,294,15,69
668,294,15,69
668,294,15,69
668,294,15,69
668,294,15,69
668,294,15,69
667,294,15,69
667,293,15,69
666,293,15,69
666,293,15,69
666,293,15,69
666,293,15,69
666,293,15,69
666,293,15,69
666,293,15,69
666,294,15,68
666,296,15,66
666,297,15,65
666,297,15,65
666,297,15,65
666,297,15,65
666,297,15,63
666,297,15,62
666,297,15,60
666,296,15,62
666,296,15,63
666,295,15,65
666,295,15,66
665,295,15,67
665,295,15,68
665,295,15,68
664,295,15,68
664,295,15,68
664,295,15,68
664,295,15,68
664,295,15,68
664,295,15,68
664,295,15,68
664,295,15,68
663,295,15,68
663,295,15,68
662,295,15,68
662,295,15,67
662,295,15,67
662,295,15,66
662,295,15,66
662,295,15,66
662,295,15,66
662,295,15,66
662,295,15,66
662,295,15,66
662,295,15,66
662,295,15,66
662,295,15,66
661,295,15,63
661,296,15,61
660,296,15,58
660,295,15,60
659,295,15,61
659,294,15,63
659,294,15,63
659,294,15,63
659,294,15,63
658,294,15,65
657,293,16,68
656,293,16,70
655,293,16,70
655,293,16,70
654,293,16,70
654,293,16,70
653,294,16,70
653,294,16,70
652,294,16,70
652,294,16,70
651,294,16,70
651,294,16,68
650,293,16,66
650,293,16,64
650,293,16,64
650,293,16,64
650,293,16,64
649,293,16,64
648,293,15,64
647,293,15,64
647,293,15,64
647,293,15,64
647,293,15,64
646,293,15,64
646,293,15,64
645,293,15,64
644,293,15,64
644,293,15,64
643,293,15,64
643,293,15,64
643,293,15,64
643,293,15,64
642,293,15,65
641,292,14,66
640,292,14,67
640,292,14,67
639,292,14,67
639,292,14,67
638,292,14,67
638,292,15,67
637,292,15,67
636,292,15,67
635,292,15,68
634,292,15,68
634,292,15,68
633,291,15,68
633,291,15,68
633,291,15,68
633,291,15,68
633,291,15,68
632,291,15,68
631,290,15,68
630,290,15,68
630,290,15,68
630,290,15,68
630,290,15,68
630,290,15,68
630,290,15,68
630,290,15,68
629,290,15,66
629,291,15,64
628,291,15,62
628,291,15,62
628,291,15,62
628,291,15,62
627,291,15,63
627,290,15,65
626,290,15,66
626,290,15,66
626,290,15,66
626,290,15,66
626,290,15,66
626,290,15,66
626,290,15,66
626,290,15,66
626,290,15,66
626,290,15,66
626,290,15,66
625,291,15,66
625,291,15,66
625,291,15,66
625,291,15,66
625,291,15,66
625,291,15,66
625,291,15,66
625,291,15,66
625,291,15,66
625,291,15,66
625,291,15,66
626,292,14,66
627,293,13,66
628,294,12,66
628,294,12,66
628,294,12,66
628,294,12,66
629,294,12,63
630,294,13,59
631,294,13,56
631,294,13,59
631,294,13,63
631,294,13,66
631,294,13,66
631,294,13,66
631,294,13,66
632,294,13,67
633,295,12,67
634,295,12,68
634,295,12,68
635,295,12,68
635,295,12,68
635,295,12,69
634,295,13,71
634,295,13,72
634,295,13,72
634,295,13,72
634,295,13,72
635,295,13,70
635,295,14,69
636,295,14,67
636,295,14,67
636,295,14,67
636,295,14,67
636,296,14,67
636,298,14,68
636,299,14,68
636,299,15,68
636,299,17,68
636,299,18,68
637,299,17,68
638,299,15,68
639,299,14,68
639,299,14,68
639,299,14,68
639,299,14,68
639,299,14,68
639,299,14,68
639,299,14,68
639,300,14,68
639,301,14,68
639,302,14,68
639,302,14,68
639,302,14,68
639,302,14,68
639,302,14,68
639,302,14,68
639,302,14,68
639,302,14,68
639,302,14,68
639,302,14,68
640,302,13,68
641,302,12,68
642,302,11,68
642,302,11,68
642,302,11,68
642,302,11,68
641,303,13,67
641,304,14,66
640,305,16,65
640,305,16,65
640,305,16,65
640,305,16,65
641,305,15,65
643,305,13,65
644,305,12,65
644,305,12,65
644,305,12,65
644,305,12,65
645,305,12,65
646,305,12,65
647,305,12,65
647,305,13,67
646,305,14,69
646,305,15,71
647,306,14,71
647,307,14,71
648,308,13,71
649,308,12,71
649,308,12,71
650,308,11,71
650,308,13,61
651,308,14,51
651,308,16,41
651,308,16,41
651,308,16,41
651,308,16,41
652,308,16,41
652,309,16,41
653,309,16,41
654,309,14,43
654,309,13,45
655,309,11,47
656,311,11,47
656,313,11,47
657,315,11,47
658,315,11,47
659,315,11,47
660,315,11,47
660,315,12,44
660,316,14,42
660,316,15,39
660,316,15,39
660,316,15,39
660,316,15,39
661,316,14,39
663,316,14,39
664,316,13,39
664,317,13,38
664,319,13,36
664,320,13,35
665,320,13,36
665,320,14,37
666,320,14,38
666,321,14,38
667,322,14,38
667,323,14,38
668,323,14,38
668,323,14,38
669,323,14,38
669,323,14,38
669,323,14,38
669,323,14,38
669,324,15,37
669,326,15,35
669,327,16,34
670,327,16,34
671,328,15,33
672,328,15,33
672,329,15,32
672,330,16,31
672,331,16,30
672,332,17,32
672,332,17,34
672,333,18,36
673,333,17,36
673,333,17,36
674,333,16,36
672,333,16,36
669,333,15,36
667,333,15,36
663,334,15,36
658,334,14,36
654,335,14,36
648,336,14,36
642,337,14,36
636,338,14,36
629,339,14,36
621,339,14,36
614,340,14,36
606,341,14,36
599,342,14,36
591,343,14,36
582,344,14,36
574,344,14,36
565,345,14,36
557,346,14,36
550,347,14,36
542,348,14,36
536,349,14,36
531,349,14,36
525,350,14,36
519,351,14,36
512,351,14,36
506,352,14,36
503,353,14,36
499,353,14,36
496,354,14,36
493,355,14,36
491,355,14,36
488,356,14,36
487,358,14,35
485,359,14,33
484,361,14,32
483,361,14,31
483,361,14,31
482,361,14,30
482,361,14,30
482,361,14,30
482,361,14,30
481,362,14,28
479,364,14,26
478,365,14,24
478,365,14,24
478,365,14,24
478,365,14,24
476,366,14,30
475,368,14,37
473,369,14,43
472,369,14,40
471,370,14,37
470,370,14,34
468,371,13,33
467,371,11,32
465,372,10,31
463,373,11,29
462,374,13,27
460,375,14,25
NaN,NaN,NaN,NaN
NaN,NaN,NaN,NaN
NaN,NaN,NaN,NaN
NaN,NaN,NaN,NaN
NaN,NaN,NaN,NaN
NaN,NaN,NaN,NaN
NaN,NaN,NaN,NaN
NaN,NaN,NaN,NaN
NaN,NaN,NaN,NaN
NaN,NaN,NaN,NaN
NaN,NaN,NaN,NaN
NaN,NaN,NaN,NaN
NaN,NaN,NaN,NaN
NaN,NaN,NaN,NaN
NaN,NaN,NaN,NaN
NaN,NaN,NaN,NaN
NaN,NaN,NaN,NaN
NaN,NaN,NaN,NaN
NaN,NaN,NaN,NaN
NaN,NaN,NaN,NaN
NaN,NaN,NaN,NaN
NaN,NaN,NaN,NaN
NaN,NaN,NaN,NaN
NaN,NaN,NaN,NaN
NaN,NaN,NaN,NaN
NaN,NaN,NaN,NaN
NaN,NaN,NaN,NaN
NaN,NaN,NaN,NaN
NaN,NaN,NaN,NaN
NaN,NaN,NaN,NaN
NaN,NaN,NaN,NaN
NaN,NaN,NaN,NaN
NaN,NaN,NaN,NaN
NaN,NaN,NaN,NaN
NaN,NaN,NaN,NaN
NaN,NaN,NaN,NaN
NaN,NaN,NaN,NaN
NaN,NaN,NaN,NaN
NaN,NaN,NaN,NaN
NaN,NaN,NaN,NaN
NaN,NaN,NaN,NaN
NaN,NaN,NaN,NaN
NaN,NaN,NaN,NaN
NaN,NaN,NaN,NaN
NaN,NaN,NaN,NaN
NaN,NaN,NaN,NaN
NaN,NaN,NaN,NaN
NaN,NaN,NaN,NaN
NaN,NaN,NaN,NaN
NaN,NaN,NaN,NaN
NaN,NaN,NaN,NaN
NaN,NaN,NaN,NaN
NaN,NaN,NaN,NaN
NaN,NaN,NaN,NaN
NaN,NaN,NaN,NaN
NaN,NaN,NaN,NaN
NaN,NaN,NaN,NaN
NaN,NaN,NaN,NaN
NaN,NaN,NaN,NaN
NaN,NaN,NaN,NaN
NaN,NaN,NaN,NaN
NaN,NaN,NaN,NaN
NaN,NaN,NaN,NaN
NaN,NaN,NaN,NaN
NaN,NaN,NaN,NaN
NaN,NaN,NaN,NaN
NaN,NaN,NaN,NaN
NaN,NaN,NaN,NaN
NaN,NaN,NaN,NaN
NaN,NaN,NaN,NaN
NaN,NaN,NaN,NaN
NaN,NaN,NaN,NaN
NaN,NaN,NaN,NaN
NaN,NaN,NaN,NaN
NaN,NaN,NaN,NaN
NaN,NaN,NaN,NaN
NaN,NaN,NaN,NaN
NaN,NaN,NaN,NaN
NaN,NaN,NaN,NaN
NaN,NaN,NaN,NaN
NaN,NaN,NaN,NaN
NaN,NaN,NaN,NaN
NaN,NaN,NaN,NaN
NaN,NaN,NaN,NaN
NaN,NaN,NaN,NaN
NaN,NaN,NaN,NaN
NaN,NaN,NaN,NaN
NaN,NaN,NaN,NaN
NaN,NaN,NaN,NaN
NaN,NaN,NaN,NaN
NaN,NaN,NaN,NaN
NaN,NaN,NaN,NaN
NaN,NaN,NaN,NaN
NaN,NaN,NaN,NaN
NaN,NaN,NaN,NaN
NaN,NaN,NaN,NaN
NaN,NaN,NaN,NaN
NaN,NaN,NaN,NaN
NaN,NaN,NaN,NaN
NaN,NaN,NaN,NaN
NaN,NaN,NaN,NaN
NaN,NaN,NaN,NaN
NaN,NaN,NaN,NaN
NaN,NaN,NaN,NaN
NaN,NaN,NaN,NaN
NaN,NaN,NaN,NaN
NaN,NaN,NaN,NaN
483,381,16,27
485,381,16,27
487,382,16,27
489,382,16,27
491,381,16,30
492,380,16,33
494,379,16,36
496,379,16,36
497,379,16,37
499,379,16,37
500,379,16,39
502,378,16,40
503,378,16,42
505,378,16,42
506,377,16,42
508,377,16,42
509,376,16,41
511,376,16,39
512,375,16,38
513,375,16,37
515,375,16,35
516,375,16,34
518,375,16,34
519,375,16,34
521,375,16,34
523,375,16,34
524,375,16,34
526,375,16,34
528,375,16,34
529,374,16,34
531,374,16,34
533,374,16,33
534,374,16,31
536,374,16,30
537,374,16,30
538,375,16,30
539,375,16,30
540,374,17,30
541,372,17,30
542,371,18,30
544,371,18,31
545,370,18,31
547,370,18,32
549,370,18,32
550,371,18,32
552,371,18,32
554,371,18,31
555,371,18,29
557,371,18,28
558,370,18,28
560,370,18,28
561,369,18,28
562,369,18,28
564,369,18,28
565,369,18,28
566,369,18,31
567,369,18,35
568,369,18,38
569,369,18,39
571,369,18,40
572,369,18,41
573,369,17,53
575,369,16,64
576,369,15,76
577,369,15,76
578,369,15,76
579,369,15,76
581,368,15,76
582,367,16,76
584,366,16,76
585,366,17,75
585,366,18,75
586,366,19,74
587,366,18,74
589,366,18,74
590,366,17,74
591,367,16,75
592,367,15,77
593,368,14,78
593,368,14,78
593,368,14,78
593,368,14,78
592,368,14,78
590,368,14,78
589,368,14,78
589,368,14,78
589,368,14,78
589,368,14,78
587,368,14,78
586,368,14,78
584,368,14,78
583,368,14,76
581,367,14,75
580,367,14,73
579,367,15,74
577,367,15,75
576,367,16,76
575,367,16,77
573,368,16,77
572,368,16,78
572,368,16,78
571,368,17,79
571,368,17,79
570,368,17,79
570,367,17,79
569,367,17,79
569,367,17,79
569,367,17,79
569,367,17,79
569,367,17,77
569,367,17,74
569,367,17,72
569,367,17,72
569,367,17,72
569,367,17,72
569,367,17,72
569,367,17,72
569,367,17,72
570,366,17,74
571,366,16,75
572,365,16,77
572,365,16,77
572,365,16,77
572,365,16,77
572,365,16,77
572,365,16,77
572,365,16,77
572,364,16,75
573,363,16,74
573,362,16,72
573,362,16,72
573,362,16,72
573,362,16,72
573,362,16,72
573,362,16,72
573,362,16,72
574,362,16,72
575,362,16,72
576,362,16,72
576,362,16,72
576,362,16,72
576,362,16,72
576,361,17,74
576,360,17,75
576,359,18,77
576,359,18,76
576,359,18,74
576,359,18,73
576,359,18,73
576,359,18,73
576,359,18,73
576,359,18,73
576,359,18,73
576,359,18,73
575,359,19,74
574,359,19,74
573,359,20,75
573,359,20,75
573,359,20,75
573,359,20,75
573,359,20,75
573,359,20,75
573,359,20,75
573,358,20,75
572,357,20,75
572,356,20,75
572,356,20,75
572,356,20,75
572,356,20,75
572,356,20,75
572,356,20,75
572,356,20,75
572,356,20,76
572,356,20,78
572,356,20,79
572,357,20,79
572,358,20,79
572,359,20,79
572,359,20,79
572,359,20,79
572,359,20,79
573,359,20,77
575,359,19,76
576,359,19,74
576,359,19,74
576,359,19,74
576,359,19,74
576,359,19,72
576,359,19,69
576,359,19,67
576,359,19,67
576,359,19,67
576,359,19,67
576,359,19,67
576,359,19,67
576,359,19,67
576,360,20,61
576,362,20,54
576,363,21,48
576,363,21,48
576,363,21,48
576,363,21,48
576,363,21,48
576,363,21,48
576,363,21,48
576,363,21,48
576,363,21,48
576,363,21,48
576,363,21,48
576,363,21,48
576,363,21,48
576,364,22,46
576,366,23,45
576,367,24,43
576,367,24,43
576,367,24,43
576,367,24,43
577,367,24,43
579,368,24,43
580,368,24,43
580,368,24,43
580,368,24,43
580,368,24,43
581,368,23,43
583,368,23,43
584,368,22,43
584,368,22,43
584,368,22,43
584,368,22,43
584,368,22,43
584,368,22,43
584,368,22,43
584,369,22,45
585,370,22,46
585,371,22,48
585,371,22,48
585,371,22,48
585,371,22,48
585,371,22,48
585,371,22,48
585,371,22,48
585,371,22,48
585,371,22,48
585,371,22,48
586,371,21,58
588,371,21,67
589,371,20,77
589,371,20,78
589,371,20,80
589,371,20,81
589,371,20,81
589,371,20,81
589,371,20,81
589,372,21,79
589,372,21,76
589,373,22,74
589,373,22,74
589,373,22,74
589,373,22,74
589,373,22,74
589,373,22,74
589,373,22,74
591,374,21,75
593,374,20,77
595,375,19,78
595,375,19,78
595,375,19,78
595,375,19,78
595,375,19,78
595,375,19,78
595,375,19,78
595,375,19,78
595,375,19,78
595,375,19,78
595,375,19,78
595,375,19,78
595,375,19,78
596,376,18,77
598,376,16,77
599,377,15,76
599,377,15,76
599,377,15,76
599,377,15,76
599,378,15,77
600,380,15,78
600,381,15,79
601,382,16,78
601,382,16,78
602,383,17,77
602,387,17,73
602,392,17,69
602,396,17,65
603,400,17,60
603,404,17,55
604,408,17,50
606,408,17,50
608,407,17,51
610,407,17,51
610,412,17,47
610,418,17,42
610,423,17,38
612,423,15,39
613,423,14,41
615,423,12,42
615,428,12,37
615,433,12,32
615,438,12,27
615,438,12,27
615,438,12,27
615,438,12,27
616,440,11,25
616,442,10,23
617,444,9,21
NaN,NaN,NaN,NaN
NaN,NaN,NaN,NaN
NaN,NaN,NaN,NaN
NaN,NaN,NaN,NaN
NaN,NaN,NaN,NaN
NaN,NaN,NaN,NaN
NaN,NaN,NaN,NaN
NaN,NaN,NaN,NaN
623,404,9,44
623,404,8,46
623,404,7,47
623,404,6,49
623,404,6,49
623,404,6,49
623,404,6,49
623,404,6,49
623,404,6,49
623,404,6,49
621,404,8,52
620,404,9,56
618,404,11,59
618,404,11,60
618,404,10,60
618,404,10,61
618,403,10,64
619,402,10,66
619,401,10,69
618,404,10,67
618,408,10,65
617,411,10,63
617,411,10,63
617,411,10,63
617,411,10,63
616,415,10,59
616,418,10,55
615,422,10,51
615,422,10,49
615,422,10,48
615,422,10,46
614,425,10,44
614,428,10,42
613,431,10,40
NaN,NaN,NaN,NaN
NaN,NaN,NaN,NaN
NaN,NaN,NaN,NaN
NaN,NaN,NaN,NaN
NaN,NaN,NaN,NaN
NaN,NaN,NaN,NaN
NaN,NaN,NaN,NaN
NaN,NaN,NaN,NaN
NaN,NaN,NaN,NaN
NaN,NaN,NaN,NaN
NaN,NaN,NaN,NaN
NaN,NaN,NaN,NaN
NaN,NaN,NaN,NaN
NaN,NaN,NaN,NaN
NaN,NaN,NaN,NaN
NaN,NaN,NaN,NaN
NaN,NaN,NaN,NaN
NaN,NaN,NaN,NaN
NaN,NaN,NaN,NaN
NaN,NaN,NaN,NaN
NaN,NaN,NaN,NaN
NaN,NaN,NaN,NaN
NaN,NaN,NaN,NaN
NaN,NaN,NaN,NaN
NaN,NaN,NaN,NaN
NaN,NaN,NaN,NaN
NaN,NaN,NaN,NaN
NaN,NaN,NaN,NaN
NaN,NaN,NaN,NaN
NaN,NaN,NaN,NaN
NaN,NaN,NaN,NaN
NaN,NaN,NaN,NaN
603,392,21,28
602,393,21,27
602,395,21,26
601,396,21,25
601,396,21,30
601,396,21,35
601,396,21,40
602,396,20,40
603,396,19,40
604,396,18,40
604,396,19,43
604,396,20,47
604,396,21,50
605,396,20,54
607,396,19,57
608,396,18,61
608,396,19,62
608,396,20,64
608,396,21,65
608,396,21,65
608,396,21,65
608,396,21,65
609,396,20,68
609,396,19,72
610,396,18,75
610,396,18,75
610,396,18,75
610,396,18,75
610,396,18,75
610,396,18,75
610,396,18,75
610,396,18,78
611,396,19,80
611,396,19,83
611,396,19,83
611,396,19,83
611,396,19,83
611,395,19,81
612,394,19,79
612,393,19,77
613,393,18,78
613,393,18,79
614,393,17,80
614,393,17,80
614,393,17,80
614,393,17,80
614,393,17,80
614,393,17,80
614,393,17,80
615,393,19,80
615,393,20,80
616,393,22,80
616,393,22,79
616,393,22,79
616,393,22,78
617,392,22,78
617,392,21,78
618,391,21,78
619,391,20,78
621,391,18,78
622,391,17,78
622,391,17,79
622,391,17,80
622,391,17,81
622,391,17,81
622,391,17,81
622,391,17,81
623,391,17,81
623,391,17,81
624,391,17,81
624,391,17,81
625,390,17,81
625,390,17,81
625,390,17,79
626,390,17,78
626,390,17,76
626,390,18,77
626,390,18,78
626,390,19,79
627,390,19,79
627,391,19,79
628,391,19,79
628,391,19,79
629,392,19,79
629,392,19,79
629,392,19,79
630,392,19,79
630,392,19,79
631,392,20,79
631,392,22,79
632,392,23,79
633,392,22,78
634,392,22,78
635,392,21,77
635,392,21,78
636,392,20,80
636,392,20,81
637,392,20,82
637,392,20,82
638,392,20,83
638,392,20,83
638,392,20,83
638,392,20,83
639,393,20,83
639,393,20,83
640,394,20,83
641,394,20,83
642,395,20,83
643,395,20,83
643,395,20,81
643,395,20,78
643,395,20,76
644,395,20,77
645,395,20,78
646,395,20,79
646,395,20,80
647,395,20,81
647,395,20,82
648,396,20,82
649,396,20,82
650,397,20,82
650,397,21,82
651,397,21,82
651,397,22,82
652,397,22,82
653,397,22,82
654,397,22,82
655,397,22,80
657,398,22,79
658,398,22,77
659,398,22,77
661,398,22,77
662,398,22,77
663,398,21,79
663,398,21,80
664,398,20,82
665,398,20,82
665,398,20,82
666,398,20,82
667,399,20,82
668,399,20,82
669,400,20,82
669,400,20,82
670,400,20,82
670,400,20,82
671,400,20,80
673,399,20,79
674,399,20,77
674,399,20,77
674,399,20,77
674,399,20,77
676,399,20,78
677,400,20,80
679,400,20,81
680,400,20,81
680,400,20,81
681,400,20,81
682,400,21,82
683,400,23,83
684,400,24,84
685,400,24,83
685,400,24,81
686,400,24,80
688,400,23,80
689,401,23,80
691,401,22,80
692,401,22,80
692,401,22,80
693,401,22,80
694,401,22,81
696,401,23,82
697,401,23,83
698,401,23,83
699,402,23,83
700,402,23,83
701,402,23,83
701,402,23,84
702,402,23,84
703,402,22,84
704,402,21,84
705,402,20,84
706,402,20,82
708,401,20,79
709,401,20,77
709,401,20,77
709,401,20,77
709,401,20,77
709,402,20,79
709,402,20,80
709,403,20,82
708,403,20,82
707,404,20,82
706,404,20,82
704,404,20,82
703,403,20,82
701,403,20,82
699,404,20,79
697,404,20,77
695,405,20,74
692,405,20,74
688,406,20,74
685,406,20,74
682,406,20,76
680,406,19,79
677,406,19,81
673,406,19,81
670,406,19,81
666,406,19,81
664,407,19,82
662,407,19,82
660,408,19,83
658,408,19,83
656,408,19,83
654,408,19,83
654,408,19,83
654,408,19,83
654,408,19,83
654,408,19,81
653,408,20,80
653,408,20,78
654,409,20,78
654,409,20,78
655,410,20,78
657,410,20,79
658,411,20,80
660,411,20,81
661,412,20,81
662,413,20,81
663,414,20,81
665,414,20,81
667,414,20,81
669,414,20,81
670,414,20,81
672,415,20,81
673,415,20,81
675,415,20,81
676,415,20,81
678,415,20,81
679,415,20,81
680,416,20,81
681,416,20,81
682,417,20,82
684,418,20,83
685,419,20,84
686,420,20,84
688,420,20,85
689,421,20,85
690,421,20,85
691,420,20,85
692,420,20,85
694,420,20,85
695,419,20,85
697,419,20,85
698,419,20,83
700,419,20,82
701,419,20,80
702,419,20,80
702,420,20,80
703,420,20,80
703,420,21,81
703,420,21,82
703,420,22,83
703,420,22,83
702,421,21,84
702,421,21,84
702,421,21,84
702,421,21,84
702,421,21,84
701,421,21,83
700,421,21,81
699,421,21,80
699,420,21,80
698,419,21,80
698,418,21,80
697,418,21,80
695,419,21,80
694,419,21,80
693,419,21,81
693,418,21,83
692,418,21,84
691,418,21,84
690,417,21,84
689,417,21,84
689,417,21,84
688,416,21,84
688,416,21,84
688,415,21,83
687,414,21,82
687,413,21,81
686,413,21,79
686,413,21,78
685,413,21,76
685,412,21,78
685,411,21,79
685,410,21,81
685,410,21,81
685,410,21,81
685,410,21,81
686,410,21,81
686,410,21,82
687,410,21,82
688,410,21,82
688,409,21,81
689,409,21,81
689,408,21,80
689,407,21,79
689,406,21,78
690,406,21,78
690,406,21,78
691,406,21,78
691,406,21,78
691,406,21,78
691,406,21,78
691,406,21,79
692,406,21,81
692,406,21,82
692,405,21,83
692,404,21,84
692,403,21,85
692,402,21,85
692,401,21,85
692,400,21,85
692,400,21,83
692,400,21,80
692,400,21,78
692,400,21,78
692,400,21,78
692,400,21,78
692,400,21,78
692,400,21,78
692,400,21,78
692,400,21,78
692,400,21,78
692,400,21,78
692,399,21,79
692,398,21,81
692,397,21,82
692,397,21,82
692,397,21,82
692,397,21,82
692,396,21,80
692,395,21,78
692,394,21,76
692,394,21,77
692,394,21,77
692,394,21,78
692,394,21,78
692,394,21,78
692,394,21,78
692,394,21,80
692,394,21,81
692,394,21,83
692,394,21,83
692,394,21,83
692,394,21,83
692,393,21,82
692,393,21,82
692,392,21,81
692,391,21,79
692,390,21,78
692,389,21,76
692,389,21,77
692,389,21,77
692,389,21,78
692,389,21,79
692,389,21,79
692,389,21,80
692,389,21,81
692,389,21,81
692,389,21,82
693,390,21,81
693,390,21,79
694,391,21,78
695,391,20,76
697,391,19,74
698,391,18,72
699,391,17,73
699,390,16,73
700,390,15,74
701,390,15,75
702,390,16,75
703,390,16,76
703,390,16,76
703,390,16,76
703,390,16,76
704,390,16,77
705,390,15,79
706,390,15,80
706,390,15,80
707,390,14,80
707,390,14,80
708,389,15,81
708,388,15,81
709,387,16,82
709,387,17,81
709,387,17,79
709,387,18,78
709,387,18,78
709,387,18,78
709,387,18,78
709,387,18,79
709,388,18,79
709,388,18,80
709,388,18,80
709,388,18,80
709,388,18,80
709,389,18,75
709,389,17,70
709,390,17,65
707,390,19,57
705,390,20,49
703,390,22,41
701,390,22,41
698,389,22,41
696,389,22,41
694,389,22,41
692,389,22,40
690,389,22,40
689,389,21,41
687,389,21,42
686,389,20,43
683,389,20,43
681,389,20,43
678,389,20,43
676,389,20,43
674,389,20,43
672,389,20,43
671,389,20,45
669,389,19,47
668,389,19,49
667,389,19,50
665,388,19,50
664,388,19,51
663,388,19,52
663,388,20,54
662,388,20,55
661,388,20,56
661,388,21,56
660,388,21,57
660,389,21,56
660,389,21,56
660,390,21,55
661,390,20,58
661,390,20,60
662,390,19,63
662,390,20,64
662,389,21,66
662,389,22,67
663,389,22,68
663,389,22,70
664,389,22,71
665,389,21,73
666,389,20,75
667,389,19,77
668,389,19,78
668,389,19,79
669,389,19,80
669,389,19,80
669,389,19,80
669,389,19,80
669,388,19,81
669,388,19,83
669,387,19,84
669,387,19,81
668,388,19,79
668,388,19,76
667,387,19,76
667,387,19,76
666,386,19,76
665,386,19,76
664,386,19,76
663,386,19,76
662,386,19,78
661,386,19,79
660,386,19,81
659,386,19,81
657,386,19,81
656,386,19,81
656,386,19,78
655,386,20,74
655,386,20,71
654,386,20,72
653,385,19,74
652,385,19,75
652,385,18,76
652,385,17,77
652,385,16,78
651,385,17,79
651,385,17,79
650,385,18,80
649,385,19,80
649,385,19,81
648,385,20,81
648,384,20,82
648,383,19,84
648,382,19,85
648,382,19,84
648,382,19,82
648,382,19,81
648,382,19,80
648,382,19,78
648,382,19,77
648,382,19,77
648,382,19,77
648,382,19,77
648,382,19,77
648,382,19,77
648,382,19,77
647,382,19,78
647,382,20,80
646,382,20,81
646,382,20,81
645,381,20,81
645,381,20,81
645,381,20,81
644,380,20,81
644,380,20,81
644,380,20,80
644,380,20,78
644,380,20,77
644,380,20,78
644,380,20,78
644,380,20,79
644,380,20,79
644,380,20,80
644,380,20,80
644,380,20,80
644,380,20,80
644,380,20,80
643,380,20,81
643,380,20,82
642,380,20,83
642,380,20,83
641,380,20,83
641,380,20,83
640,380,20,81
640,380,20,78
639,380,20,76
638,380,21,76
638,380,21,76
637,380,22,76
637,380,21,77
636,380,21,78
636,380,20,79
636,380,20,80
635,380,19,81
635,380,19,82
635,380,19,82
636,380,19,82
636,380,19,82
636,380,19,82
636,380,19,81
636,380,19,81
637,380,19,79
637,380,19,78
638,380,19,76
638,380,19,77
639,381,19,77
639,381,19,78
639,381,19,79
639,381,19,80
639,381,19,81
640,381,19,81
641,382,19,81
642,382,19,81
643,382,19,81
643,383,19,80
644,383,19,80
644,383,19,80
644,383,19,80
644,383,19,80
645,383,19,79
646,383,19,77
647,383,19,76
648,382,19,76
649,382,19,76
650,381,19,76
650,381,19,76
651,381,20,76
651,381,20,76
653,382,19,73
655,382,19,70
657,383,18,67
658,383,18,68
659,383,18,68
660,383,18,69
662,383,18,70
664,382,18,71
666,382,18,72
666,382,18,73
667,382,18,74
667,382,18,75
668,382,18,76
670,382,18,77
671,382,18,78
672,382,18,78
673,383,18,78
674,383,18,78
674,382,18,79
674,381,18,81
674,380,18,82
675,380,17,82
675,380,17,82
676,380,16,82
676,380,16,81
676,380,16,81
676,380,16,80
676,380,16,79
677,380,16,79
677,380,16,78
677,380,16,78
677,380,16,78
677,380,16,78
677,380,16,78
677,380,16,78
677,380,16,78
677,380,16,78
677,380,16,78
677,380,16,78
677,380,17,77
677,380,18,76
677,380,19,75
677,380,19,75
677,380,19,76
677,380,19,76
677,380,19,77
676,380,19,77
676,380,19,78
676,380,19,79
676,380,19,79
676,380,19,80
676,380,19,81
675,380,19,82
675,380,19,83
675,380,19,83
675,380,19,83
675,380,19,83
674,380,19,84
674,379,18,84
673,379,18,85
673,379,18,85
673,379,18,85
673,379,18,85
671,378,18,83
670,378,18,81
668,377,18,79
667,377,18,79
667,377,18,79
666,377,18,79
665,377,18,80
664,376,19,80
663,376,19,81
662,376,19,81
661,376,18,82
660,376,18,82
659,376,18,82
658,376,18,82
657,376,18,82
656,376,18,81
655,376,19,81
654,376,19,80
653,375,19,80
652,375,19,80
651,374,19,80
650,374,19,80
649,374,19,80
648,374,19,80
647,374,19,81
646,374,19,81
645,374,19,82
644,374,19,83
642,375,19,83
641,375,19,84
640,375,19,84
638,375,19,84
637,375,19,84
636,375,19,84
634,375,19,84
633,375,19,84
631,375,19,82
630,374,19,80
628,374,19,78
627,374,19,78
626,374,19,78
625,374,19,78
624,374,19,79
622,375,19,80
621,375,19,81
620,375,19,81
619,376,19,81
618,376,19,81
617,376,19,81
616,377,19,82
615,377,19,82
613,377,19,81
612,376,19,81
610,376,19,80
609,376,19,79
608,376,19,77
607,376,19,76
607,376,19,76
607,376,19,76
607,376,19,76
604,379,19,74
601,383,19,71
598,386,19,69
598,386,18,69
598,386,17,69
598,386,16,69
595,386,21,70
593,387,25,70
590,387,30,71
588,387,30,71
586,388,31,71
584,388,31,71
581,391,32,67
578,394,34,64
575,397,35,60
572,399,37,60
570,400,38,59
567,402,40,59
565,404,40,57
562,407,40,55
560,409,40,53
558,411,40,53
555,412,40,53
553,414,40,53
552,415,40,53
551,415,39,52
550,416,39,52
548,417,38,52
547,417,37,53
545,418,36,53
545,418,34,53
544,418,33,53
544,418,31,53
542,418,31,55
540,418,31,57
538,418,31,59
537,419,31,59
536,419,32,60
535,420,32,60
533,420,32,60
531,421,33,61
529,421,33,61
528,421,33,62
526,422,34,62
525,422,34,63
524,423,34,63
523,423,33,63
522,424,33,63
521,424,32,63
519,425,32,63
518,425,31,63
517,426,32,63
516,427,32,64
515,428,33,64
514,429,33,64
513,430,34,64
512,431,34,64
511,432,34,64
510,433,34,63
509,434,34,63
509,435,34,63
509,435,34,64
509,436,34,64
508,437,35,65
508,438,35,65
507,439,36,66
508,440,35,65
508,440,35,64
509,441,34,63
509,442,35,64
510,442,35,64
510,443,36,65
511,444,35,65
513,444,34,65
514,445,33,65
514,445,33,65
515,446,34,66
515,446,34,66
516,447,34,65
516,447,35,65
517,448,35,64
517,449,35,64
518,449,36,64
518,450,36,64
519,450,36,65
520,450,35,66
521,450,35,67
522,451,34,66
522,451,33,66
523,452,32,65
523,452,32,65
523,452,32,65
523,452,32,65
524,453,33,65
524,453,34,64
525,454,35,64
526,454,35,64
527,455,35,65
528,455,35,65
528,455,35,65
528,455,36,65
528,455,36,65
528,455,36,65
528,455,36,65
528,455,36,65
529,455,36,65
531,455,36,64
532,455,36,64
532,455,36,64
532,455,36,64
532,455,36,64
533,455,36,64
534,454,36,64
535,454,36,64
536,454,36,64
536,455,36,64
537,455,36,64
537,455,36,64
537,455,36,64
537,455,36,64
538,455,36,64
538,455,37,64
539,455,37,64
540,455,36,64
542,455,34,64
543,455,33,64
543,455,33,64
543,455,33,64
543,455,33,64
544,455,33,64
546,455,34,64
547,455,34,64
547,455,34,64
547,455,34,64
547,455,34,64
548,455,34,63
549,456,34,61
550,456,34,60
550,456,34,60
550,456,34,60
550,456,34,60
549,457,35,59
549,458,35,59
548,459,36,58
548,459,36,58
548,459,36,58
548,459,36,58
547,459,37,57
546,459,39,57
545,459,40,56
545,459,40,56
545,459,40,56
545,459,40,56
544,458,40,56
544,458,41,56
543,457,41,56
543,456,41,57
543,454,41,59
543,453,41,60
543,451,41,62
543,450,42,63
543,448,42,65
544,446,42,66
544,444,41,66
545,442,41,67
546,440,40,69
548,438,38,72
549,436,37,74
550,434,36,76
550,432,34,77
551,430,33,79
552,428,32,81
554,426,30,82
555,424,29,84
555,423,28,84
556,422,26,85
556,421,25,85
557,420,24,85
558,419,22,85
559,418,21,85
559,417,21,85
560,417,21,85
560,416,21,85
559,415,21,85
559,415,20,85
558,414,20,85
557,413,21,85
555,413,23,84
554,412,24,84
553,412,24,84
551,412,23,84
550,412,23,84
548,411,23,84
545,411,23,84
543,410,23,84
541,410,23,84
540,409,23,84
538,409,23,84
536,408,23,83
533,408,22,82
531,407,22,81
529,406,22,81
526,406,22,81
524,405,22,81
523,405,22,82
521,404,22,83
520,404,22,84
518,404,22,84
517,403,22,84
515,403,22,84
514,402,22,85
512,402,22,86
511,401,22,87
510,401,22,87
510,400,22,87
509,400,22,87
509,399,22,88
509,398,22,88
509,397,22,89
510,396,21,89
512,395,19,88
513,394,18,88
514,393,18,87
514,393,18,86
515,392,18,85
515,392,18,83
516,392,18,82
516,392,18,80
517,391,18,81
517,390,18,82
518,389,18,83
519,389,18,83
519,388,18,83
520,388,18,83
521,387,18,83
522,387,18,83
523,386,18,83
524,385,18,84
524,385,18,84
525,384,18,85
526,384,18,85
528,383,18,85
529,383,18,85
529,383,18,82
530,383,18,79
530,383,18,76
531,382,18,77
532,380,18,78
533,379,18,79
533,379,18,79
534,380,18,79
534,380,18,79
535,379,18,80
535,378,18,82
536,377,18,83
537,377,18,84
537,377,18,84
538,377,18,85
539,377,18,85
539,376,18,85
540,376,18,85
541,375,18,85
542,375,18,85
543,374,18,85
543,374,18,83
544,374,18,82
544,374,18,80
545,374,18,80
546,374,18,80
547,374,18,80
548,374,18,80
549,374,18,80
550,374,18,80
551,374,18,80
551,374,19,80
552,374,19,80
553,374,19,81
554,374,20,81
555,374,20,82
556,374,20,82
557,374,20,81
558,374,20,81
559,374,20,80
560,373,20,79
561,373,20,78
562,373,20,78
562,374,20,79
563,374,20,79
564,374,20,80
565,374,20,80
566,374,20,81
567,374,20,82
567,374,20,83
568,374,20,84
569,374,20,84
569,375,20,85
570,375,20,85
571,375,20,85
571,374,20,85
572,374,20,85
572,374,20,85
572,374,20,85
572,374,20,85
574,374,20,84
576,374,20,82
578,374,20,81
578,374,20,81
579,374,20,81
579,374,20,81
580,374,20,81
581,374,20,81
582,374,20,81
583,374,20,82
583,375,20,83
584,375,20,84
584,375,20,84
585,376,20,84
585,376,20,84
586,376,20,84
588,376,20,84
589,376,20,84
590,376,20,83
591,376,20,82
592,376,20,81
592,376,20,81
592,376,20,81
592,376,20,81
593,376,20,81
594,376,20,81
595,376,20,81
596,376,19,82
597,376,19,82
598,376,18,83
599,376,18,84
600,377,17,85
601,377,17,86
601,377,17,86
601,377,17,86
601,377,17,86
602,377,17,86
602,378,17,86
603,378,17,86
603,377,17,86
604,377,17,86
604,376,17,86
605,376,17,84
605,377,17,83
606,377,17,81
607,377,17,81
607,377,17,81
608,377,17,81
608,377,17,82
609,377,17,83
609,377,17,84
610,377,17,84
611,377,17,85
612,377,17,85
613,377,18,71
614,378,18,57
615,378,19,43
616,378,19,43
616,378,20,43
617,378,20,43
618,378,20,46
619,377,20,48
620,377,20,51
621,377,19,53
623,376,17,55
624,376,16,57
625,376,16,60
626,376,16,64
627,376,16,67
628,376,16,68
628,376,16,69
629,376,16,70
630,376,16,71
631,375,16,73
632,375,16,74
633,374,16,75
635,374,16,77
636,373,16,78
637,373,16,78
638,372,16,78
639,372,16,78
640,372,16,78
641,372,17,78
642,372,17,78
643,372,17,78
644,372,18,78
645,372,18,78
646,372,19,78
646,372,19,78
647,372,20,78
648,372,21,78
649,372,21,78
650,372,22,78
652,372,21,78
655,372,21,78
657,372,20,78
657,371,20,78
658,371,21,78
658,370,21,78
659,370,22,78
659,370,22,78
660,370,23,78
662,370,22,79
664,370,20,80
666,370,19,81
667,370,19,81
668,370,19,82
669,370,19,82
669,370,20,82
669,370,20,82
669,370,21,82
670,369,21,83
672,369,20,83
673,368,20,84
675,368,20,84
676,367,20,84
678,367,20,84
678,367,20,84
678,367,20,84
678,367,20,84
680,367,20,84
681,366,20,84
683,366,20,84
684,366,20,84
686,366,20,84
687,366,20,84
687,366,20,84
687,366,20,84
687,366,20,84
690,366,20,81
692,367,20,77
695,367,20,74
696,367,20,75
698,367,20,76
699,367,20,77
700,367,20,77
701,367,20,77
702,367,20,77
702,367,20,77
702,367,20,77
702,367,20,77
704,367,20,79
705,367,20,81
707,367,20,83
708,367,20,83
709,367,20,84
710,367,20,84
711,367,20,85
711,366,20,86
712,366,20,87
713,366,20,87
715,366,20,87
716,366,20,87
717,366,20,85
719,365,20,84
720,365,20,82
721,365,20,82
722,364,20,82
723,364,20,82
724,365,20,81
724,366,20,81
725,367,20,80
726,367,20,80
728,366,20,80
729,366,20,80
731,366,20,80
732,366,20,80
734,366,20,80
735,366,20,80
737,366,20,80
738,366,20,80
739,366,20,80
741,366,21,80
742,366,21,80
743,366,21,80
744,367,21,80
745,367,21,80
746,367,21,81
747,367,21,82
748,367,21,83
749,367,21,83
750,367,21,83
751,367,21,83
752,367,21,84
752,367,21,84
753,367,21,85
754,367,21,85
756,367,21,85
757,367,21,85
758,367,21,84
760,367,21,84
761,367,21,83
762,367,21,82
763,367,20,82
764,367,20,81
764,367,20,81
764,367,20,81
764,367,20,81
763,367,20,81
761,367,20,81
760,367,20,81
758,367,20,78
755,367,20,75
753,367,20,72
749,367,20,72
744,367,21,72
740,367,21,72
735,366,21,74
729,366,22,75
724,365,22,77
718,365,21,77
713,364,21,77
707,364,20,77
702,364,19,78
696,363,19,79
691,363,18,80
686,363,18,81
680,362,18,82
675,362,18,83
672,362,18,83
668,363,18,84
665,363,18,84
663,363,18,84
660,362,18,84
658,362,18,84
657,361,19,85
656,361,19,85
655,360,20,86
656,360,20,84
656,360,20,83
657,360,20,81
658,360,20,81
659,359,20,81
660,359,20,81
662,359,20,81
663,360,20,81
665,360,20,81
667,360,20,81
668,360,21,81
670,360,21,81
672,360,21,79
673,360,21,78
675,360,21,76
677,360,21,77
678,359,21,77
680,359,21,78
681,360,21,78
682,360,21,78
683,361,21,78
685,361,21,79
686,360,21,81
688,360,21,82
689,360,21,82
691,361,21,82
692,361,21,82
694,360,21,83
696,360,21,84
698,359,21,85
699,358,21,86
701,358,21,86
702,357,21,87
704,357,21,87
706,357,21,87
708,357,21,87
710,357,21,85
712,356,21,83
714,356,21,81
715,356,21,81
717,356,21,81
718,356,21,81
720,356,21,81
722,356,21,81
724,356,21,81
725,355,21,81
727,355,21,81
728,354,21,81
729,354,21,79
729,353,21,78
730,353,21,76
730,353,21,76
730,353,21,76
730,353,21,76
728,353,21,76
727,353,21,76
725,353,21,76
723,352,21,77
722,352,21,79
720,351,21,80
718,350,21,81
715,350,21,82
713,349,21,83
711,349,21,83
708,349,20,84
706,349,20,84
702,348,20,84
699,348,20,84
695,347,20,84
692,346,20,84
689,346,20,84
686,345,20,84
683,344,20,82
679,344,20,81
676,343,20,79
672,342,20,79
669,342,20,79
665,341,20,79
662,341,20,79
659,340,20,79
656,340,20,79
653,339,20,80
650,339,20,80
647,338,20,81
645,338,20,81
643,337,20,81
641,337,20,81
639,337,20,80
637,336,20,80
635,336,20,79
633,335,20,79
631,334,20,79
629,333,20,79
628,333,20,79
626,332,20,79
625,332,20,79
624,332,20,79
622,331,20,79
621,331,20,79
620,331,18,79
620,330,17,79
619,330,15,79
618,330,15,79
617,330,15,79
616,330,15,79
614,330,15,79
612,329,15,79
610,329,15,79
609,328,15,79
607,327,15,79
606,326,15,79
605,325,15,79
604,325,15,79
603,324,15,79
601,324,15,79
600,325,15,79
598,325,15,79
597,325,15,79
595,326,15,79
594,326,15,79
593,326,16,76
591,326,18,74
590,326,19,71
588,325,20,72
587,325,21,73
585,324,22,74
583,324,22,74
582,324,22,74
580,324,22,74
579,323,21,75
579,323,19,77
578,322,18,78
577,322,18,79
576,322,18,80
575,322,18,81
574,322,18,81
573,323,18,81
572,323,18,81
572,323,18,81
571,323,17,81
571,323,17,81
571,323,17,81
571,323,17,81
571,323,17,81
572,323,17,79
572,323,17,78
573,323,17,76
574,323,17,76
576,323,17,76
577,323,17,76
579,323,17,77
580,323,18,77
582,323,18,78
584,323,18,78
585,324,18,78
587,324,18,78
589,324,18,78
591,324,18,78
593,324,18,78
595,324,18,78
597,324,18,78
599,324,18,78
600,324,18,77
602,324,18,77
603,324,18,76
605,324,18,76
607,324,18,76
609,324,18,76
611,324,17,77
612,324,17,79
614,324,16,80
615,324,16,81
615,324,17,82
616,324,17,83
616,324,17,83
616,324,17,83
616,324,17,83
617,324,17,83
618,324,17,83
619,324,17,83
620,324,17,82
621,323,17,80
622,323,17,79
623,323,17,79
625,322,17,79
626,322,17,79
628,323,17,79
629,323,17,79
631,324,17,79
632,324,18,79
633,324,20,79
634,324,21,79
636,324,21,77
639,324,20,74
641,324,20,72
643,324,20,74
644,323,20,75
646,323,20,77
648,323,20,77
649,322,20,78
651,322,20,78
653,323,20,78
654,323,20,79
656,324,20,79
658,324,19,80
660,324,19,82
662,324,18,83
664,324,18,83
665,324,19,83
667,324,19,83
669,324,18,84
672,324,18,84
674,324,17,85
675,324,18,85
675,324,19,85
676,324,20,85
679,324,19,83
681,325,18,81
684,325,17,79
685,325,17,79
687,324,17,80
688,324,17,80
690,324,18,81
691,325,19,82
693,325,20,83
695,326,20,82
696,327,20,81
698,328,20,80
700,328,20,78
701,328,20,75
703,328,20,73
706,328,20,73
708,329,20,73
711,329,20,73
712,329,20,74
714,329,20,76
715,329,20,77
717,329,20,78
719,329,20,79
721,329,20,80
723,330,20,80
725,330,20,80
727,331,20,80
729,331,19,81
731,331,19,81
733,331,18,82
735,331,18,83
738,331,18,83
740,331,18,84
742,331,18,83
743,331,18,83
745,331,18,82
747,331,18,82
748,331,18,82
750,331,18,82
752,331,18,82
753,332,18,82
755,332,18,82
757,332,18,82
758,332,18,82
760,332,18,82
762,333,18,82
764,333,18,82
766,334,18,82
768,334,18,80
771,334,18,78
773,334,18,76
776,334,18,76
778,334,18,76
781,334,18,76
783,334,18,76
784,335,18,76
786,335,18,76
787,335,18,77
787,335,18,77
788,335,18,78
788,335,18,78
787,335,18,79
787,335,18,79
786,335,18,79
785,335,18,79
784,335,18,79
782,335,18,79
780,334,18,79
778,334,18,79
775,333,18,79
772,333,18,79
769,332,18,79
765,332,18,79
760,331,18,79
756,331,18,79
751,330,18,79
745,330,18,79
740,329,18,79
735,328,18,79
731,328,18,79
726,327,18,79
721,327,18,79
715,326,18,79
710,326,18,79
706,326,18,79
701,326,18,79
697,326,18,79
694,326,18,79
690,325,18,79
687,325,18,79
684,324,18,77
682,324,18,76
679,323,18,74
677,323,18,74
675,322,18,74
673,322,18,74
671,322,18,75
669,321,18,77
667,321,18,78
665,321,18,78
664,320,18,79
662,320,18,79
660,320,18,79
659,321,18,79
657,321,18,79
656,320,17,79
655,320,16,80
654,319,15,80
653,319,15,80
651,319,15,80
650,319,15,80
649,318,15,80
647,317,15,80
646,316,15,80
644,316,15,80
643,316,15,80
641,316,15,80
639,316,15,79
638,316,15,77
636,316,15,76
635,316,15,77
633,316,15,77
632,316,15,78
631,316,15,78
629,315,15,79
628,315,15,79
626,315,15,79
624,314,15,79
622,314,15,79
620,314,15,79
619,315,15,79
617,315,15,79
615,315,16,77
613,315,16,76
611,315,17,74
610,315,16,75
608,314,15,75
607,314,14,76
606,314,14,77
604,314,14,77
603,314,14,78
601,314,14,79
599,314,14,79
597,314,14,80
595,314,14,80
593,315,14,81
591,315,14,81
589,315,14,82
588,315,14,82
586,315,14,83
583,315,14,83
581,315,14,83
578,315,14,83
576,315,14,82
573,315,14,81
571,315,14,80
569,315,14,80
567,315,14,80
565,315,14,80
563,315,15,80
562,315,17,81
560,315,18,81
559,316,18,80
559,317,17,80
558,318,17,79
558,318,17,79
558,318,17,79
558,318,17,79
559,318,17,79
561,318,17,79
562,318,17,79
564,318,17,79
566,318,17,79
568,318,17,79
570,318,17,79
573,317,17,79
575,317,17,79
577,318,17,79
580,318,17,79
582,319,17,79
584,319,17,79
586,318,17,80
588,318,17,80
590,318,17,81
591,319,17,82
593,319,17,83
594,319,17,83
594,319,17,83
595,319,17,83
595,319,17,83
595,319,17,83
595,319,17,83
593,319,17,81
590,319,17,79
588,319,17,77
585,319,17,77
583,320,17,77
580,320,17,77
577,320,17,77
575,320,17,77
572,320,17,77
570,320,17,77
567,321,17,77
565,321,17,77
563,321,17,77
560,322,17,77
558,322,17,77
557,322,17,77
555,322,17,77
554,322,17,77
554,322,17,77
554,322,17,77
554,322,17,77
554,322,17,77
554,322,17,77
554,322,17,77
555,322,17,77
557,323,17,77
558,323,17,77
559,323,17,79
561,323,17,80
562,323,17,82
563,323,17,83
565,323,17,84
566,323,17,85
568,323,17,85
570,323,16,85
572,323,16,85
573,323,16,85
573,323,16,85
574,323,16,85
575,323,16,83
576,323,16,82
577,323,16,80
577,323,16,78
577,323,16,77
577,323,16,75
577,323,16,75
577,323,16,75
577,323,16,75
577,325,16,68
578,326,16,61
578,328,16,54
578,328,16,54
578,328,16,54
578,328,16,54
577,328,16,54
576,328,16,54
575,328,16,54
573,328,16,53
572,328,16,53
570,328,16,52
568,328,17,52
567,328,17,52
565,328,18,52
564,330,18,49
563,331,18,46
562,333,18,43
560,333,18,43
558,334,19,43
556,334,19,43
555,334,19,45
553,334,19,46
552,334,19,48
550,334,19,48
549,333,19,48
547,333,19,48
545,333,19,48
544,334,19,48
542,334,19,48
540,335,19,48
538,335,19,48
536,336,19,48
534,336,19,48
533,336,19,48
531,336,19,48
529,336,18,49
528,337,17,50
526,337,16,51
524,337,16,51
523,338,16,51
521,338,16,51
520,339,16,48
519,339,16,46
518,340,16,43
516,340,16,43
515,340,16,43
513,340,16,43
511,340,17,43
508,341,18,43
506,341,19,43
504,341,19,43
502,342,19,43
500,342,19,43
498,342,19,43
495,342,19,43
493,342,19,43
490,343,19,42
487,343,19,41
484,344,19,40
481,344,19,40
478,345,19,40
475,345,19,40
473,345,19,40
471,345,19,40
469,345,19,40
467,345,19,40
464,346,19,40
462,346,19,40
461,346,19,40
460,347,19,40
459,347,19,40
459,347,19,40
458,347,19,40
458,347,19,40
458,347,19,40
458,347,19,40
458,347,19,40
459,347,19,40
460,347,19,40
461,347,19,40
462,347,19,40
462,347,19,40
463,347,19,40
464,347,19,41
465,347,19,41
466,347,19,42
468,347,19,42
469,346,19,42
471,346,19,42
472,346,19,42
473,346,19,42
474,346,19,42
475,346,19,42
477,346,19,42
478,346,19,42
479,346,20,41
481,346,20,40
482,346,21,39
483,345,21,39
485,345,21,39
486,344,21,39
488,344,21,39
489,343,21,39
491,343,21,39
493,343,21,39
495,343,21,39
497,343,21,39
499,343,21,39
500,343,21,39
502,343,21,39
504,343,21,39
507,342,21,39
509,342,21,39
511,342,21,39
513,341,21,39
515,341,21,39
517,341,21,39
519,340,21,39
521,340,21,39
524,339,20,51
528,338,18,63
531,337,17,75
532,337,17,75
533,337,17,75
534,337,17,75
536,336,17,76
539,336,17,78
541,335,17,79
541,335,17,79
541,335,17,79
541,335,17,79
542,334,17,80
542,334,16,82
543,333,16,83
540,332,16,83
537,332,16,83
534,331,16,83
530,331,16,81
525,331,16,79
521,331,16,77
516,331,16,77
511,331,16,77
506,331,16,77
499,331,16,78
493,331,16,78
486,331,16,79
479,331,16,79
471,332,16,79
464,332,16,79
456,332,16,79
448,333,16,79
440,333,16,79
434,333,16,79
428,334,16,79
422,334,16,79
418,334,16,79
413,333,16,79
409,333,16,79
407,333,16,79
404,333,16,79
402,333,16,79
401,333,16,79
400,332,16,79
399,332,16,79
399,332,16,79
399,332,16,79
399,332,16,79
400,332,16,80
402,331,16,81
403,331,16,82
404,330,16,83
406,328,16,83
407,327,16,84
409,327,16,82
411,326,16,80
413,326,16,78
414,326,16,78
415,326,16,79
416,326,16,79
417,326,16,79
419,325,16,79
420,325,16,79
421,325,16,79
423,325,16,79
424,325,16,79
426,325,16,79
427,324,16,79
429,324,16,79
431,323,16,79
432,323,16,79
434,322,16,79
436,322,16,78
437,321,16,76
439,321,16,75
440,321,16,75
442,320,16,75
443,320,16,75
444,320,16,75
445,320,16,75
446,320,16,75
447,320,16,76
449,319,16,78
450,319,16,79
451,318,16,80
453,318,16,80
454,317,16,81
455,317,16,79
455,318,16,77
456,318,16,75
457,317,16,75
458,316,16,75
459,315,16,75
460,315,16,75
462,315,16,75
463,315,16,75
464,315,16,75
465,315,16,75
466,315,16,75
467,315,16,75
469,314,16,75
470,314,16,75
471,314,16,75
472,314,16,75
473,314,16,75
475,314,16,75
476,313,16,75
478,313,16,75
479,312,16,75
480,312,16,75
481,311,16,75
483,311,16,75
484,310,16,76
486,310,16,76
487,310,16,76
488,311,16,76
489,311,16,76
490,311,16,76
491,311,16,76
492,311,16,76
493,311,16,76
494,311,16,76
495,311,16,76
496,311,16,75
497,310,16,75
498,310,16,74
500,309,16,74
501,309,16,74
503,308,16,74
504,308,16,75
505,307,16,75
506,307,16,76
507,307,16,77
507,307,16,78
508,307,16,79
509,307,17,79
511,308,19,79
512,308,20,79
513,308,20,79
514,308,20,79
515,308,20,79
517,308,20,79
518,308,20,79
520,308,20,79
521,308,20,77
521,307,20,74
522,307,20,72
524,307,20,73
525,308,20,74
527,308,20,75
528,308,20,75
529,308,20,75
530,308,20,75
532,308,19,76
534,308,18,76
536,308,17,77
537,308,17,78
538,307,17,79
539,307,17,80
541,307,16,78
543,307,16,77
545,307,15,75
546,307,15,75
547,307,15,75
548,307,15,75
550,307,15,75
551,307,15,75
553,307,15,75
554,307,15,75
554,307,15,75
555,307,15,75
557,307,15,75
558,308,15,75
560,308,15,75
561,308,15,75
563,308,15,75
564,308,15,75
565,308,15,75
565,307,15,75
566,307,15,75
565,307,15,75
565,307,15,75
564,307,15,75
563,307,15,75
561,307,15,75
560,307,15,75
558,308,15,75
557,308,15,75
555,309,15,75
552,309,15,76
550,309,15,78
547,309,15,79
545,309,15,79
544,308,15,79
542,308,15,79
540,308,15,78
538,308,15,77
536,308,15,76
535,308,15,76
533,308,15,76
532,308,15,76
531,308,15,77
529,309,15,77
528,309,15,78
527,309,15,79
525,310,15,80
524,310,15,81
524,311,15,80
524,311,15,79
524,312,15,78
524,312,16,78
523,312,17,78
523,312,18,78
523,312,18,76
523,312,18,75
523,312,18,73
524,312,17,74
524,312,17,76
525,312,16,77
525,312,16,77
525,312,16,77
525,312,16,77
526,312,16,78
526,312,15,80
527,312,15,81
527,312,15,81
527,312,15,81
527,312,15,81
527,312,15,81
527,312,15,81
527,312,15,81
527,312,15,81
527,312,15,81
527,312,15,81
527,312,15,80
527,312,15,80
527,312,15,79
527,312,15,79
527,312,15,79
527,312,15,79
527,313,15,79
527,314,15,79
527,315,15,79
526,315,16,79
526,315,16,79
525,315,17,79
524,315,17,78
524,316,17,77
523,316,17,76
523,315,17,76
522,315,17,76
522,314,17,76
521,314,17,76
520,314,17,76
519,314,17,76
518,314,17,76
518,315,17,76
517,315,17,76
516,315,17,76
515,316,17,76
514,316,17,76
513,316,17,78
513,315,17,79
512,315,17,81
511,315,17,80
510,315,17,78
509,315,17,77
509,315,16,77
509,315,15,77
509,315,14,77
509,315,14,77
508,315,14,77
508,315,14,77
507,315,14,77
506,315,14,77
505,315,14,77
505,315,14,77
505,315,14,77
505,315,14,77
504,316,15,77
504,316,15,77
503,317,16,77
503,317,16,77
503,317,16,77
503,317,16,77
503,317,16,77
503,317,16,77
503,317,16,77
502,317,16,77
501,316,16,77
500,316,16,77
500,316,16,77
500,316,16,77
500,316,16,77
500,316,16,78
500,316,16,80
500,316,16,81
499,316,17,80
499,316,17,80
498,316,18,79
498,316,18,78
498,316,18,76
498,316,18,75
498,316,18,75
498,316,18,75
498,316,18,75
498,316,18,75
498,316,18,75
498,316,18,75
498,316,18,75
498,316,18,75
498,316,18,75
498,316,18,75
498,316,18,75
498,316,18,75
498,316,18,75
498,316,18,75
498,316,18,75
498,316,18,75
498,316,18,75
498,316,18,75
499,316,18,75
499,316,18,75
500,316,18,75
500,316,18,75
500,316,18,75
500,316,18,75
500,316,18,75
500,316,18,75
500,316,18,75
500,316,18,75
500,316,18,75
500,316,18,75
501,315,18,76
501,314,18,78
502,313,18,79
502,313,18,79
502,313,18,79
502,313,18,79
502,313,18,79
502,313,18,79
502,313,18,79
503,313,18,78
503,312,18,77
504,312,18,76
504,312,18,76
504,312,18,76
504,312,18,76
506,312,18,76
507,311,18,76
509,311,18,76
510,310,18,76
510,310,18,76
511,309,18,76
512,308,18,76
514,308,18,76
515,307,18,76
516,307,18,76
517,306,18,76
518,306,18,76
518,306,18,76
518,306,18,76
518,306,18,76
519,306,18,77
521,307,18,79
522,307,18,80
522,307,18,80
522,307,18,80
522,307,18,80
524,306,18,80
526,306,18,80
528,305,18,80
528,305,18,80
528,305,18,80
528,305,18,80
529,305,18,80
529,304,18,80
530,304,18,80
531,304,18,80
532,303,18,80
533,303,18,80
534,303,18,80
535,304,18,80
536,304,18,80
537,304,18,80
539,303,18,80
540,303,18,80
541,303,18,78
541,303,18,77
542,303,18,75
542,303,18,75
542,303,18,75
542,303,18,75
543,303,18,76
545,303,18,77
546,303,18,78
546,303,18,79
547,303,18,80
547,303,18,81
549,303,16,81
551,303,15,81
553,303,13,81
554,303,13,81
554,303,13,81
555,303,13,81
555,303,13,81
555,303,13,81
555,303,13,81
556,303,14,80
557,303,16,79
558,303,17,78
558,303,17,78
558,303,17,78
558,303,17,78
559,303,17,78
561,304,17,78
562,304,17,78
563,304,17,78
564,305,17,78
565,305,17,78
566,305,17,78
568,305,17,78
569,305,17,78
570,305,17,78
570,306,17,78
571,306,17,78
572,306,17,78
573,307,17,78
574,307,17,78
574,308,17,78
575,308,17,78
575,309,17,78
576,309,17,79
577,310,17,81
578,310,17,82
579,310,17,82
580,311,17,82
581,311,17,82
582,311,16,82
584,311,15,82
585,311,14,82
586,311,14,81
587,312,14,80
588,312,14,79
589,312,14,79
590,312,14,79
591,312,14,79
592,312,15,80
593,312,15,80
594,312,16,81
595,312,16,81
596,312,16,81
597,312,16,81
598,312,16,81
599,313,16,81
600,313,16,81
601,313,16,81
602,314,16,81
603,314,16,81
604,314,16,80
606,315,16,78
607,315,16,77
609,315,16,78
610,315,15,79
612,315,15,80
612,315,15,80
612,315,15,80
612,315,15,80
611,316,15,80
610,317,15,80
609,318,15,80
607,318,15,81
605,318,15,82
603,318,15,83
601,318,15,83
598,319,15,83
596,319,15,83
594,319,15,81
591,319,15,80
589,319,15,78
587,319,15,78
585,320,15,78
583,320,15,78
582,320,15,79
580,321,15,80
579,321,15,81
578,321,16,82
578,321,16,82
577,321,17,83
578,321,17,83
579,320,17,83
580,320,17,83
581,321,17,81
582,321,17,80
583,322,17,78
584,322,17,78
586,322,17,78
587,322,17,78
589,322,16,79
590,322,15,80
592,322,14,81
593,322,14,82
593,323,14,83
594,323,14,84
595,323,14,84
596,324,14,84
597,324,14,84
598,324,14,84
599,323,14,84
600,323,14,84
601,323,14,84
603,323,14,84
604,323,14,84
605,322,14,84
607,322,14,84
608,321,14,84
609,322,15,83
609,323,16,82
610,324,17,81
611,324,17,81
612,324,17,81
613,324,17,81
614,324,17,82
615,325,17,83
616,325,17,84
617,325,17,81
619,325,17,78
620,325,17,75
622,325,17,76
623,325,16,76
625,325,16,77
626,325,16,78
627,325,16,78
628,325,16,79
629,325,16,80
630,326,16,80
631,326,16,81
632,327,16,81
634,328,17,81
635,329,17,81
635,329,17,81
636,329,17,81
636,329,17,81
637,329,17,81
638,329,17,81
639,329,17,81
640,329,17,80
641,328,17,80
642,328,17,79
643,328,17,79
645,328,17,79
646,328,17,79
647,328,17,80
647,328,17,80
648,328,17,81
649,328,17,81
651,328,17,81
652,328,17,81
654,328,17,79
656,328,17,76
658,328,17,74
659,328,18,76
659,328,20,77
660,328,21,79
661,328,20,79
662,329,20,79
663,329,19,79
664,329,19,80
666,329,19,81
667,329,19,82
668,329,18,82
670,329,18,82
671,329,17,82
672,329,17,82
672,330,17,82
673,330,17,82
674,329,17,82
675,329,17,82
676,328,17,82
677,328,17,82
679,327,17,82
680,327,17,82
681,327,17,82
681,327,17,82
682,327,17,82
682,327,19,82
683,326,21,82
683,326,23,82
684,326,23,82
685,326,23,82
686,326,23,82
686,326,25,82
686,326,26,82
686,326,28,82
691,326,25,80
695,326,22,78
700,326,19,76
700,326,19,76
700,326,19,76
700,326,19,76
702,326,18,77
704,325,17,78
706,325,16,79
707,325,16,79
709,324,16,79
710,324,16,79
711,324,16,79
712,323,16,79
713,323,16,79
714,323,16,79
716,322,16,79
717,322,16,79
718,322,16,79
719,322,16,79
720,322,16,79
721,322,16,79
722,321,16,79
723,321,16,79
724,320,17,80
725,320,18,80
726,319,19,81
727,319,19,80
729,319,19,79
730,319,19,78
732,318,19,78
733,318,19,78
735,317,19,78
736,316,19,78
737,316,19,78
738,315,19,78
740,315,18,77
742,314,17,77
744,314,16,76
745,313,16,77
746,313,16,77
747,312,16,78
748,312,16,78
749,312,16,78
750,312,16,78
751,311,16,75
753,311,16,72
754,310,16,69
755,309,16,70
756,309,16,71
757,308,16,72
758,307,16,73
759,306,16,75
760,305,16,76
761,304,16,76
761,304,16,76
762,303,16,76
764,303,16,74
766,302,16,73
768,302,16,71
770,301,16,70
771,301,16,68
773,300,16,67
775,300,16,68
776,299,16,68
778,299,16,69
780,298,16,70
782,298,16,70
784,297,16,71
785,296,16,72
787,296,16,74
788,295,16,75
789,295,17,75
791,295,17,75
792,295,18,75
793,294,19,75
795,294,21,76
796,293,22,76
798,292,22,73
799,291,21,70
801,290,21,67
803,289,20,68
805,289,20,69
807,288,19,70
809,288,19,70
810,287,19,70
812,287,19,70
814,286,19,70
817,284,19,70
819,283,19,70
821,283,19,70
822,283,19,70
824,283,19,70
826,283,19,70
827,282,19,70
829,282,19,70
830,280,19,72
832,278,19,74
833,276,19,76
835,275,19,76
836,274,19,76
838,273,19,76
839,273,19,76
841,272,19,76
842,272,19,76
844,272,19,73
845,272,19,71
847,272,19,68
849,272,19,68
850,271,19,68
852,271,19,68
854,269,18,68
857,268,16,68
859,266,15,68
860,266,15,68
862,266,15,68
863,266,15,68
864,266,15,68
865,267,15,68
866,267,15,68
867,267,15,68
867,267,15,68
868,267,15,68
868,273,15,62
868,280,15,55
868,286,15,49
869,286,15,49
871,286,15,49
872,286,15,49
NaN,NaN,NaN,NaN
NaN,NaN,NaN,NaN
NaN,NaN,NaN,NaN
NaN,NaN,NaN,NaN
NaN,NaN,NaN,NaN
NaN,NaN,NaN,NaN
NaN,NaN,NaN,NaN
NaN,NaN,NaN,NaN
NaN,NaN,NaN,NaN
NaN,NaN,NaN,NaN
NaN,NaN,NaN,NaN
NaN,NaN,NaN,NaN
NaN,NaN,NaN,NaN
NaN,NaN,NaN,NaN
NaN,NaN,NaN,NaN
NaN,NaN,NaN,NaN
NaN,NaN,NaN,NaN
NaN,NaN,NaN,NaN
NaN,NaN,NaN,NaN
NaN,NaN,NaN,NaN
NaN,NaN,NaN,NaN
NaN,NaN,NaN,NaN
NaN,NaN,NaN,NaN
NaN,NaN,NaN,NaN
NaN,NaN,NaN,NaN
NaN,NaN,NaN,NaN
NaN,NaN,NaN,NaN
NaN,NaN,NaN,NaN
NaN,NaN,NaN,NaN
NaN,NaN,NaN,NaN
NaN,NaN,NaN,NaN
NaN,NaN,NaN,NaN
NaN,NaN,NaN,NaN
NaN,NaN,NaN,NaN
NaN,NaN,NaN,NaN
NaN,NaN,NaN,NaN
NaN,NaN,NaN,NaN
NaN,NaN,NaN,NaN
NaN,NaN,NaN,NaN
NaN,NaN,NaN,NaN
NaN,NaN,NaN,NaN
NaN,NaN,NaN,NaN
NaN,NaN,NaN,NaN
NaN,NaN,NaN,NaN
868,240,15,22
867,239,16,23
866,238,18,25
865,237,19,26
864,237,19,27
862,237,18,29
861,237,18,30
861,237,19,32
860,237,19,33
860,237,20,35
859,236,19,37
859,236,18,39
858,235,17,41
857,234,17,43
857,234,17,45
856,233,17,47
855,233,17,50
855,232,17,52
854,232,17,55
853,232,17,56
853,232,17,58
852,232,17,59
852,232,17,61
851,231,17,64
851,231,17,66
850,230,17,66
850,230,17,66
849,229,17,66
848,228,17,67
848,227,16,68
847,226,16,69
846,227,16,69
846,227,16,69
845,228,16,69
844,227,16,70
844,227,15,70
843,226,15,71
842,225,15,71
842,224,15,71
841,223,15,71
840,223,15,71
839,222,15,71
838,222,15,71
837,223,15,70
836,223,15,68
835,224,15,67
834,224,16,67
834,224,16,67
833,224,17,67
832,223,17,69
830,221,16,70
829,220,16,72
828,219,16,72
828,218,16,72
827,217,16,72
826,218,16,69
824,219,15,67
823,220,15,64
822,220,15,66
821,219,15,67
820,219,15,69
819,218,15,69
818,216,15,69
817,215,15,69
815,215,15,69
814,216,15,69
812,216,15,69
811,216,15,69
809,216,15,69
808,216,15,69
807,216,15,69
805,215,15,69
804,215,15,69
803,215,15,69
801,214,15,69
800,214,15,69
798,213,15,69
797,213,15,69
795,212,15,69
793,213,15,66
792,213,15,64
790,214,15,61
788,213,15,63
787,213,15,65
785,212,15,67
783,212,15,67
782,211,15,67
780,211,15,67
778,211,15,67
775,210,15,67
773,210,15,67
771,211,15,66
770,211,15,66
768,212,15,65
766,212,15,65
764,212,15,65
762,212,15,65
760,211,15,66
757,210,15,68
755,209,15,69
753,209,15,69
750,208,15,69
748,208,15,69
746,208,14,67
744,209,14,66
742,209,13,64
740,210,13,64
737,210,13,64
735,211,13,64
733,210,13,66
730,209,13,67
728,208,13,69
726,208,13,69
723,207,13,69
721,207,13,69
719,207,13,69
716,207,13,68
714,207,13,68
711,208,13,67
709,209,13,66
706,210,13,65
704,209,13,66
701,209,13,68
699,208,13,69
696,208,13,69
694,208,13,69
691,208,13,69
688,208,13,67
685,208,13,65
682,208,13,63
680,209,13,64
677,209,13,64
675,210,13,65
672,209,13,65
670,209,13,65
667,208,13,65
665,207,13,68
662,207,13,71
660,206,13,74
657,207,13,72
654,208,13,71
651,209,13,69
648,210,13,67
646,211,13,66
643,212,13,64
640,211,13,66
638,211,13,68
635,210,13,70
632,210,13,70
629,209,13,70
626,209,13,70
623,210,13,69
621,210,13,67
618,211,13,66
615,211,13,66
613,212,13,66
610,212,13,66
607,212,13,67
605,212,13,67
602,212,13,68
599,211,13,69
597,210,13,70
594,209,13,71
591,209,13,71
589,209,13,71
586,209,13,71
584,211,13,71
581,212,13,71
579,214,13,71
576,214,13,71
574,213,13,71
571,213,13,71
568,213,13,71
566,213,13,71
563,213,13,71
561,213,13,71
558,213,13,71
556,213,13,71
553,214,13,68
551,216,13,66
548,217,13,63
546,217,13,65
544,217,13,66
542,217,13,68
540,216,13,70
537,216,13,72
535,215,13,74
533,215,13,74
531,215,13,74
529,215,13,74
528,215,13,73
527,216,13,71
526,216,13,70
527,217,13,70
528,217,13,70
529,218,13,70
531,227,13,61
533,237,13,52
535,246,13,43
539,247,13,39
543,249,13,36
547,250,13,32
NaN,NaN,NaN,NaN
NaN,NaN,NaN,NaN
NaN,NaN,NaN,NaN
NaN,NaN,NaN,NaN
NaN,NaN,NaN,NaN
NaN,NaN,NaN,NaN
NaN,NaN,NaN,NaN
NaN,NaN,NaN,NaN
NaN,NaN,NaN,NaN
NaN,NaN,NaN,NaN
NaN,NaN,NaN,NaN
NaN,NaN,NaN,NaN
NaN,NaN,NaN,NaN
NaN,NaN,NaN,NaN
623,217,13,24
629,218,13,26
634,220,13,28
640,221,13,30
645,221,13,33
650,222,13,37
655,222,13,40
659,221,13,45
663,221,13,49
667,220,13,54
668,219,13,57
670,219,13,61
671,218,13,64
672,219,13,64
672,221,13,64
673,222,13,64
672,223,13,64
672,223,13,64
671,224,13,64
670,224,13,64
668,224,13,64
667,224,13,64
666,223,13,65
665,222,13,67
664,221,13,68
663,221,13,68
662,221,13,68
661,221,13,68
660,223,13,66
658,224,13,63
657,226,13,61
656,227,13,62
655,227,13,63
654,228,13,64
653,228,13,65
652,228,13,65
651,228,13,66
650,227,13,66
649,226,13,67
648,225,13,67
647,225,13,68
646,225,13,68
645,225,13,69
644,226,13,68
642,227,13,66
641,228,13,65
640,229,13,65
639,229,13,65
638,230,13,65
637,230,13,66
635,230,13,68
634,230,13,69
633,230,14,69
631,229,15,69
630,229,16,69
629,229,16,69
628,228,16,69
627,228,16,69
626,230,16,67
624,231,16,64
623,233,16,62
622,233,16,64
620,233,16,65
619,233,16,67
618,233,16,69
617,233,16,70
616,233,16,72
614,234,16,73
613,234,16,74
611,235,16,75
611,235,16,75
611,235,16,75
611,235,16,75
613,236,16,73
616,237,16,72
618,238,16,70
620,238,16,70
623,239,16,70
625,239,16,70
629,239,16,71
632,240,16,72
636,240,16,73
640,241,16,73
644,241,16,73
648,242,16,73
652,243,16,73
657,244,16,73
661,245,16,73
666,245,16,71
671,246,16,69
676,246,16,67
681,246,16,68
687,246,16,68
692,246,16,69
696,247,16,70
700,247,16,72
704,248,16,73
708,249,16,74
713,250,16,75
717,251,16,76
720,252,16,77
724,252,16,77
727,253,16,78
730,254,16,78
734,254,16,78
737,255,16,78
740,256,16,75
742,256,16,73
745,257,16,70
748,257,16,70
751,257,16,70
754,257,16,70
755,258,16,67
757,260,16,65
758,261,16,62
760,262,16,63
763,262,16,64
765,263,16,65
766,264,16,65
766,265,16,66
767,266,16,66
768,266,15,68
770,267,15,69
771,267,14,71
772,268,14,71
774,268,14,71
775,269,14,71
776,270,14,67
778,271,14,63
779,272,14,59
781,272,14,61
782,273,14,63
784,273,14,65
785,273,14,68
787,273,14,72
788,273,14,75
789,273,15,75
789,274,16,75
790,274,17,75
792,275,17,72
793,276,17,69
795,277,17,66
796,278,17,66
798,278,17,66
799,279,17,66
799,279,17,69
800,279,17,71
800,279,17,74
800,280,17,74
800,281,17,74
800,282,17,74
799,282,17,77
798,283,17,80
797,283,17,83
795,284,18,83
793,286,19,83
791,287,20,83
789,288,20,83
786,289,20,83
784,290,20,83
782,290,20,83
781,291,20,83
779,291,20,83
777,291,20,81
774,292,20,80
772,292,20,78
770,293,20,78
769,293,20,78
767,294,20,78
765,295,20,75
762,296,20,72
760,297,20,69
759,298,20,70
757,298,20,71
756,299,20,72
754,300,20,73
753,300,20,75
751,301,20,76
749,302,20,78
748,302,20,79
746,303,20,81
743,304,20,82
741,305,20,83
738,306,20,84
736,307,21,85
733,309,22,85
731,310,23,86
730,311,22,82
729,311,20,77
728,312,19,73
726,312,19,75
724,313,19,77
722,313,19,79
720,313,19,81
718,314,19,84
716,314,19,86
714,315,19,84
712,317,20,83
710,318,20,81
708,319,20,80
707,321,21,78
705,322,21,77
703,323,21,78
701,324,22,78
699,325,22,79
697,325,23,81
694,326,23,82
692,326,24,84
691,328,24,85
689,330,24,86
688,332,24,87
687,333,23,83
687,335,23,80
686,336,22,76
684,337,22,77
682,337,22,79
680,338,22,80
678,339,22,82
677,340,22,84
675,341,22,86
674,341,22,87
674,341,22,88
673,341,22,89
672,341,21,88
672,342,20,86
671,342,19,85
670,344,19,85
668,346,19,85
667,348,19,85
666,349,19,85
666,351,19,85
665,352,19,85
663,351,19,88
662,351,18,90
660,350,18,93
659,350,18,93
657,349,18,93
656,349,18,93
655,351,18,90
653,354,18,87
652,356,18,84
651,357,18,84
649,358,18,84
648,359,18,84
646,359,19,86
645,358,19,89
643,358,20,91
642,358,20,87
641,358,20,84
640,358,20,80
640,360,19,80
639,362,18,80
639,364,17,80
638,365,17,82
637,365,18,84
636,366,18,86
635,365,19,89
634,365,19,91
633,364,20,94
633,364,20,89
633,364,20,83
633,364,20,78
632,366,20,78
632,369,20,78
631,371,20,78
631,371,20,81
630,370,19,84
630,370,19,87
630,369,20,87
630,369,20,88
630,368,21,88
631,369,21,84
632,371,21,80
633,372,21,76
633,374,21,77
634,375,21,78
634,377,21,79
633,377,21,82
633,378,21,86
632,378,21,89
632,377,21,91
633,377,21,94
633,376,21,96
634,377,21,91
635,377,20,86
636,378,20,81
637,380,19,84
637,383,19,86
638,385,18,89
639,386,18,89
640,386,17,89
641,387,17,89
641,387,19,87
641,386,21,86
641,386,23,84
643,387,22,82
644,389,22,81
646,390,21,79
647,392,21,80
648,393,21,80
649,395,21,81
651,396,21,83
653,397,21,86
655,398,21,88
656,397,21,85
658,397,21,81
659,396,21,78
661,397,21,78
662,399,21,79
664,400,21,79
666,401,21,81
667,402,21,83
669,403,21,85
671,404,21,85
674,404,20,86
676,405,20,86
678,406,20,85
681,406,20,83
683,407,20,82
685,409,20,83
688,411,20,83
690,413,20,84
692,414,20,86
693,416,20,88
695,417,20,90
698,417,20,88
700,416,20,86
703,416,20,84
706,417,20,85
708,417,20,85
711,418,20,86
714,420,20,87
717,423,20,87
720,425,20,88
722,426,20,90
724,428,20,93
726,429,20,95
728,429,22,95
731,429,24,95
733,429,26,95
736,431,26,92
740,433,26,88
743,435,26,85
744,437,26,87
746,438,26,88
747,440,26,90
749,440,25,94
752,440,24,97
754,440,23,101
756,440,23,98
759,440,23,95
761,440,23,92
763,442,23,90
765,445,23,88
767,447,23,86
769,448,23,91
772,449,23,95
774,450,23,100
776,450,23,100
778,449,23,100
780,449,23,100
782,450,24,97
785,450,24,95
787,451,25,92
789,453,25,92
791,456,25,92
793,458,25,92
795,459,24,94
796,461,24,97
798,462,23,99
799,462,25,102
799,461,26,104
800,461,28,107
801,462,28,109
802,462,28,110
803,463,28,112
805,466,27,107
807,468,26,101
809,471,25,96
810,471,25,98
812,472,25,101
813,472,25,103
814,473,25,102
816,473,25,101
817,474,25,100
818,475,25,97
820,476,26,93
821,477,26,90
822,479,26,91
823,482,27,91
824,484,27,92
825,485,27,95
826,486,27,99
827,487,27,102
828,487,26,104
830,487,25,107
831,487,24,109
832,488,24,109
833,488,24,109
834,489,24,109
835,492,24,107
836,494,24,104
837,497,24,102
837,498,24,104
837,500,23,105
837,501,23,107
