952,245,130,282
949,245,130,277
946,246,130,273
943,246,130,268
940,246,132,272
937,246,134,275
934,246,136,279
932,248,136,281
930,251,136,283
928,253,136,285
928,254,135,288
928,255,133,290
928,256,132,293
927,256,133,293
925,256,135,294
924,256,136,294
924,255,136,294
923,254,136,294
923,253,136,294
922,253,136,286
921,253,136,279
920,253,136,271
919,255,136,272
917,256,136,273
916,258,136,274
913,258,137,276
909,259,139,279
906,259,140,281
906,260,140,284
906,261,140,287
906,262,140,290
903,262,140,293
901,263,140,296
898,263,140,299
898,262,138,299
899,261,135,300
899,260,133,300
898,260,131,298
897,260,129,295
896,260,127,293
895,260,128,286
894,260,129,279
893,260,130,272
891,261,132,275
890,263,134,279
888,264,136,282
885,266,138,285
881,268,141,287
878,270,143,290
876,270,145,294
875,271,148,297
873,271,150,301
874,273,150,302
876,274,150,303
877,276,150,304
884,275,144,303
891,275,139,302
898,274,133,301
897,275,135,294
897,276,138,286
896,277,140,279
896,277,140,281
896,277,140,283
896,277,140,285
896,280,140,288
895,282,140,290
895,285,140,293
895,287,140,295
895,290,140,298
895,292,140,300
894,293,140,303
893,293,140,305
892,294,140,308
893,293,139,307
894,293,138,307
895,292,137,306
895,292,137,304
896,292,137,301
896,292,137,299
897,294,137,293
897,296,137,288
898,298,137,282
900,298,137,287
901,299,137,291
903,299,137,296
905,302,137,298
907,306,137,301
909,309,137,303
910,311,137,306
910,312,137,308
911,314,137,311
914,314,137,311
917,313,137,311
920,313,137,311
922,313,137,306
925,314,137,302
927,314,137,297
926,315,138,293
926,315,140,290
925,316,141,286
925,317,143,289
925,318,145,291
925,319,147,294
924,322,149,297
924,324,150,301
923,327,152,304
923,327,152,309
923,327,152,314
923,327,152,319
923,327,152,319
923,327,152,319
923,327,152,319
923,327,152,318
923,327,152,316
923,327,152,315
923,327,152,307
923,327,152,298
923,327,152,290
923,328,152,291
923,329,151,293
923,330,151,294
923,331,150,297
923,331,149,300
923,332,148,303
923,332,149,305
923,332,149,308
923,332,150,310
923,332,149,311
923,332,147,313
923,332,146,314
923,331,146,312
923,329,146,309
923,328,146,307
921,328,146,301
920,327,146,296
918,327,146,290
917,325,146,289
915,323,146,287
914,321,146,286
911,321,147,289
908,321,147,291
905,321,148,294
902,320,148,297
898,318,148,301
895,317,148,304
893,318,148,305
890,318,148,306
888,319,148,307
887,317,145,307
886,314,143,307
885,312,140,307
884,310,140,301
882,309,140,296
881,307,140,290
880,304,138,285
879,302,136,280
878,299,134,275
877,299,134,276
875,299,134,278
874,299,134,279
871,299,134,281
869,298,134,284
866,298,134,286
865,298,134,287
865,298,134,289
864,298,134,290
865,296,134,291
865,294,134,292
866,292,134,293
866,289,132,292
867,285,131,290
867,282,129,289
866,281,129,281
865,279,129,273
864,278,129,265
863,276,129,267
861,275,129,269
860,273,129,271
857,272,129,272
855,271,129,274
852,270,129,275
851,269,128,277
850,268,127,280
849,267,126,282
848,263,124,283
846,260,121,285
845,256,119,286
843,253,119,285
841,249,119,283
839,246,119,282
839,243,117,277
839,240,116,272
839,237,114,267
838,234,112,263
837,231,111,258
836,228,109,254
836,226,109,255
835,225,108,256
835,223,108,257
835,222,108,259
834,220,108,261
834,219,108,263
833,217,108,265
833,216,108,266
832,214,108,268
833,211,107,266
833,209,107,265
834,206,106,263
834,204,106,260
834,203,106,257
834,201,106,254
835,199,106,250
835,197,106,245
836,195,106,241
835,193,106,243
835,192,106,246
834,190,106,248
833,190,106,248
831,190,106,249
830,190,106,249
828,190,106,250
827,189,105,250
825,189,105,251
824,187,105,251
822,184,105,251
821,182,105,251
820,179,105,251
819,177,105,251
818,174,105,251
817,172,104,245
817,171,103,239
816,169,102,233
816,169,101,233
816,168,100,233
816,168,99,233
815,167,99,235
815,166,99,236
814,165,99,238
814,165,99,239
814,164,99,239
814,164,99,240
814,163,99,240
814,161,99,240
814,160,99,240
815,156,99,240
815,153,99,240
816,149,99,240
817,147,98,236
817,145,97,231
818,143,96,227
818,142,96,227
817,141,96,228
817,140,96,228
817,138,95,229
816,137,93,230
816,135,92,231
814,134,92,232
813,133,92,234
811,132,92,235
810,130,92,235
808,127,91,235
807,125,91,235
805,123,91,235
804,120,91,235
802,118,91,235
801,115,91,230
799,113,91,225
798,110,91,220
797,109,90,220
797,108,90,219
796,107,89,219
794,109,89,220
793,110,88,220
791,112,88,221
790,118,88,221
790,123,87,221
789,129,87,221
788,136,86,220
788,143,85,220
787,150,84,219
787,157,83,218
787,164,83,216
787,171,82,215
786,176,82,211
786,182,82,208
785,187,82,204
784,194,82,204
784,201,81,204
783,208,81,204
782,214,81,205
781,219,80,205
780,225,80,206
779,229,80,207
778,233,79,208
777,237,79,209
776,242,79,209
774,248,78,209
773,253,78,209
772,256,78,208
771,260,78,207
770,263,78,206
769,267,78,204
768,271,78,202
767,275,78,200
766,281,78,197
765,286,78,193
764,292,78,190
764,296,78,191
763,301,78,193
763,305,78,194
763,310,77,195
764,316,76,195
764,321,75,196
765,325,74,196
766,330,74,197
767,334,73,197
768,339,73,197
768,344,73,196
769,349,73,196
770,354,73,193
770,358,74,190
771,363,74,187
771,368,74,186
772,373,73,186
772,378,73,185
772,383,73,186
772,389,73,188
772,394,73,189
772,399,72,190
773,405,72,190
773,410,71,191
772,416,71,191
772,423,71,191
771,429,71,191
771,434,71,192
771,438,70,192
771,443,70,193
771,448,70,193
770,453,70,193
770,458,70,193
770,463,70,190
771,469,70,188
771,474,70,185
771,477,70,185
771,481,70,185
771,484,70,185
772,485,70,186
772,486,70,187
773,487,70,188
774,487,70,188
774,487,70,188
775,487,70,188
776,485,69,188
776,484,69,188
777,482,68,188
778,481,68,186
779,481,67,183
780,480,67,181
780,479,67,180
780,477,67,180
780,476,67,179
780,476,67,179
780,476,67,179
780,476,67,179
780,476,67,179
780,476,67,179
780,476,67,179
780,476,67,179
780,475,67,179
780,475,67,179
779,474,67,179
779,473,66,179
778,472,66,179
778,471,65,179
777,470,65,179
777,469,64,179
777,468,64,176
777,467,64,172
777,466,64,169
778,466,64,169
778,465,64,169
779,465,64,169
780,464,64,170
780,463,64,171
781,462,64,172
782,462,64,172
783,463,64,172
784,463,64,172
786,463,63,172
787,463,63,172
789,463,62,172
790,462,61,172
792,461,60,171
793,460,59,171
794,459,60,169
795,458,61,167
796,457,62,165
796,457,62,165
797,456,63,165
797,456,63,165
798,456,63,166
799,456,63,166
800,456,63,167
801,456,63,167
801,457,62,167
802,457,62,167
803,457,62,167
803,457,61,167
804,457,61,167
805,456,60,168
806,454,60,169
807,453,59,170
807,453,59,170
807,453,59,169
807,453,59,169
808,452,59,167
808,451,59,165
809,450,59,163
810,450,59,163
810,450,59,163
811,450,59,163
812,450,59,164
812,450,59,166
813,450,59,167
814,451,59,167
815,452,59,167
816,453,59,167
817,453,59,167
818,453,59,167
819,453,59,167
820,452,59,167
822,451,59,167
823,450,59,167
824,450,59,164
824,451,59,162
825,451,59,159
827,451,59,159
828,452,59,159
830,452,59,159
831,452,59,160
831,451,59,161
832,451,59,162
833,451,59,163
833,451,59,164
834,451,59,165
834,451,59,165
834,451,59,165
834,451,59,165
834,451,59,166
834,451,59,166
834,451,59,167
834,450,59,167
834,448,59,167
834,447,59,167
834,447,59,165
835,447,59,163
835,447,59,161
835,447,59,161
836,448,59,161
836,448,59,161
836,448,59,162
837,448,59,164
837,448,59,165
838,449,59,165
838,449,59,165
839,450,59,165
840,450,60,165
840,450,60,165
841,450,61,165
842,450,61,163
844,450,61,161
845,450,61,159
846,450,61,159
847,450,62,159
848,450,62,159
848,450,62,159
849,450,62,160
849,450,62,160
851,450,61,161
852,451,59,162
854,451,58,163
854,451,58,164
854,451,59,164
854,451,59,165
853,451,59,166
853,451,59,167
852,451,59,168
851,451,60,167
850,450,60,165
849,450,61,164
849,450,61,162
849,450,62,160
849,450,62,158
848,450,62,158
848,451,62,159
847,451,62,159
847,452,62,160
847,452,62,162
847,453,62,163
848,453,62,164
848,453,62,165
849,453,62,166
849,453,62,166
849,454,62,166
849,454,62,166
850,454,62,166
851,455,62,166
852,455,62,166
853,455,62,163
853,455,62,161
854,455,62,158
854,455,62,159
854,454,62,161
854,454,62,162
854,454,62,163
854,455,62,165
854,455,62,166
854,456,62,167
854,456,61,167
854,457,61,168
853,457,61,168
852,458,61,168
851,458,61,168
851,458,61,168
850,457,61,168
850,457,61,168
850,457,61,166
849,457,61,165
849,457,61,163
849,457,61,163
849,457,61,163
849,457,61,163
849,458,61,164
850,458,61,165
850,459,61,166
850,460,61,167
850,460,61,168
850,461,61,169
850,461,61,169
850,462,62,169
850,462,62,169
851,462,62,169
852,462,62,169
853,462,62,169
853,462,62,167
853,462,62,165
853,462,62,163
853,462,61,164
853,462,61,165
853,462,60,166
853,462,60,168
853,462,60,169
853,462,60,171
853,463,60,171
853,464,60,172
853,465,60,172
852,465,60,172
851,465,60,172
850,465,60,172
850,465,60,172
849,466,60,172
849,466,60,172
849,465,60,172
848,464,60,172
848,463,60,172
847,463,61,172
846,463,62,172
845,463,63,172
845,463,63,172
845,464,63,172
845,464,63,172
845,465,63,172
845,466,63,173
845,467,63,173
845,468,63,173
845,468,64,173
845,469,64,173
846,469,64,173
846,469,64,173
847,469,64,173
847,469,64,171
847,469,64,169
847,469,64,167
845,469,63,168
844,468,63,169
842,468,62,170
841,469,62,171
839,470,62,171
838,471,62,172
836,472,61,173
835,472,60,173
833,473,59,174
831,474,58,174
829,474,58,174
827,475,57,174
824,474,57,175
822,473,57,175
819,472,57,176
815,472,58,174
811,471,58,172
807,471,59,170
803,471,60,170
799,471,61,169
795,471,62,169
790,472,63,169
786,472,63,170
781,473,64,170
776,473,65,170
771,474,65,170
766,474,66,170
761,474,66,171
755,474,65,171
750,474,65,172
746,474,65,172
742,473,65,173
738,473,65,173
734,472,65,170
731,472,65,168
727,471,65,165
724,472,64,165
721,472,64,165
718,473,63,165
716,473,61,166
713,473,60,168
711,473,58,169
707,473,58,170
703,473,58,172
699,473,58,173
696,473,58,173
693,473,58,173
690,473,58,173
686,472,58,174
682,472,58,174
678,471,58,175
674,471,58,172
671,471,59,170
667,471,59,167
665,471,60,167
662,470,60,167
660,470,61,167
655,470,61,167
651,471,62,168
646,471,62,168
641,471,62,170
637,471,62,171
632,471,62,173
629,471,62,173
626,471,62,174
623,471,62,174
621,471,62,175
619,471,62,175
617,471,62,176
614,471,62,174
612,471,62,173
609,471,62,171
606,471,62,169
604,471,62,168
601,471,62,166
599,470,62,167
596,470,61,168
594,469,61,169
591,470,61,170
589,470,61,171
586,471,61,172
583,471,61,173
580,471,61,175
577,471,61,176
576,471,61,176
576,471,60,177
575,471,60,177
574,471,60,177
572,471,60,177
571,471,60,177
570,470,61,174
569,470,61,171
568,469,62,168
567,470,63,168
566,470,63,168
565,471,64,168
565,471,64,170
565,471,64,172
565,471,64,174
565,472,64,174
564,472,64,175
564,473,64,175
564,473,64,175
564,472,64,175
564,472,64,175
564,472,64,175
563,471,64,176
563,471,64,176
563,471,64,174
564,470,64,173
564,470,64,171
564,470,64,171
564,470,64,171
564,470,64,171
564,470,63,172
563,471,63,172
563,471,62,173
562,472,62,174
562,472,62,176
561,473,62,177
560,474,62,178
558,474,62,178
557,475,62,179
556,474,61,179
554,474,61,179
553,473,60,179
552,473,60,177
551,473,60,174
550,473,60,172
549,473,61,171
547,473,61,170
546,473,62,169
545,473,63,170
544,474,63,172
543,474,64,173
542,474,64,174
542,474,64,175
541,474,64,176
541,474,64,177
540,475,64,178
540,475,64,179
540,475,64,179
541,476,64,179
541,476,64,179
540,476,65,179
540,476,65,179
539,476,66,179
539,476,66,176
539,475,66,174
539,475,66,171
539,475,66,172
539,475,66,173
539,475,66,174
539,475,65,176
539,475,65,178
539,475,64,180
538,475,63,182
538,475,63,183
537,475,62,185
536,476,62,186
535,476,63,186
534,477,63,187
533,477,64,187
532,476,65,188
531,476,66,188
531,476,66,186
531,476,66,184
531,476,66,182
530,476,66,181
529,475,66,180
528,475,66,179
528,475,66,180
527,476,66,181
527,476,66,182
527,476,66,184
527,476,66,186
527,476,66,188
527,477,66,189
528,477,66,189
528,478,66,190
528,478,66,190
529,478,66,190
529,478,66,190
530,477,66,189
531,476,66,189
532,475,66,188
532,475,66,187
532,475,66,185
532,475,66,184
532,475,67,185
531,475,67,185
531,475,68,186
531,476,68,187
530,477,68,188
530,478,68,189
530,478,68,190
530,479,68,192
530,479,68,193
530,479,68,193
530,479,68,193
530,479,68,193
530,478,68,192
530,477,68,191
530,476,68,190
530,475,68,188
530,475,68,186
530,474,68,184
531,474,67,184
533,475,66,185
534,475,65,185
534,475,65,186
534,476,65,188
534,476,65,189
536,477,65,190
537,477,65,192
539,478,65,193
540,478,65,193
541,478,65,194
542,478,65,194
543,478,65,193
543,478,65,191
544,478,65,190
544,478,66,188
545,477,66,185
545,477,67,183
545,477,67,185
546,476,68,187
546,476,68,189
547,477,68,190
547,477,68,192
548,478,68,193
549,478,68,195
549,478,68,197
550,478,68,199
550,478,68,199
550,478,68,199
550,478,68,199
550,478,68,198
551,477,67,197
551,477,67,196
551,476,67,193
552,476,67,190
552,475,67,187
553,475,67,188
555,475,68,189
556,475,68,190
556,476,68,191
557,477,69,192
557,478,69,193
558,478,69,195
558,478,70,196
559,478,70,198
560,479,70,198
561,479,70,198
562,480,70,198
563,479,70,198
565,478,70,198
566,477,70,198
567,476,70,195
569,476,70,192
570,475,70,189
571,475,70,189
572,475,70,190
573,475,70,190
574,475,70,191
576,476,69,193
577,476,69,194
578,477,68,196
579,477,68,198
580,478,67,200
580,478,67,200
580,478,67,200
580,478,67,200
580,478,67,200
580,478,67,200
580,478,67,200
580,478,68,198
580,478,69,195
580,478,70,193
580,478,71,193
581,478,71,193
581,478,72,193
582,479,72,195
583,480,72,197
584,481,72,199
585,482,72,200
587,484,72,200
588,485,72,201
589,486,73,201
591,488,73,201
592,489,74,201
594,489,74,202
596,490,74,203
598,490,74,204
600,490,74,204
601,491,74,204
603,491,74,204
604,491,74,203
606,491,73,202
607,491,73,201
608,493,72,202
610,494,72,203
611,496,71,204
612,498,71,204
612,499,70,204
613,501,70,204
613,503,70,206
614,505,70,208
614,507,70,210
614,508,70,210
615,508,70,210
615,509,70,210
615,510,70,210
615,510,70,210
615,511,70,210
615,512,71,209
616,512,71,207
616,513,72,206
616,514,72,205
617,515,73,204
617,516,73,203
617,517,73,202
618,519,74,201
618,520,74,200
618,522,75,198
619,523,76,197
619,525,77,195
621,527,77,193
623,529,77,192
625,531,77,190
626,531,77,190
628,530,77,190
629,530,77,190
631,531,77,189
632,531,77,189
634,532,77,188
635,533,77,187
637,534,77,186
638,535,77,185
640,537,77,184
641,538,77,182
643,540,77,181
644,541,76,180
646,542,74,179
647,543,73,178
648,544,73,177
649,546,73,175
650,547,73,174
650,547,73,174
651,547,73,174
651,547,73,174
652,547,73,174
652,547,73,174
653,547,73,174
653,549,74,172
654,550,75,170
654,552,76,168
655,554,76,166
656,555,76,165
657,557,76,163
658,558,77,161
660,560,77,160
661,561,78,158
663,563,78,157
664,564,78,156
666,566,78,155
668,567,78,154
670,569,78,152
672,570,78,151
674,570,78,151
676,570,78,151
678,570,78,151
680,571,78,150
682,572,78,148
684,573,78,147
686,574,78,146
688,575,78,146
690,576,78,145
692,578,77,143
693,580,75,140
695,582,74,138
696,584,74,136
698,585,73,135
699,587,73,133
699,587,73,133
700,587,73,133
700,587,73,133
701,588,73,132
701,589,74,132
702,590,74,131
702,591,75,130
702,592,75,128
702,593,76,127
702,595,77,126
703,596,79,124
703,598,80,123
704,599,80,121
706,601,80,120
707,602,80,118
708,604,80,116
709,606,80,115
710,608,80,113
712,610,80,111
714,611,80,110
716,613,80,108
718,613,80,108
719,613,80,108
721,613,80,108
723,613,80,108
725,613,80,108
727,613,80,108
728,615,80,106
729,617,80,103
730,619,80,101
732,621,79,99
733,623,78,98
735,625,77,96
735,626,77,94
736,628,77,93
736,629,77,91
736,630,77,90
737,632,76,89
737,633,76,88
738,634,76,87
738,634,76,86
739,635,76,85
739,636,76,84
739,637,76,82
739,638,76,81
739,639,76,80
739,640,76,80
739,641,76,79
740,643,77,77
740,645,77,76
741,647,78,74
742,649,78,72
742,650,78,70
743,652,78,68
745,655,77,66
747,657,75,63
749,660,74,61
752,662,73,59
755,663,71,58
758,665,70,56
759,666,70,55
760,667,70,53
761,668,70,52
761,669,70,51
761,671,70,50
761,672,70,49
765,673,65,48
769,673,61,48
773,674,56,47
774,676,51,45
776,677,47,43
777,679,42,41
777,679,42,41
777,679,42,41
777,679,42,41
777,680,40,41
777,680,39,40
777,681,37,40
777,681,37,39
777,682,37,39
777,682,37,38
777,683,37,38
777,683,36,37
777,684,36,37
777,685,36,36
778,685,36,36
778,686,36,35
778,687,36,34
779,687,36,33
779,688,36,32
780,689,36,31
780,691,36,30
781,692,36,29
782,692,36,28
783,693,36,28
784,693,36,27
784,693,36,27
785,693,36,27
785,693,36,27
786,694,36,26
786,694,35,26
787,695,35,25
788,696,34,24
788,696,34,24
789,697,33,23
789,698,33,22
789,700,32,21
789,701,32,20
NaN,NaN,NaN,NaN
NaN,NaN,NaN,NaN
NaN,NaN,NaN,NaN
NaN,NaN,NaN,NaN
NaN,NaN,NaN,NaN
NaN,NaN,NaN,NaN
NaN,NaN,NaN,NaN
NaN,NaN,NaN,NaN
NaN,NaN,NaN,NaN
NaN,NaN,NaN,NaN
NaN,NaN,NaN,NaN
NaN,NaN,NaN,NaN
NaN,NaN,NaN,NaN
NaN,NaN,NaN,NaN
NaN,NaN,NaN,NaN
NaN,NaN,NaN,NaN
NaN,NaN,NaN,NaN
NaN,NaN,NaN,NaN
NaN,NaN,NaN,NaN
NaN,NaN,NaN,NaN
NaN,NaN,NaN,NaN
NaN,NaN,NaN,NaN
NaN,NaN,NaN,NaN
NaN,NaN,NaN,NaN
NaN,NaN,NaN,NaN
NaN,NaN,NaN,NaN
NaN,NaN,NaN,NaN
NaN,NaN,NaN,NaN
NaN,NaN,NaN,NaN
NaN,NaN,NaN,NaN
NaN,NaN,NaN,NaN
NaN,NaN,NaN,NaN
NaN,NaN,NaN,NaN
NaN,NaN,NaN,NaN
NaN,NaN,NaN,NaN
NaN,NaN,NaN,NaN
NaN,NaN,NaN,NaN
NaN,NaN,NaN,NaN
NaN,NaN,NaN,NaN
NaN,NaN,NaN,NaN
NaN,NaN,NaN,NaN
NaN,NaN,NaN,NaN
NaN,NaN,NaN,NaN
NaN,NaN,NaN,NaN
NaN,NaN,NaN,NaN
NaN,NaN,NaN,NaN
NaN,NaN,NaN,NaN
NaN,NaN,NaN,NaN
NaN,NaN,NaN,NaN
NaN,NaN,NaN,NaN
NaN,NaN,NaN,NaN
NaN,NaN,NaN,NaN
NaN,NaN,NaN,NaN
NaN,NaN,NaN,NaN
NaN,NaN,NaN,NaN
NaN,NaN,NaN,NaN
NaN,NaN,NaN,NaN
NaN,NaN,NaN,NaN
NaN,NaN,NaN,NaN
NaN,NaN,NaN,NaN
NaN,NaN,NaN,NaN
NaN,NaN,NaN,NaN
NaN,NaN,NaN,NaN
NaN,NaN,NaN,NaN
NaN,NaN,NaN,NaN
NaN,NaN,NaN,NaN
NaN,NaN,NaN,NaN
NaN,NaN,NaN,NaN
NaN,NaN,NaN,NaN
NaN,NaN,NaN,NaN
NaN,NaN,NaN,NaN
NaN,NaN,NaN,NaN
NaN,NaN,NaN,NaN
NaN,NaN,NaN,NaN
NaN,NaN,NaN,NaN
NaN,NaN,NaN,NaN
NaN,NaN,NaN,NaN
NaN,NaN,NaN,NaN
NaN,NaN,NaN,NaN
NaN,NaN,NaN,NaN
NaN,NaN,NaN,NaN
NaN,NaN,NaN,NaN
NaN,NaN,NaN,NaN
NaN,NaN,NaN,NaN
NaN,NaN,NaN,NaN
NaN,NaN,NaN,NaN
NaN,NaN,NaN,NaN
NaN,NaN,NaN,NaN
NaN,NaN,NaN,NaN
NaN,NaN,NaN,NaN
NaN,NaN,NaN,NaN
NaN,NaN,NaN,NaN
NaN,NaN,NaN,NaN
NaN,NaN,NaN,NaN
NaN,NaN,NaN,NaN
764,681,63,40
761,659,66,62
758,636,68,85
755,614,71,107
755,588,70,130
755,562,70,152
755,536,69,175
755,511,69,170
756,487,68,165
756,462,68,160
756,432,68,157
755,402,68,155
755,372,68,152
756,349,67,152
756,325,66,151
757,302,65,151
756,285,66,153
755,269,67,154
754,252,68,156
754,246,67,157
753,239,66,159
753,233,65,160
753,232,65,160
752,231,64,160
752,230,64,160
751,230,64,160
750,230,64,160
749,230,64,160
748,231,64,156
746,231,65,153
745,232,65,149
744,234,66,149
743,235,66,149
742,237,67,149
741,242,67,150
741,246,67,150
740,251,67,151
740,256,67,152
739,260,67,154
739,265,67,155
739,269,67,155
739,272,67,155
739,276,67,155
739,276,67,155
739,277,67,155
739,277,67,155
739,278,66,153
740,278,64,151
740,279,63,149
740,279,63,147
739,280,63,146
739,280,63,144
739,281,63,144
739,281,63,145
739,282,63,145
738,282,63,147
737,283,63,148
736,283,63,150
736,283,62,151
735,284,62,151
735,284,61,152
734,285,61,152
734,286,60,152
733,287,60,152
732,288,60,151
730,290,60,150
729,291,60,149
728,296,61,146
726,300,61,144
725,305,62,141
724,308,62,142
724,311,63,142
723,314,63,143
722,314,63,144
722,315,63,145
721,315,63,146
721,315,63,146
721,316,63,146
721,316,63,146
720,316,63,146
720,316,63,146
719,316,63,146
720,315,62,146
720,315,62,146
721,314,61,146
721,314,61,142
721,313,61,138
721,313,61,134
721,313,59,134
721,314,58,135
721,314,56,135
720,315,56,137
718,315,56,138
717,316,56,140
716,317,56,142
715,317,56,143
714,318,56,145
713,317,56,145
713,316,55,145
712,315,55,145
710,315,55,144
707,315,56,143
705,315,56,142
704,315,56,139
702,315,57,135
701,315,57,132
700,315,57,132
698,316,57,133
697,316,57,133
696,317,58,135
695,318,58,138
694,319,59,140
693,319,59,141
692,320,59,142
691,320,59,143
691,320,59,143
691,321,59,143
691,321,59,143
690,321,59,143
690,321,59,143
689,321,59,143
689,321,58,140
689,321,58,136
689,321,57,133
689,321,56,133
689,321,55,133
689,321,54,133
688,322,54,133
688,324,54,133
687,325,54,133
686,325,54,134
685,326,54,136
684,326,54,137
684,326,53,137
683,327,53,137
683,327,52,137
682,327,52,137
681,326,52,137
680,326,52,137
679,326,53,135
677,325,53,133
676,325,54,131
675,325,54,130
675,325,54,129
674,325,54,128
673,325,54,128
673,325,54,129
672,325,54,129
672,326,54,130
672,327,54,130
672,328,54,131
672,328,54,132
672,328,54,134
672,328,54,135
673,328,54,135
673,328,54,135
674,328,54,135
674,328,54,135
674,329,54,134
674,329,54,134
675,329,53,132
675,328,53,129
676,328,52,127
676,329,52,127
675,329,52,127
675,330,52,127
675,330,52,128
675,330,52,130
675,330,52,131
675,331,52,131
674,331,52,131
674,332,52,131
674,332,52,131
673,332,52,131
673,332,52,131
672,331,52,130
671,331,52,128
670,330,52,127
669,330,52,126
669,330,52,124
668,330,52,123
668,331,53,123
667,331,53,123
667,332,54,123
667,332,54,124
668,333,54,126
668,333,54,127
668,333,54,128
669,334,54,130
669,334,54,131
669,334,54,131
670,334,54,131
670,334,54,131
671,334,54,131
671,334,54,131
672,334,54,131
673,334,53,128
674,334,52,125
675,334,51,122
675,334,51,122
676,334,51,122
676,334,51,122
677,334,51,123
677,334,51,124
678,334,51,125
677,335,51,126
677,336,51,128
676,337,51,129
676,337,51,130
675,337,51,130
675,337,51,131
675,336,51,131
675,336,51,131
675,335,51,131
675,335,51,128
674,335,52,125
674,335,52,122
674,337,52,122
673,339,52,122
673,341,52,122
673,343,52,123
674,346,52,124
674,348,52,125
674,350,53,126
675,351,53,127
675,353,54,128
675,353,54,129
674,354,55,129
674,354,55,130
675,354,55,130
677,353,55,130
678,353,55,130
678,353,55,128
679,353,55,126
679,353,55,124
680,353,54,123
681,353,53,123
682,353,52,122
683,353,51,123
684,353,51,123
685,353,50,124
686,354,50,126
686,354,50,127
687,355,50,129
687,355,50,130
687,355,50,130
687,355,50,131
686,355,50,131
686,355,50,131
685,355,50,131
685,355,50,128
684,355,51,126
684,355,51,123
684,355,52,122
683,355,53,121
683,355,54,120
683,355,54,121
683,355,54,123
683,355,54,124
684,356,54,125
684,356,54,126
685,357,54,127
686,357,54,129
686,357,54,130
687,357,54,132
688,357,54,132
688,356,54,132
689,356,54,132
690,356,54,130
690,356,54,128
691,356,54,126
692,356,54,125
693,355,53,123
694,355,53,122
695,356,53,123
696,356,52,123
697,357,52,124
697,358,52,126
696,358,52,127
696,359,52,129
696,359,52,130
696,360,52,131
696,360,52,132
696,360,51,132
696,360,50,132
696,360,49,132
695,360,50,130
694,361,50,127
693,361,51,125
692,361,52,123
692,361,53,121
691,361,54,119
691,361,54,120
691,362,54,122
691,362,54,123
691,363,54,124
691,363,54,126
691,364,54,127
691,365,54,128
691,366,54,130
691,367,54,131
692,367,54,131
692,367,55,131
693,367,55,131
693,367,55,131
694,368,55,131
694,368,55,131
694,368,55,128
695,368,55,125
695,368,55,122
696,368,54,122
697,369,53,122
698,369,52,122
698,369,52,124
698,370,52,127
698,370,52,129
698,371,52,129
698,371,52,129
698,372,52,129
698,372,52,130
697,373,52,132
697,373,52,133
696,373,52,133
696,373,52,133
695,373,52,133
694,373,53,131
694,373,53,128
693,373,54,126
693,373,54,125
692,373,55,125
692,373,55,124
692,373,55,125
691,373,56,125
691,373,56,126
691,373,56,128
691,374,56,130
691,374,56,132
692,374,56,133
692,374,56,135
693,374,56,136
694,374,56,136
694,375,56,136
695,375,56,136
695,375,56,134
696,375,56,133
696,375,56,131
697,375,56,127
697,374,56,124
698,374,56,120
698,374,56,122
698,373,56,123
698,373,56,125
699,373,56,126
699,373,56,127
700,373,56,128
700,373,56,129
700,373,55,129
700,373,55,130
700,373,55,131
700,373,55,131
700,373,55,132
700,372,55,132
700,372,55,132
700,371,55,132
700,370,55,129
700,370,55,127
700,369,55,124
699,369,55,123
699,368,55,123
698,368,55,122
698,368,55,123
699,368,55,123
699,368,55,124
699,367,55,126
700,367,54,127
700,366,54,129
701,366,54,130
702,366,54,130
703,366,54,131
704,365,53,131
704,364,53,131
705,363,52,131
705,363,52,130
706,363,52,130
706,363,52,129
706,362,53,126
705,360,53,123
705,359,54,120
705,359,54,120
705,359,54,120
705,359,54,120
705,359,54,122
705,359,54,123
705,359,54,125
705,359,54,126
705,359,54,128
705,359,54,129
705,359,53,129
706,358,53,130
706,358,52,130
706,358,51,130
706,357,51,130
706,357,50,130
706,356,50,129
705,354,50,127
705,353,50,126
704,353,50,123
704,353,50,119
703,353,50,116
703,353,50,117
703,353,50,118
703,353,50,119
703,353,50,120
703,353,50,121
703,353,50,122
703,354,50,122
703,354,50,123
703,355,50,123
703,356,50,123
703,356,50,123
703,357,50,123
703,358,50,123
704,359,50,123
704,360,50,123
705,361,50,121
705,361,50,119
706,362,50,117
706,362,50,117
706,362,50,117
706,362,50,117
705,362,50,117
705,363,50,117
704,363,50,117
704,364,50,117
703,365,50,117
703,366,50,117
703,367,50,117
703,368,50,117
703,369,50,117
703,371,49,117
702,372,49,117
702,374,48,117
701,375,48,116
700,375,48,115
699,376,48,114
699,376,48,114
698,376,48,114
698,376,48,114
698,376,48,114
697,377,49,115
697,377,49,115
696,378,49,116
696,378,50,117
695,379,50,118
695,380,50,118
695,382,50,118
695,383,50,118
694,384,50,119
694,384,51,121
693,385,51,122
693,387,51,121
692,388,52,120
692,390,52,119
692,390,52,117
692,390,52,116
692,390,52,114
692,390,52,115
692,390,52,116
692,390,52,117
692,391,52,117
691,392,52,118
691,393,52,118
690,394,52,118
690,395,52,118
689,396,52,118
688,398,52,118
688,400,52,118
687,402,52,118
686,403,52,117
685,405,51,117
684,406,51,116
683,407,51,115
683,408,51,115
682,409,51,114
681,409,51,115
681,410,51,115
680,410,51,116
680,411,51,116
679,412,51,116
679,413,51,116
679,414,51,118
679,415,51,119
679,416,51,121
679,418,52,121
678,419,52,121
678,421,53,121
678,423,53,119
679,424,53,118
679,426,53,116
679,426,53,115
680,427,53,115
680,427,53,114
681,428,53,114
682,428,53,114
683,429,53,114
683,430,52,115
684,431,52,116
684,432,51,117
684,434,51,117
684,435,51,117
684,437,51,117
683,439,51,117
683,440,51,117
682,442,51,117
681,444,51,115
680,445,51,113
679,447,51,111
679,448,51,111
678,448,51,111
678,449,51,111
678,450,51,113
679,451,51,114
679,452,51,116
679,454,51,116
680,455,51,116
680,457,51,116
680,459,51,116
680,460,51,117
680,462,51,117
681,464,51,118
681,465,51,118
682,467,51,119
682,469,51,119
682,470,51,119
682,472,51,119
683,473,51,117
683,474,51,114
684,475,51,112
684,476,51,113
685,477,51,115
685,478,51,116
685,480,51,116
685,481,51,116
685,483,51,116
685,485,51,117
685,487,51,118
685,489,51,119
685,492,51,119
685,494,51,119
685,497,51,119
684,499,51,118
684,501,51,117
683,503,51,116
683,504,51,114
682,506,51,113
682,507,51,111
682,508,51,112
683,508,51,114
683,509,51,115
683,511,51,116
683,512,51,116
683,514,51,117
684,516,51,117
684,518,51,117
685,520,51,117
686,523,51,118
687,525,51,119
688,528,51,120
688,529,51,119
689,531,51,117
689,532,51,116
690,534,51,114
690,535,51,113
691,537,51,111
692,537,51,111
692,538,51,112
693,538,51,112
693,539,51,114
693,541,52,115
693,542,52,117
693,544,52,117
693,546,52,117
693,548,52,117
693,550,52,117
692,552,52,117
692,554,52,117
692,555,52,115
691,556,52,114
691,557,52,112
691,557,52,112
692,557,52,112
692,557,52,112
692,557,53,113
691,558,53,113
691,558,54,114
691,558,54,115
692,559,55,117
692,559,55,118
692,559,55,118
693,560,55,118
693,560,55,118
694,561,55,118
694,562,55,118
695,563,55,118
696,563,55,118
696,563,55,118
697,563,55,118
698,563,54,114
699,563,54,111
700,563,53,107
700,563,54,109
699,563,54,111
699,563,55,113
699,563,55,115
699,564,55,117
699,564,55,119
699,564,55,120
698,564,55,121
698,564,55,122
698,564,55,122
698,564,55,122
698,564,55,122
698,563,55,122
698,562,55,122
698,561,55,122
698,561,55,119
698,561,54,115
698,561,54,112
697,561,54,112
697,560,54,112
696,560,54,112
696,561,54,114
695,561,54,116
695,562,54,118
695,562,54,119
695,563,54,121
695,563,54,122
695,563,54,123
696,563,55,125
696,563,55,126
696,563,55,126
697,563,55,126
697,563,55,126
697,563,55,122
698,563,55,119
698,563,55,115
698,564,55,115
698,564,55,115
698,565,55,115
698,566,55,116
698,567,55,118
698,568,55,119
698,569,54,120
698,569,53,122
698,570,52,123
697,570,52,123
695,570,52,123
694,570,52,123
694,571,52,121
693,572,52,118
693,573,52,116
692,574,53,114
690,574,53,113
689,575,54,111
688,576,54,112
688,577,55,114
687,578,55,115
686,579,55,116
686,581,56,118
685,582,56,119
685,583,56,120
685,584,56,121
685,585,56,122
685,586,56,122
685,588,56,122
685,589,56,122
686,590,56,119
686,591,55,117
687,592,55,114
687,593,54,114
686,594,53,114
686,595,52,114
686,597,52,116
685,598,52,117
685,600,52,119
684,603,52,117
682,605,52,114
681,608,52,112
680,610,52,110
680,612,52,108
679,614,52,106
677,616,52,104
676,617,53,103
674,619,53,101
672,621,53,100
671,622,54,98
669,624,54,97
669,624,54,97
668,624,54,97
668,624,54,97
667,627,54,94
667,630,54,91
666,633,54,88
666,635,54,86
665,636,54,85
665,638,54,83
665,640,54,81
664,643,54,78
664,645,54,76
664,647,54,74
664,649,54,71
664,651,54,69
663,652,54,68
663,653,54,67
662,654,54,66
661,656,54,64
660,658,54,62
659,660,54,60
659,662,54,59
658,663,54,57
658,665,54,56
657,668,54,53
655,670,54,51
654,673,54,48
653,675,54,46
652,678,54,43
651,680,54,41
650,682,54,39
648,683,54,38
647,685,54,36
648,686,52,34
648,688,49,33
649,689,47,31
651,691,42,29
652,693,37,28
654,695,32,26
NaN,NaN,NaN,NaN
NaN,NaN,NaN,NaN
NaN,NaN,NaN,NaN
NaN,NaN,NaN,NaN
NaN,NaN,NaN,NaN
NaN,NaN,NaN,NaN
NaN,NaN,NaN,NaN
NaN,NaN,NaN,NaN
NaN,NaN,NaN,NaN
NaN,NaN,NaN,NaN
NaN,NaN,NaN,NaN
NaN,NaN,NaN,NaN
NaN,NaN,NaN,NaN
NaN,NaN,NaN,NaN
NaN,NaN,NaN,NaN
NaN,NaN,NaN,NaN
NaN,NaN,NaN,NaN
NaN,NaN,NaN,NaN
NaN,NaN,NaN,NaN
NaN,NaN,NaN,NaN
NaN,NaN,NaN,NaN
NaN,NaN,NaN,NaN
NaN,NaN,NaN,NaN
NaN,NaN,NaN,NaN
NaN,NaN,NaN,NaN
NaN,NaN,NaN,NaN
NaN,NaN,NaN,NaN
NaN,NaN,NaN,NaN
NaN,NaN,NaN,NaN
NaN,NaN,NaN,NaN
NaN,NaN,NaN,NaN
NaN,NaN,NaN,NaN
NaN,NaN,NaN,NaN
NaN,NaN,NaN,NaN
NaN,NaN,NaN,NaN
NaN,NaN,NaN,NaN
NaN,NaN,NaN,NaN
NaN,NaN,NaN,NaN
NaN,NaN,NaN,NaN
NaN,NaN,NaN,NaN
NaN,NaN,NaN,NaN
NaN,NaN,NaN,NaN
NaN,NaN,NaN,NaN
NaN,NaN,NaN,NaN
NaN,NaN,NaN,NaN
NaN,NaN,NaN,NaN
NaN,NaN,NaN,NaN
NaN,NaN,NaN,NaN
NaN,NaN,NaN,NaN
NaN,NaN,NaN,NaN
NaN,NaN,NaN,NaN
NaN,NaN,NaN,NaN
NaN,NaN,NaN,NaN
NaN,NaN,NaN,NaN
NaN,NaN,NaN,NaN
NaN,NaN,NaN,NaN
NaN,NaN,NaN,NaN
NaN,NaN,NaN,NaN
NaN,NaN,NaN,NaN
NaN,NaN,NaN,NaN
NaN,NaN,NaN,NaN
NaN,NaN,NaN,NaN
NaN,NaN,NaN,NaN
NaN,NaN,NaN,NaN
NaN,NaN,NaN,NaN
NaN,NaN,NaN,NaN
NaN,NaN,NaN,NaN
NaN,NaN,NaN,NaN
NaN,NaN,NaN,NaN
NaN,NaN,NaN,NaN
NaN,NaN,NaN,NaN
NaN,NaN,NaN,NaN
NaN,NaN,NaN,NaN
NaN,NaN,NaN,NaN
NaN,NaN,NaN,NaN
NaN,NaN,NaN,NaN
NaN,NaN,NaN,NaN
NaN,NaN,NaN,NaN
NaN,NaN,NaN,NaN
NaN,NaN,NaN,NaN
619,690,47,31
618,674,48,46
617,659,50,62
616,643,51,77
617,622,51,82
617,600,51,87
618,579,51,92
618,560,51,92
618,541,51,92
618,522,51,92
618,502,51,92
619,482,51,92
619,462,51,92
619,443,51,92
619,423,51,92
619,404,51,92
619,392,50,91
618,381,50,90
618,369,49,89
617,363,49,87
617,358,49,85
616,352,49,83
616,350,49,83
617,349,49,83
617,347,49,83
617,346,49,84
617,346,49,86
617,345,49,87
617,345,49,88
617,344,49,89
617,344,49,90
617,344,49,91
618,343,49,91
618,343,49,92
619,342,49,90
619,341,48,88
620,340,48,86
621,338,47,86
621,337,47,86
622,335,46,86
622,334,46,87
622,333,46,87
622,332,46,88
622,331,46,90
622,329,46,91
622,328,46,93
622,327,46,94
621,325,46,95
621,324,46,96
621,322,46,96
620,321,46,96
620,319,46,96
619,318,46,93
619,316,46,89
618,315,46,86
618,313,46,84
617,312,46,83
617,310,46,81
617,309,46,83
616,308,46,85
616,307,46,87
616,306,46,88
616,305,46,90
616,304,46,91
616,303,46,92
616,302,46,92
616,301,46,93
616,300,46,93
616,299,46,93
616,298,46,93
616,297,46,91
617,295,46,89
617,294,46,87
617,294,46,85
618,293,46,83
618,293,46,81
619,293,45,82
619,293,43,83
620,293,42,84
619,293,42,86
619,292,42,87
618,292,42,89
618,292,42,90
617,292,41,91
617,292,41,92
616,291,41,92
614,290,41,92
613,289,41,92
613,289,41,90
612,289,41,89
612,289,41,87
611,290,41,85
610,290,42,83
609,291,42,81
609,292,42,81
608,294,42,82
608,295,42,82
608,296,42,84
608,297,42,85
608,298,42,87
608,300,42,87
609,301,42,87
609,303,42,87
610,304,42,87
611,305,42,87
612,306,42,87
612,307,42,87
612,307,42,86
612,308,42,86
613,309,41,84
613,310,41,82
614,311,40,80
614,312,40,81
615,313,40,82
615,314,40,83
615,315,40,84
615,317,39,84
615,318,39,85
615,319,39,86
615,319,39,88
615,320,39,89
614,321,39,89
613,322,39,89
612,323,39,89
611,324,39,87
610,324,39,85
609,325,39,83
609,326,39,82
608,327,39,80
608,328,39,79
608,330,39,80
608,332,40,80
608,334,40,81
607,335,40,82
607,337,40,82
606,338,40,83
606,339,40,84
606,340,40,85
606,341,40,86
606,342,40,86
606,343,40,86
606,344,40,86
606,344,40,85
606,345,40,85
606,345,40,84
606,346,40,82
605,347,39,81
605,348,39,79
605,349,39,79
606,351,38,79
606,352,38,79
605,353,38,80
605,354,38,81
604,355,38,82
604,356,37,82
603,358,37,82
603,359,36,82
603,360,36,82
602,361,36,82
602,362,36,82
601,363,36,82
600,365,36,82
599,366,36,82
598,367,36,80
598,367,36,79
597,368,36,77
596,369,36,78
596,371,37,78
595,372,37,79
595,373,37,79
594,375,37,80
594,376,37,80
594,377,37,81
593,378,37,82
593,379,37,83
593,380,37,83
593,381,37,83
593,382,37,83
593,383,37,83
593,383,37,83
593,384,37,83
593,385,37,81
593,386,37,79
593,387,37,77
593,388,37,77
593,389,37,77
593,390,37,77
593,391,37,78
593,392,37,79
593,393,37,80
593,394,36,81
593,396,36,83
593,397,35,84
592,398,35,84
591,398,35,84
590,399,35,84
589,400,35,84
588,400,35,84
587,401,35,84
587,402,35,82
586,402,35,80
586,403,35,78
586,405,35,78
585,406,35,78
585,408,35,78
584,409,35,79
584,410,36,80
583,411,36,81
583,412,36,82
583,414,36,82
583,415,36,83
583,416,36,83
583,417,36,83
583,418,36,83
583,419,36,83
583,419,36,83
583,420,36,83
583,421,36,81
582,422,36,78
582,423,36,76
582,424,36,76
583,426,35,76
583,427,35,76
582,428,35,77
582,430,35,78
581,431,35,79
581,432,35,81
580,433,34,82
580,434,34,84
579,435,34,84
578,437,34,84
577,438,34,84
576,439,34,84
575,439,34,84
574,440,34,84
573,442,34,81
572,443,34,79
571,445,34,76
570,446,34,76
568,448,35,76
567,449,35,76
566,450,36,77
566,452,36,79
565,453,37,80
565,455,37,81
564,457,38,82
564,459,38,83
564,460,38,83
563,461,39,83
563,462,39,83
563,463,38,83
563,463,37,83
563,464,36,83
563,465,35,81
563,466,34,78
563,467,33,76
563,468,33,76
563,468,32,76
563,469,32,76
563,468,32,77
563,468,31,79
563,467,31,80
562,468,31,80
562,468,31,81
561,469,31,81
560,469,31,81
560,468,31,81
559,468,31,81
558,468,31,81
558,469,31,81
557,469,31,81
557,469,31,79
556,470,32,78
556,470,32,76
555,470,32,76
554,471,33,77
553,471,33,77
553,471,33,78
552,472,33,78
552,472,33,79
552,473,33,80
551,474,33,80
551,475,33,81
551,475,33,81
551,475,32,82
551,475,32,82
551,476,32,82
551,476,32,82
551,477,32,82
551,477,32,81
551,478,32,79
551,478,32,78
551,479,32,78
550,479,32,78
550,480,32,78
550,482,32,78
549,483,32,78
549,485,32,78
549,485,32,79
548,486,32,79
548,486,32,80
548,487,32,80
547,487,31,80
547,488,31,80
547,488,31,80
546,489,30,80
546,489,30,80
545,489,30,78
545,489,30,76
544,489,30,74
544,488,30,75
543,487,31,75
543,486,31,76
542,486,31,76
542,486,31,76
541,486,31,76
541,486,31,77
541,485,31,78
541,485,31,79
541,484,31,79
541,484,31,79
541,483,31,79
541,482,31,79
542,481,31,79
542,480,31,79
542,480,31,77
543,480,31,76
543,480,31,74
543,480,31,74
543,480,31,74
543,480,31,74
543,480,31,74
543,479,30,75
543,479,30,75
542,479,30,76
542,479,30,77
541,479,30,78
541,479,30,78
540,479,30,78
540,479,30,78
539,479,30,78
539,478,30,78
538,478,30,78
537,478,30,77
537,478,30,76
536,478,30,75
536,478,30,75
535,477,30,75
535,477,30,75
535,477,30,75
535,478,30,75
535,478,30,75
535,479,30,75
534,479,30,75
534,480,30,75
534,480,30,76
534,479,30,76
534,479,30,77
534,479,30,77
535,480,30,77
535,480,30,77
535,479,30,76
535,479,30,75
535,478,30,74
535,478,30,74
535,478,29,74
535,478,29,74
535,478,29,74
535,478,29,74
535,478,29,74
535,478,29,75
534,478,29,76
534,478,29,77
534,478,29,77
534,478,29,77
534,478,29,77
534,478,29,77
533,479,29,77
533,479,29,77
533,478,29,77
532,478,29,77
532,477,29,77
532,477,29,75
531,477,29,74
531,477,29,72
531,477,29,72
530,478,29,73
530,478,29,73
530,478,29,74
529,479,30,75
529,479,30,76
529,479,30,76
529,480,30,76
529,480,30,76
529,480,30,76
529,480,30,76
529,480,30,76
530,480,29,75
530,479,29,75
531,479,28,74
531,479,28,73
530,479,28,73
530,479,28,72
530,480,28,72
529,480,28,72
529,481,28,72
529,481,28,73
528,482,27,73
528,482,27,74
527,482,27,75
527,482,27,75
526,482,27,76
525,482,27,76
525,482,27,76
524,482,27,76
523,482,27,75
523,482,28,74
522,482,28,73
522,482,28,72
521,483,29,72
521,483,29,71
521,484,29,71
521,484,29,71
521,485,29,71
521,485,29,71
520,486,29,72
520,486,29,72
520,487,29,72
519,488,29,72
519,489,29,72
519,489,29,72
519,489,29,72
519,489,29,72
519,489,29,72
519,490,29,72
519,490,29,72
519,490,29,71
520,490,28,70
520,490,28,69
520,491,28,69
521,491,27,69
521,492,27,69
521,493,27,70
521,493,27,70
521,494,27,71
521,495,27,71
520,495,28,72
520,496,28,72
519,497,28,72
519,497,28,72
518,498,28,72
517,498,28,72
517,499,28,72
516,499,28,72
515,500,28,71
515,500,29,69
514,501,29,68
514,502,29,68
513,503,29,68
513,504,29,68
513,505,29,68
512,507,29,68
512,508,29,68
512,509,29,69
512,510,29,69
512,511,29,70
512,512,29,70
512,513,29,70
512,514,29,70
512,514,29,71
513,515,29,71
513,515,29,72
513,516,29,71
514,516,28,70
514,517,28,69
514,518,28,69
515,519,28,69
515,520,28,69
515,522,28,69
514,523,28,69
514,525,28,69
514,526,28,69
513,528,28,70
513,529,28,70
513,530,28,70
512,531,28,70
512,532,28,70
511,532,28,71
510,533,28,71
509,533,28,72
509,534,28,70
508,536,27,69
508,537,27,67
507,538,27,67
507,540,27,67
506,541,27,67
505,542,27,67
505,543,27,67
504,544,27,67
504,545,27,68
505,546,26,68
505,547,26,69
505,548,26,69
505,549,25,69
505,550,25,69
505,551,25,69
505,552,25,69
505,553,25,69
505,554,25,68
505,554,25,68
505,555,25,67
505,556,25,67
505,558,26,67
505,559,26,67
505,560,26,67
504,561,26,67
504,562,26,67
504,563,26,68
503,563,26,68
503,564,26,69
502,565,26,69
501,567,26,69
500,568,26,69
500,569,26,69
499,569,25,69
499,570,25,69
499,571,25,68
498,571,25,66
498,572,25,65
498,573,25,65
497,573,25,65
497,574,25,65
497,575,25,66
496,576,25,67
496,577,25,68
496,578,25,68
495,580,25,69
495,581,25,69
495,582,25,69
496,583,25,69
496,584,25,69
496,585,25,69
496,585,25,69
496,586,25,69
496,587,25,68
495,588,25,67
495,589,25,66
495,590,25,66
494,591,25,66
494,592,25,66
493,593,25,66
493,594,25,67
492,595,25,67
491,596,25,67
491,597,25,67
490,598,25,67
489,599,25,68
489,600,25,68
488,601,25,69
487,602,25,69
487,603,24,69
486,604,24,69
486,605,24,68
485,605,24,67
485,606,24,66
484,607,24,66
484,608,25,66
483,609,25,66
483,610,25,66
483,611,25,66
483,612,25,66
483,613,25,66
483,615,25,66
483,616,25,66
483,617,25,66
484,618,25,66
484,619,25,66
484,620,25,66
485,620,25,66
485,621,25,66
485,622,25,66
486,622,25,66
486,623,25,66
486,623,25,66
486,624,25,66
486,624,25,66
486,624,25,66
487,623,25,66
487,623,25,66
487,623,25,66
487,623,25,66
487,623,25,66
487,622,25,66
488,622,25,66
488,621,25,66
488,620,25,66
488,620,24,66
488,619,24,66
488,618,24,66
488,617,24,66
488,616,24,66
488,615,24,65
489,615,24,65
489,614,24,64
489,614,24,64
489,613,24,64
489,613,24,64
489,613,24,64
490,612,24,64
490,612,24,64
491,611,24,64
491,611,24,64
492,610,24,64
492,610,24,64
493,609,24,64
493,609,24,64
494,608,24,64
494,607,24,64
495,606,24,64
496,605,24,64
496,605,24,64
497,604,24,64
497,604,24,64
498,603,24,64
498,603,24,64
499,603,24,64
499,602,24,64
500,602,24,64
500,602,24,64
501,602,24,64
501,602,24,64
501,601,24,64
501,601,24,64
501,600,24,64
501,599,24,64
502,599,24,64
502,598,24,64
502,597,24,64
502,596,24,64
502,595,24,64
502,595,24,63
503,595,23,63
503,595,23,62
504,595,23,62
504,594,23,62
505,594,23,62
505,594,23,62
506,594,23,62
506,594,23,62
506,593,23,62
507,593,23,62
507,592,23,62
508,591,23,62
508,591,23,62
509,590,23,62
510,590,23,62
510,589,23,62
511,589,23,62
512,588,23,62
512,588,23,62
513,587,23,62
513,587,23,62
514,587,23,62
514,587,23,62
514,587,23,62
514,587,23,62
514,587,23,62
514,587,23,62
514,586,23,62
514,586,23,62
514,586,23,62
515,585,23,62
515,585,23,62
515,584,23,62
515,584,22,62
515,583,22,62
515,583,22,61
516,582,22,61
516,582,22,60
516,582,22,60
517,582,22,60
517,582,22,60
517,582,22,60
517,582,22,60
517,582,22,60
517,582,22,60
518,582,22,60
518,582,22,60
518,582,22,60
519,582,22,60
519,582,22,60
519,581,22,60
520,581,22,60
520,580,22,60
521,579,22,60
521,579,22,60
522,578,22,60
522,578,22,60
523,577,22,60
523,577,22,60
523,577,22,60
523,578,22,60
523,578,22,60
523,578,22,60
524,578,22,60
524,578,22,60
524,578,22,60
524,578,22,60
524,578,22,60
524,578,22,60
524,578,22,60
524,578,22,60
524,578,22,60
524,577,22,60
524,577,22,60
524,577,22,60
524,577,22,60
524,577,22,60
524,577,22,60
524,577,22,60
524,577,22,60
524,577,22,60
525,577,22,60
525,577,22,60
525,577,22,60
526,576,22,60
526,576,22,60
526,576,22,60
527,575,22,60
527,575,22,60
527,575,22,60
528,576,22,60
528,576,22,60
528,576,22,59
529,575,22,58
529,575,22,57
529,575,22,58
530,574,22,59
530,574,22,60
530,574,22,60
530,574,22,60
530,574,22,60
530,574,22,60
530,574,22,60
530,574,22,60
530,574,22,60
530,574,21,60
530,574,21,60
530,573,21,60
529,573,21,60
529,572,21,60
529,572,21,59
529,572,21,59
529,572,21,58
529,572,21,58
529,572,21,58
529,572,21,58
529,572,21,58
529,572,21,58
529,572,21,58
529,573,21,58
530,573,21,58
530,574,21,58
530,574,21,58
530,574,21,58
530,574,21,58
530,574,21,58
530,573,21,58
530,573,21,58
530,573,21,58
530,573,21,58
530,573,21,58
530,573,21,58
530,573,21,58
530,573,21,58
530,573,21,58
529,573,21,58
529,573,21,58
529,573,21,58
528,574,21,58
528,574,21,58
528,574,21,58
527,574,21,58
527,574,21,58
527,574,21,58
526,574,21,58
526,574,21,58
526,573,21,58
525,573,21,57
525,572,21,57
524,572,21,57
524,573,21,57
523,573,21,57
523,573,21,57
523,573,21,57
523,573,21,57
523,573,21,57
523,573,21,57
523,573,21,57
523,573,21,57
523,574,21,57
523,574,21,57
523,574,21,57
522,573,21,57
522,573,21,57
522,573,21,57
522,573,21,57
522,573,21,57
522,573,21,57
521,573,21,57
521,573,21,57
521,573,21,57
520,574,21,57
520,574,21,57
519,574,21,57
519,575,21,57
518,575,21,57
517,575,21,57
517,576,21,57
516,576,21,57
515,576,21,57
515,576,21,57
514,576,21,57
513,576,21,57
513,576,21,57
512,576,21,57
512,576,21,57
511,576,21,57
511,576,21,57
510,576,21,57
510,575,21,57
509,575,21,57
508,576,21,57
508,576,21,57
507,577,21,57
507,577,21,57
507,577,21,57
507,577,21,57
507,577,21,57
506,578,21,57
506,578,21,57
506,578,21,57
505,578,21,57
505,578,21,57
504,578,21,57
504,579,21,57
503,579,21,57
502,579,21,57
502,580,22,57
501,580,22,57
500,580,22,57
500,580,22,57
499,580,22,57
498,581,22,57
497,581,22,57
496,582,22,57
495,582,22,57
495,581,22,57
494,581,22,57
493,581,22,57
493,582,22,57
492,582,22,57
491,582,22,57
491,582,22,57
490,582,22,57
489,583,22,57
489,583,22,57
488,584,22,57
488,584,22,57
487,585,22,57
487,585,22,57
486,585,22,57
486,585,22,57
485,585,22,57
485,585,22,57
485,586,22,57
485,586,22,57
485,586,22,57
484,585,22,57
484,585,22,57
484,585,22,57
483,585,22,57
483,585,22,57
482,586,22,57
482,586,22,57
481,587,22,57
480,587,22,57
479,588,22,57
478,588,22,57
477,588,22,58
477,587,22,58
476,587,22,59
475,587,22,59
475,587,22,59
474,587,22,59
473,587,22,59
473,587,22,59
472,587,22,59
471,587,22,59
470,587,22,59
469,587,22,59
469,587,22,59
468,588,22,59
468,588,22,59
467,588,22,59
467,589,22,59
466,589,22,59
466,589,22,59
465,590,22,59
465,590,22,59
465,590,22,59
464,589,22,59
464,589,22,59
463,589,22,59
463,590,22,59
462,590,22,59
462,590,22,59
461,590,22,59
461,590,22,59
460,590,22,59
459,591,22,59
458,591,22,59
458,591,22,59
457,592,22,59
457,592,22,59
456,592,22,59
454,592,22,59
453,592,22,59
452,592,22,60
452,591,22,60
451,591,22,61
450,591,22,61
449,591,22,61
448,591,22,61
447,591,22,61
446,591,22,61
445,591,22,61
444,591,22,61
444,592,22,61
443,592,22,61
443,592,22,61
442,593,22,61
442,593,22,61
442,593,22,61
441,594,22,61
441,594,22,61
440,594,22,61
440,595,22,61
439,595,22,61
439,595,22,61
439,596,22,60
439,596,22,60
439,596,22,60
438,596,22,60
438,596,22,60
438,596,22,60
438,597,22,60
438,597,22,60
438,598,22,60
438,598,22,61
438,599,22,61
438,599,22,61
437,599,22,61
437,599,22,61
437,599,22,61
436,600,22,61
436,600,22,61
436,600,22,61
436,600,22,61
436,600,22,61
436,600,22,61
435,600,22,61
435,600,22,61
435,600,22,61
435,601,22,61
435,601,22,61
435,601,22,61
435,602,22,62
435,602,22,62
435,602,22,62
435,603,22,62
435,603,22,62
435,603,22,62
436,604,22,62
436,604,22,62
436,604,22,62
436,604,22,62
436,604,22,62
436,604,22,62
436,604,22,62
436,604,22,62
436,605,22,62
436,605,22,62
436,606,22,62
436,606,22,62
436,607,22,62
436,607,22,62
436,608,22,62
435,608,22,62
435,609,22,62
435,609,22,63
435,610,22,63
435,610,22,64
435,610,22,64
435,610,22,64
435,610,22,64
435,610,22,64
435,610,22,64
435,610,22,64
435,611,22,64
435,611,22,64
435,612,22,64
435,612,22,64
435,613,22,64
435,613,22,64
435,614,22,64
436,615,22,64
436,616,22,64
436,617,22,64
437,617,22,64
437,618,22,64
437,618,22,64
438,618,22,64
438,618,22,64
438,618,22,64
438,619,22,64
438,619,22,64
438,619,22,64
438,620,22,64
438,620,22,64
438,621,22,64
439,621,22,64
439,622,22,64
439,623,22,64
440,623,22,64
440,624,22,64
440,625,22,64
441,625,22,65
441,626,22,65
441,626,22,65
441,626,22,65
441,626,22,65
441,626,22,65
442,627,22,65
442,627,22,65
442,627,22,65
443,628,22,65
443,628,22,65
443,629,22,65
444,629,22,64
444,630,22,64
445,631,22,64
445,631,21,64
446,632,21,64
446,633,21,64
446,633,22,65
446,634,22,65
445,635,23,65
445,635,24,65
444,636,25,65
445,636,25,65
446,637,25,64
447,637,25,64
448,637,24,64
450,637,23,65
451,637,22,65
451,638,22,65
452,639,21,65
452,640,21,65
452,640,21,67
453,640,21,68
453,640,21,70
454,639,21,69
455,639,21,68
456,638,21,67
457,633,21,59
457,627,21,51
458,622,21,43
459,617,21,44
460,611,21,45
461,606,21,46
462,602,21,46
462,597,20,46
463,593,20,46
464,586,20,49
464,580,19,51
465,573,19,54
466,568,20,54
466,562,20,54
467,557,21,54
468,549,21,55
469,541,21,57
470,533,21,58
471,526,21,58
473,520,22,58
474,513,22,58
473,510,22,58
473,506,22,58
472,503,22,58
474,511,22,48
476,520,21,39
478,528,21,29
479,528,20,29
481,529,20,29
482,529,19,29
482,530,19,29
483,532,19,29
483,533,19,29
NaN,NaN,NaN,NaN
NaN,NaN,NaN,NaN
NaN,NaN,NaN,NaN
NaN,NaN,NaN,NaN
NaN,NaN,NaN,NaN
NaN,NaN,NaN,NaN
NaN,NaN,NaN,NaN
NaN,NaN,NaN,NaN
NaN,NaN,NaN,NaN
NaN,NaN,NaN,NaN
NaN,NaN,NaN,NaN
NaN,NaN,NaN,NaN
NaN,NaN,NaN,NaN
NaN,NaN,NaN,NaN
NaN,NaN,NaN,NaN
NaN,NaN,NaN,NaN
NaN,NaN,NaN,NaN
NaN,NaN,NaN,NaN
NaN,NaN,NaN,NaN
NaN,NaN,NaN,NaN
NaN,NaN,NaN,NaN
NaN,NaN,NaN,NaN
NaN,NaN,NaN,NaN
NaN,NaN,NaN,NaN
NaN,NaN,NaN,NaN
NaN,NaN,NaN,NaN
NaN,NaN,NaN,NaN
NaN,NaN,NaN,NaN
NaN,NaN,NaN,NaN
NaN,NaN,NaN,NaN
NaN,NaN,NaN,NaN
NaN,NaN,NaN,NaN
NaN,NaN,NaN,NaN
NaN,NaN,NaN,NaN
NaN,NaN,NaN,NaN
NaN,NaN,NaN,NaN
NaN,NaN,NaN,NaN
NaN,NaN,NaN,NaN
NaN,NaN,NaN,NaN
NaN,NaN,NaN,NaN
NaN,NaN,NaN,NaN
NaN,NaN,NaN,NaN
NaN,NaN,NaN,NaN
NaN,NaN,NaN,NaN
NaN,NaN,NaN,NaN
NaN,NaN,NaN,NaN
NaN,NaN,NaN,NaN
NaN,NaN,NaN,NaN
NaN,NaN,NaN,NaN
NaN,NaN,NaN,NaN
NaN,NaN,NaN,NaN
NaN,NaN,NaN,NaN
NaN,NaN,NaN,NaN
NaN,NaN,NaN,NaN
NaN,NaN,NaN,NaN
NaN,NaN,NaN,NaN
NaN,NaN,NaN,NaN
NaN,NaN,NaN,NaN
NaN,NaN,NaN,NaN
NaN,NaN,NaN,NaN
NaN,NaN,NaN,NaN
NaN,NaN,NaN,NaN
NaN,NaN,NaN,NaN
NaN,NaN,NaN,NaN
NaN,NaN,NaN,NaN
NaN,NaN,NaN,NaN
NaN,NaN,NaN,NaN
NaN,NaN,NaN,NaN
NaN,NaN,NaN,NaN
NaN,NaN,NaN,NaN
NaN,NaN,NaN,NaN
NaN,NaN,NaN,NaN
NaN,NaN,NaN,NaN
NaN,NaN,NaN,NaN
NaN,NaN,NaN,NaN
NaN,NaN,NaN,NaN
NaN,NaN,NaN,NaN
NaN,NaN,NaN,NaN
NaN,NaN,NaN,NaN
NaN,NaN,NaN,NaN
NaN,NaN,NaN,NaN
NaN,NaN,NaN,NaN
NaN,NaN,NaN,NaN
NaN,NaN,NaN,NaN
NaN,NaN,NaN,NaN
NaN,NaN,NaN,NaN
NaN,NaN,NaN,NaN
NaN,NaN,NaN,NaN
NaN,NaN,NaN,NaN
NaN,NaN,NaN,NaN
NaN,NaN,NaN,NaN
NaN,NaN,NaN,NaN
NaN,NaN,NaN,NaN
NaN,NaN,NaN,NaN
NaN,NaN,NaN,NaN
NaN,NaN,NaN,NaN
NaN,NaN,NaN,NaN
NaN,NaN,NaN,NaN
NaN,NaN,NaN,NaN
NaN,NaN,NaN,NaN
NaN,NaN,NaN,NaN
NaN,NaN,NaN,NaN
NaN,NaN,NaN,NaN
NaN,NaN,NaN,NaN
NaN,NaN,NaN,NaN
NaN,NaN,NaN,NaN
NaN,NaN,NaN,NaN
NaN,NaN,NaN,NaN
NaN,NaN,NaN,NaN
NaN,NaN,NaN,NaN
NaN,NaN,NaN,NaN
NaN,NaN,NaN,NaN
NaN,NaN,NaN,NaN
NaN,NaN,NaN,NaN
NaN,NaN,NaN,NaN
NaN,NaN,NaN,NaN
486,516,23,48
486,516,23,53
486,516,23,57
486,516,23,62
486,516,23,62
485,516,23,62
485,516,23,62
485,516,23,62
485,516,23,62
485,516,23,62
485,516,22,63
485,516,21,65
485,516,20,66
486,516,20,66
486,516,20,67
487,516,20,67
487,516,21,68
487,517,21,69
487,517,22,70
487,517,22,70
486,518,23,70
486,518,23,70
486,518,22,70
486,519,22,70
486,519,21,70
487,519,21,70
487,520,22,69
488,520,22,69
488,520,22,69
489,520,21,69
489,520,21,69
489,520,21,69
489,520,21,69
489,520,21,69
489,520,21,69
490,519,22,69
490,519,22,69
490,516,22,67
490,514,22,66
490,511,22,64
490,507,21,60
491,503,21,56
491,499,20,52
492,495,20,50
492,490,19,49
493,486,19,47
494,481,19,47
494,476,19,47
495,471,19,47
495,466,19,47
496,460,19,47
496,455,19,47
496,449,19,50
497,444,19,53
497,438,19,56
497,432,19,55
498,425,20,55
498,419,20,54
498,416,20,56
499,414,21,57
499,411,21,59
500,411,21,60
500,411,21,61
501,411,21,62
502,412,21,62
502,412,20,61
503,413,20,61
503,413,20,62
504,413,20,64
504,413,20,65
505,413,20,52
505,413,20,38
506,413,20,25
506,413,20,25
506,413,20,25
506,413,20,25
NaN,NaN,NaN,NaN
NaN,NaN,NaN,NaN
NaN,NaN,NaN,NaN
NaN,NaN,NaN,NaN
NaN,NaN,NaN,NaN
NaN,NaN,NaN,NaN
NaN,NaN,NaN,NaN
NaN,NaN,NaN,NaN
NaN,NaN,NaN,NaN
NaN,NaN,NaN,NaN
NaN,NaN,NaN,NaN
NaN,NaN,NaN,NaN
NaN,NaN,NaN,NaN
NaN,NaN,NaN,NaN
517,416,20,50
517,416,20,50
517,416,20,50
517,416,20,50
517,416,20,50
517,416,20,50
517,416,20,50
518,417,20,47
519,417,20,45
520,418,20,42
521,418,20,42
521,419,20,42
522,419,20,42
522,419,20,42
522,420,20,42
522,420,20,42
524,420,20,42
525,419,20,41
527,419,20,41
527,419,21,52
527,419,21,63
527,419,22,74
527,420,23,73
526,421,25,73
526,422,26,72
526,422,26,72
526,422,26,73
526,422,26,73
527,422,26,73
528,422,26,73
529,422,26,73
529,422,26,65
530,422,25,56
530,422,25,48
531,422,25,51
532,422,25,55
533,422,25,58
533,422,25,62
533,422,25,66
533,422,25,70
533,423,26,70
533,425,26,70
533,426,27,70
533,426,27,70
533,427,27,70
533,427,27,70
533,427,27,70
533,427,27,70
533,427,27,70
533,428,27,70
534,430,27,70
534,431,27,70
534,431,27,70
534,431,27,70
534,431,27,70
535,432,27,65
535,432,27,59
536,433,27,54
536,433,27,53
536,433,27,53
536,433,27,52
536,434,27,51
536,434,27,51
536,435,27,50
536,436,27,50
537,436,27,49
537,437,27,49
538,438,27,48
538,438,27,47
539,439,27,46
539,439,27,46
539,439,27,46
539,439,27,46
539,439,27,45
539,440,27,44
539,440,27,43
539,441,27,42
539,441,27,42
539,442,27,41
539,443,27,41
539,443,27,41
539,444,27,41
539,446,27,39
539,447,27,38
539,449,27,36
539,449,27,36
539,449,27,36
539,449,27,36
539,449,27,35
540,450,26,35
540,450,26,34
540,450,26,34
540,451,26,33
540,451,26,33
540,451,26,37
540,451,26,40
540,451,26,44
540,452,26,44
540,454,26,44
540,455,26,44
540,455,26,44
540,455,26,44
540,455,26,44
540,456,26,44
540,456,26,44
540,457,26,44
540,458,26,45
539,458,26,46
539,459,26,47
539,459,26,50
539,459,26,54
539,459,26,57
538,460,26,59
538,461,26,60
537,462,26,62
536,463,26,62
536,465,26,62
535,466,26,62
535,466,26,62
535,467,26,62
535,467,26,62
534,469,26,62
534,470,26,62
533,472,26,62
533,472,26,62
533,473,26,62
533,473,26,62
533,473,26,62
532,474,26,62
532,474,26,62
531,476,26,62
531,478,26,62
530,480,26,62
530,481,26,63
530,481,26,65
530,482,26,66
529,484,26,67
528,485,26,68
527,487,26,69
527,488,26,69
526,488,26,69
526,489,26,69
526,489,26,72
526,489,26,75
526,489,26,78
526,490,26,79
525,491,26,81
525,492,26,82
524,493,27,83
523,495,27,83
522,496,28,84
522,498,28,84
522,499,28,83
522,501,28,83
521,502,28,82
520,503,28,82
519,504,28,81
519,506,28,80
519,507,28,80
519,509,28,79
519,510,28,79
518,511,28,79
518,512,28,79
517,512,28,80
517,512,28,80
516,512,28,81
515,513,28,81
515,514,28,81
514,515,28,81
513,515,28,81
513,516,28,82
512,516,28,82
511,516,29,82
510,516,29,83
509,516,30,83
509,517,30,83
508,517,30,83
508,518,30,83
507,518,31,82
507,518,31,80
506,518,32,79
506,519,32,79
505,521,32,79
505,522,32,79
504,524,32,81
503,525,32,84
502,527,32,86
502,528,32,86
501,529,32,86
501,530,32,86
500,532,32,85
499,533,32,85
498,535,32,84
497,537,31,84
497,538,31,83
496,540,30,83
496,542,29,83
496,544,29,82
496,546,28,82
495,548,28,82
495,549,28,83
494,551,28,83
494,553,28,83
493,555,28,83
493,557,28,83
492,558,29,84
490,560,29,86
489,561,30,87
488,563,30,87
487,565,30,87
486,567,30,87
485,569,30,87
484,571,30,88
483,573,30,88
483,574,31,86
482,575,33,85
482,576,34,83
482,577,34,83
482,579,34,83
482,580,34,83
481,582,33,85
481,584,32,88
480,586,31,90
479,588,31,90
479,590,31,90
478,592,31,90
477,594,31,88
476,596,31,87
475,598,31,85
473,601,31,84
472,604,31,83
470,607,31,82
470,609,31,82
470,610,31,82
470,612,31,82
470,614,31,83
470,615,31,84
470,617,31,85
470,619,31,86
470,621,31,86
470,623,31,87
469,625,32,88
467,626,34,89
466,628,35,90
465,630,35,89
464,632,35,88
463,634,35,87
462,635,35,85
461,637,35,84
460,638,35,82
460,641,35,80
460,643,35,77
460,646,35,75
460,647,35,74
459,647,35,73
459,648,35,72
458,650,34,70
458,653,34,68
457,655,33,66
456,657,33,64
456,660,33,61
455,662,33,59
454,664,32,57
453,666,32,55
452,668,31,53
452,670,30,51
452,672,30,48
452,674,29,46
452,676,29,44
451,679,29,42
451,681,29,40
451,683,29,38
450,684,29,37
450,686,29,35
449,688,29,33
448,691,29,30
447,693,29,28
446,694,28,27
446,695,28,25
445,696,27,24
445,699,26,22
445,701,26,19
445,704,25,17
NaN,NaN,NaN,NaN
NaN,NaN,NaN,NaN
NaN,NaN,NaN,NaN
NaN,NaN,NaN,NaN
NaN,NaN,NaN,NaN
NaN,NaN,NaN,NaN
NaN,NaN,NaN,NaN
NaN,NaN,NaN,NaN
NaN,NaN,NaN,NaN
NaN,NaN,NaN,NaN
NaN,NaN,NaN,NaN
NaN,NaN,NaN,NaN
NaN,NaN,NaN,NaN
NaN,NaN,NaN,NaN
NaN,NaN,NaN,NaN
NaN,NaN,NaN,NaN
NaN,NaN,NaN,NaN
NaN,NaN,NaN,NaN
NaN,NaN,NaN,NaN
NaN,NaN,NaN,NaN
NaN,NaN,NaN,NaN
NaN,NaN,NaN,NaN
NaN,NaN,NaN,NaN
NaN,NaN,NaN,NaN
NaN,NaN,NaN,NaN
NaN,NaN,NaN,NaN
NaN,NaN,NaN,NaN
NaN,NaN,NaN,NaN
NaN,NaN,NaN,NaN
438,702,24,19
439,681,28,40
440,659,32,62
441,638,36,83
443,601,37,83
444,563,38,83
446,526,39,83
447,481,39,82
448,437,39,81
449,392,39,80
449,365,42,80
448,337,46,80
448,310,49,80
448,284,47,81
447,257,46,81
447,231,44,82
447,206,42,82
446,180,40,82
446,155,38,82
445,135,39,83
443,116,41,84
442,96,42,85
442,89,44,83
441,81,45,82
441,74,47,80
441,73,47,80
440,73,47,80
440,72,47,80
440,74,47,79
440,76,47,78
440,78,47,77
440,81,47,77
439,84,48,77
439,87,48,77
440,96,48,77
441,104,49,78
442,113,49,78
443,129,47,78
443,145,46,78
444,161,44,78
444,180,44,78
445,198,44,78
445,217,44,78
446,232,44,78
446,247,44,78
447,262,44,78
447,275,44,78
446,288,44,78
446,301,44,78
446,319,44,79
447,338,44,80
447,356,44,81
447,382,42,81
446,408,40,81
446,434,38,81
445,458,38,81
445,482,39,81
444,506,39,81
443,533,41,82
442,560,42,84
441,587,44,85
441,607,44,81
440,628,44,76
440,648,44,72
440,666,42,54
440,685,41,36
440,703,39,18
NaN,NaN,NaN,NaN
NaN,NaN,NaN,NaN
NaN,NaN,NaN,NaN
NaN,NaN,NaN,NaN
NaN,NaN,NaN,NaN
NaN,NaN,NaN,NaN
NaN,NaN,NaN,NaN
NaN,NaN,NaN,NaN
NaN,NaN,NaN,NaN
NaN,NaN,NaN,NaN
NaN,NaN,NaN,NaN
NaN,NaN,NaN,NaN
NaN,NaN,NaN,NaN
NaN,NaN,NaN,NaN
NaN,NaN,NaN,NaN
NaN,NaN,NaN,NaN
NaN,NaN,NaN,NaN
448,705,26,15
450,681,31,39
451,657,36,63
453,633,41,87
454,602,41,86
456,570,41,85
457,539,41,84
459,517,41,84
462,495,41,83
464,473,41,83
465,462,41,82
465,451,41,82
466,440,41,81
466,433,42,78
467,426,42,76
467,419,43,73
467,417,43,73
468,415,43,73
468,413,43,73
468,413,43,72
469,413,43,72
469,413,43,71
470,413,42,71
471,414,42,71
472,414,41,71
473,415,40,71
475,417,39,72
476,418,38,72
477,422,39,72
477,425,39,72
478,429,40,72
478,434,41,73
479,440,41,73
479,445,42,74
480,447,42,75
480,450,42,75
481,452,42,76
481,452,42,76
481,453,42,76
481,453,42,76
482,452,42,77
482,452,41,77
483,451,41,78
485,450,40,78
487,449,39,79
489,448,38,79
489,447,38,79
490,447,39,79
490,446,39,79
491,446,39,79
491,445,39,78
492,445,39,78
493,445,39,77
494,445,39,75
495,445,39,74
496,445,39,74
497,445,39,73
498,445,39,73
499,444,39,73
499,444,39,72
500,443,39,72
502,443,39,73
503,442,38,74
505,442,38,75
506,441,38,75
506,441,38,75
507,440,38,75
508,440,38,76
509,439,39,76
510,439,39,77
511,439,39,77
511,438,39,77
512,438,39,77
511,437,39,77
511,437,39,77
510,436,39,77
512,434,39,79
514,433,39,80
516,431,39,82
517,430,39,82
518,428,39,82
519,427,39,82
520,426,39,82
522,425,39,82
523,424,39,82
523,423,39,82
524,423,39,82
524,422,39,82
525,421,39,80
526,421,39,77
527,420,39,75
527,420,39,75
527,420,39,75
527,420,39,75
528,419,39,74
529,419,39,74
530,418,39,73
531,417,39,73
531,417,39,73
532,416,39,73
534,415,39,74
535,414,39,74
537,413,39,75
538,413,39,75
538,412,40,75
539,412,40,75
540,411,41,76
540,411,42,77
541,410,43,78
541,409,43,78
542,408,43,78
542,407,43,78
542,406,43,78
542,406,43,78
542,405,43,78
543,403,43,79
543,402,43,80
544,400,43,81
547,398,41,80
550,397,38,79
553,395,36,78
554,395,36,78
554,395,36,78
555,395,36,78
556,394,36,78
557,393,36,78
558,392,36,78
558,391,36,77
559,391,36,76
559,390,36,75
560,389,36,74
561,389,36,74
562,388,36,73
563,387,36,73
564,387,36,74
565,386,36,74
566,386,36,74
567,386,36,74
568,386,36,74
568,385,36,74
569,384,36,74
569,383,36,74
570,382,36,74
570,382,36,75
571,381,36,75
571,380,37,76
571,380,37,77
571,379,38,78
571,378,39,78
572,378,39,78
572,377,40,78
572,376,40,79
572,375,41,80
572,374,41,81
572,373,41,81
573,371,41,80
573,370,41,80
573,369,40,80
574,369,39,80
574,368,38,80
574,368,38,80
573,367,38,80
573,367,38,80
573,366,38,80
573,366,38,80
573,365,38,80
573,365,38,79
573,365,38,77
573,365,38,76
574,364,38,75
574,364,38,75
575,363,38,74
575,363,38,74
574,363,38,74
574,363,38,74
575,362,38,75
577,362,38,75
578,361,38,76
578,361,37,77
577,360,35,77
577,360,34,78
577,360,34,78
577,360,34,78
577,360,34,78
577,359,35,78
577,359,36,79
577,358,37,79
577,357,37,79
576,357,37,79
576,356,37,79
576,355,37,80
576,355,37,81
576,354,37,82
577,353,37,82
577,351,36,82
578,350,36,82
578,349,35,81
579,348,34,81
579,347,33,80
579,347,33,80
579,347,33,80
579,347,33,80
579,345,33,80
579,344,33,80
579,342,33,80
579,341,33,80
578,340,33,80
578,339,33,80
578,339,33,80
579,338,33,80
579,338,33,80
579,338,33,79
579,338,33,77
579,338,33,76
579,337,33,76
580,335,33,76
580,334,33,76
580,334,33,76
580,334,33,76
580,334,33,76
580,333,33,77
581,332,33,78
581,331,33,79
581,330,34,79
581,330,35,79
581,329,36,79
581,329,36,79
581,329,36,79
581,329,36,79
582,327,36,80
582,326,36,82
583,324,36,83
583,323,36,84
583,321,36,84
583,320,36,85
583,319,36,85
582,318,36,85
582,317,36,85
583,317,36,85
584,317,35,85
585,317,35,85
586,316,35,84
586,315,35,82
587,314,35,81
587,314,35,80
587,314,35,79
587,314,35,78
587,313,35,78
587,313,35,78
587,312,35,78
587,312,35,77
587,312,35,77
587,312,35,76
589,311,35,77
590,311,35,77
592,310,35,78
592,310,35,78
592,309,35,78
592,309,35,78
593,309,34,78
593,309,34,78
594,309,33,78
594,308,33,78
595,306,33,78
595,305,33,78
595,303,33,79
595,300,33,79
595,298,33,80
596,295,33,81
596,293,33,82
597,290,33,83
598,288,33,82
599,287,33,82
600,285,33,81
600,283,33,81
601,282,33,82
601,280,33,82
602,277,33,82
602,275,33,82
603,272,33,82
603,270,33,82
603,267,33,82
603,265,33,82
604,265,33,81
604,265,33,79
605,265,33,78
605,265,33,78
606,264,33,78
606,264,33,78
606,263,33,78
606,263,33,78
606,262,33,78
606,262,33,78
607,262,33,78
607,262,33,78
608,262,33,78
609,261,33,78
610,261,33,78
610,261,33,79
610,260,33,79
610,260,33,80
611,259,33,81
611,257,33,82
612,256,33,83
612,256,33,83
612,255,33,83
612,255,33,83
612,254,33,82
613,252,33,82
613,251,33,81
613,249,33,81
613,247,33,82
613,245,33,82
613,244,33,83
614,243,33,85
614,242,33,86
614,242,33,86
615,241,33,86
615,241,33,86
615,239,33,86
614,238,33,86
614,236,33,86
614,236,33,85
615,235,33,84
615,235,33,83
615,234,33,83
615,233,33,83
615,232,33,83
615,232,33,83
616,231,33,83
616,231,33,83
616,229,33,84
616,228,33,84
616,226,33,85
616,225,33,85
616,224,33,86
616,223,33,86
616,222,34,86
616,220,35,86
616,219,36,86
616,218,36,87
616,216,36,89
616,215,36,90
617,214,36,90
617,212,36,90
618,211,36,90
618,209,36,88
618,206,36,86
618,204,36,84
618,202,35,84
618,200,35,84
618,198,34,84
619,197,34,86
619,196,34,87
620,195,34,89
620,193,34,89
621,192,34,89
621,190,34,89
621,188,34,89
621,187,34,89
621,185,34,89
621,184,34,89
622,182,34,89
622,181,34,89
622,179,34,89
623,178,34,89
623,176,34,89
624,174,34,90
624,173,33,91
625,171,33,92
625,169,33,92
625,168,33,92
625,166,33,92
626,164,33,92
627,162,33,92
628,160,33,92
628,159,34,93
628,157,35,94
628,156,36,95
629,154,36,95
629,153,36,95
630,151,36,95
631,149,36,93
631,147,36,91
632,145,36,89
632,144,36,89
632,142,36,89
632,141,36,89
632,140,36,91
633,138,36,92
633,137,36,94
634,136,36,94
634,134,36,95
635,133,36,95
636,131,36,95
636,130,36,95
637,128,36,95
637,128,35,94
638,128,35,92
638,128,34,91
639,126,34,92
640,125,34,92
641,123,34,93
642,122,33,93
643,122,31,93
644,121,30,93
644,119,30,94
645,118,30,96
645,116,30,97
646,115,31,97
646,113,32,97
647,112,33,97
647,111,34,98
648,110,34,98
648,109,35,99
649,107,35,100
649,106,35,100
650,104,35,101
651,102,35,98
652,100,35,96
653,98,35,93
653,97,35,93
654,95,35,93
654,94,35,93
655,92,35,95
655,90,34,97
656,88,34,99
656,87,34,99
657,87,34,99
657,86,34,99
657,85,34,98
658,84,34,98
658,83,34,97
659,82,34,97
660,80,34,97
661,79,34,97
662,77,34,98
662,76,34,98
663,74,34,99
663,73,34,99
664,71,34,100
664,70,34,100
664,69,34,101
664,67,33,103
664,66,33,104
664,64,33,104
665,62,33,104
665,60,33,104
664,59,33,105
664,57,34,107
663,56,34,108
663,55,34,108
662,54,34,108
662,53,34,108
663,51,35,106
663,48,35,104
664,46,36,102
664,44,35,102
665,43,35,102
665,41,34,102
665,39,34,104
665,38,34,106
665,36,34,108
665,34,35,110
665,33,36,112
665,31,37,114
665,29,37,113
665,27,37,112
665,25,37,111
665,24,37,111
666,22,37,111
666,21,37,111
666,19,37,111
667,18,37,111
667,16,37,111
668,13,36,112
669,11,35,113
670,8,34,114
670,7,34,114
671,5,34,114
671,4,34,114
671,3,35,114
671,2,35,114
671,1,36,114
671,1,37,112
672,1,38,111
672,1,39,109
672,1,40,108
671,1,42,108
671,1,43,107
673,1,42,102
675,1,41,97
677,1,40,92
678,1,39,91
678,1,38,89
679,1,37,88
679,1,37,88
680,1,37,88
680,1,37,88
680,1,38,87
681,1,38,85
681,1,39,84
681,1,39,81
681,1,39,78
681,1,39,75
682,1,38,73
683,1,38,72
684,1,37,70
686,1,36,69
688,1,36,69
690,1,35,68
690,1,35,67
691,1,35,65
691,1,35,64
691,1,35,64
691,1,36,64
691,1,36,64
692,1,37,62
692,1,37,61
693,1,38,59
694,1,38,58
694,1,39,56
695,1,39,55
694,1,41,54
693,1,43,54
692,1,45,53
694,1,44,50
697,1,42,47
699,1,41,44
698,1,41,44
697,1,41,44
696,1,41,44
699,1,39,44
702,1,38,44
705,1,36,44
704,1,38,44
703,1,40,44
702,1,42,44
701,1,44,44
700,1,46,44
699,1,48,44
699,1,48,44
699,1,48,44
699,1,48,44
699,1,48,45
700,1,48,46
700,1,48,47
702,1,46,47
703,1,44,47
705,1,42,47
709,1,38,47
712,1,35,47
716,1,31,47
716,1,33,48
715,1,36,48
715,1,38,49
715,1,40,50
715,1,42,50
715,1,44,51
715,1,44,51
715,1,44,51
715,1,44,51
715,1,44,48
715,1,44,46
715,1,44,43
716,1,44,43
716,1,44,43
717,1,44,43
721,1,42,44
726,1,40,44
730,1,38,45
729,1,41,45
727,1,43,45
726,1,46,45
725,1,48,44
724,1,50,43
723,1,52,42
722,1,52,42
722,1,52,42
721,1,52,42
723,1,50,42
724,1,49,42
726,1,47,42
728,1,47,44
730,1,47,45
732,1,47,47
737,1,41,47
741,1,35,47
746,1,29,47
745,1,33,47
743,1,37,47
742,1,41,47
742,1,43,47
742,1,45,47
742,1,47,47
741,1,48,48
741,1,48,48
740,1,49,49
739,1,49,48
739,1,49,46
738,1,49,45
741,1,48,45
744,1,46,45
747,1,45,45
752,1,43,45
756,1,40,45
761,1,38,45
760,1,39,45
758,1,41,45
757,1,42,45
757,1,43,46
758,1,44,46
758,1,45,47
758,1,46,51
757,1,47,54
757,1,48,58
760,1,46,62
764,1,43,67
767,1,41,71
770,1,40,79
772,1,40,88
775,1,39,96
775,1,40,107
775,1,42,119
775,1,43,130
776,18,42,129
777,35,41,127
778,52,40,126
778,71,40,123
777,89,41,119
777,108,41,116
778,126,41,116
779,143,41,116
780,161,41,116
780,179,41,116
781,196,41,116
781,214,41,116
780,227,41,116
779,239,41,116
778,252,41,116
779,260,40,117
781,269,39,118
782,277,38,119
783,280,38,119
783,283,39,118
784,286,39,118
784,287,39,117
785,287,38,116
785,288,38,115
786,289,38,115
787,291,38,115
788,292,38,115
789,292,38,116
790,293,38,116
791,293,38,117
791,293,38,117
791,294,38,118
791,294,38,118
792,295,38,118
793,297,38,118
794,298,38,118
