810,165,50,111
811,164,50,111
811,162,50,111
812,161,50,111
812,160,50,111
811,159,50,111
811,158,50,111
811,157,50,109
810,156,50,107
810,155,50,105
810,155,48,105
810,155,47,106
810,155,45,106
810,154,45,106
810,154,44,106
810,153,44,106
811,152,44,107
811,151,43,107
812,150,43,108
812,148,44,109
811,147,45,110
811,145,46,111
812,144,45,110
814,143,45,108
815,142,44,107
817,141,45,105
819,141,45,104
821,140,46,102
823,139,46,102
824,138,45,101
826,137,45,101
827,136,46,103
829,136,48,104
830,135,49,106
833,135,48,107
835,135,48,109
838,135,47,110
839,135,48,110
840,135,49,111
841,135,50,111
843,135,51,110
844,134,51,109
846,134,52,108
849,133,50,108
853,132,49,108
856,131,47,108
858,130,48,107
859,129,49,106
861,128,50,105
864,128,50,105
866,128,50,105
869,128,50,105
869,127,50,105
868,127,50,105
868,126,50,105
865,126,50,105
862,126,50,105
859,126,50,105
857,126,50,105
854,125,50,105
852,125,50,105
848,124,50,105
844,124,50,105
840,123,50,105
836,121,50,105
832,120,50,105
828,118,50,105
824,117,49,105
819,115,47,105
815,114,46,105
811,113,44,105
806,112,43,105
802,111,41,105
798,110,42,105
794,108,42,105
790,107,43,105
788,107,40,105
786,107,38,105
784,107,35,105
781,107,36,105
779,106,38,105
776,106,39,105
772,106,40,105
769,105,42,105
765,105,43,105
765,105,43,105
766,104,43,105
766,104,43,105
766,103,43,105
766,101,43,105
766,100,43,105
764,99,44,102
763,98,46,100
761,97,47,97
761,97,47,97
762,96,47,97
762,96,47,97
760,95,47,97
758,95,47,97
756,94,47,97
753,93,47,98
751,92,47,100
748,91,47,101
746,90,45,101
743,89,43,101
741,88,41,101
737,87,41,101
732,86,41,101
728,85,41,101
723,84,41,101
719,82,41,101
714,81,41,101
710,79,41,101
707,77,41,101
703,75,41,101
699,74,41,101
695,73,41,101
691,72,41,101
687,71,41,101
683,69,41,101
679,68,41,101
677,68,41,101
675,68,41,101
673,68,41,101
672,68,41,101
670,67,41,101
669,67,41,101
670,67,41,101
670,67,41,101
671,67,41,101
673,67,41,101
676,67,41,101
678,67,41,101
678,66,41,101
679,66,41,101
679,65,41,101
680,65,41,101
681,64,41,101
682,64,41,101
683,64,41,101
685,63,41,101
686,63,41,101
686,62,41,101
686,62,41,101
686,61,41,101
686,61,41,101
685,61,41,101
685,61,41,101
685,62,41,101
684,62,41,101
684,63,41,101
681,63,42,101
679,63,43,101
676,63,44,101
674,63,44,101
671,63,44,101
669,63,44,101
666,64,44,101
663,64,44,101
660,65,44,101
657,65,44,101
653,65,44,101
650,65,44,101
648,65,44,101
645,65,44,101
643,65,44,101
642,65,43,101
642,65,43,101
641,65,42,101
641,65,41,101
641,65,41,101
641,65,40,101
641,66,40,100
640,67,40,99
640,68,40,98
639,69,40,98
639,71,40,98
638,72,40,98
638,72,40,99
638,72,40,101
638,72,40,102
638,72,39,103
638,72,38,105
638,72,37,106
636,72,38,106
634,72,40,106
632,72,41,106
633,72,39,106
633,72,38,106
634,72,36,106
633,73,36,105
633,74,36,103
632,75,36,102
632,76,37,102
631,76,38,102
631,77,39,102
629,77,41,102
628,78,42,102
626,78,44,102
624,79,44,102
621,81,44,102
619,82,44,102
619,83,42,102
619,85,41,102
619,86,39,102
617,87,38,101
616,87,37,99
614,88,36,98
613,89,36,97
611,91,36,96
610,92,36,95
608,92,36,95
607,93,36,95
605,93,36,95
604,93,36,95
603,94,36,95
602,94,36,95
601,96,36,95
601,98,36,95
600,100,36,95
598,101,36,95
597,102,36,95
595,103,36,95
595,104,36,95
594,105,36,95
594,106,36,95
594,106,36,95
594,106,36,95
594,106,36,95
593,106,36,95
591,107,36,95
590,107,36,95
590,107,36,95
589,107,36,95
589,107,36,95
588,108,36,95
587,109,36,95
586,110,36,95
585,110,36,95
585,110,36,95
584,110,36,95
584,111,36,95
583,111,36,95
583,112,36,95
583,113,36,95
582,114,36,95
582,115,36,95
582,116,36,95
581,116,36,95
581,117,36,95
580,118,36,95
579,119,36,95
578,120,36,95
577,120,36,95
575,121,36,95
574,121,36,95
573,122,36,95
571,122,36,95
570,123,36,95
570,123,36,95
569,124,36,95
569,124,36,95
569,124,36,95
568,124,36,95
568,124,36,95
567,125,36,95
566,126,36,95
565,127,36,95
565,127,36,95
564,128,36,95
564,128,36,95
564,129,36,95
563,129,36,95
563,130,36,95
562,130,36,95
562,130,36,95
561,130,36,95
561,131,36,95
560,131,36,95
560,132,36,95
560,132,36,95
560,133,36,95
560,133,36,95
559,132,36,95
559,131,36,95
558,130,36,95
558,131,36,95
558,131,36,95
558,132,36,95
557,132,36,95
556,131,36,95
555,131,36,95
555,131,36,95
554,132,36,95
554,132,36,95
554,132,36,97
554,133,36,98
554,133,36,100
554,133,36,100
553,133,36,100
553,133,36,100
552,133,36,100
552,132,36,100
551,132,36,100
551,133,36,100
552,134,35,100
552,135,35,100
551,135,35,100
549,134,35,100
548,134,35,100
546,134,35,100
545,135,35,100
543,135,35,100
544,135,35,100
544,136,35,100
545,136,35,100
545,136,35,100
544,135,35,100
544,135,35,100
544,135,35,100
545,136,35,100
545,136,35,100
544,138,35,99
543,139,35,97
542,141,35,96
543,141,35,97
543,142,35,99
544,142,35,100
544,142,35,100
544,142,35,100
544,142,35,100
544,142,35,100
544,141,35,100
544,141,35,100
543,142,35,100
543,142,35,100
542,143,35,100
541,144,35,100
540,144,35,100
539,145,35,100
539,145,35,100
538,146,35,100
538,146,35,100
537,147,35,100
536,149,35,100
535,150,35,100
535,151,35,100
535,152,35,100
535,153,35,100
534,154,35,100
533,155,35,100
532,156,35,100
531,157,35,100
531,159,35,100
530,160,35,100
530,161,35,100
529,163,35,100
529,164,35,100
527,164,35,100
526,165,34,100
524,165,34,100
523,165,34,100
521,166,34,100
520,166,34,100
520,168,34,100
520,170,34,100
520,172,34,100
519,173,34,100
519,173,34,100
518,174,34,100
517,175,34,100
517,176,34,100
516,177,34,100
515,178,34,100
514,180,34,100
513,181,34,100
513,182,34,100
512,183,34,100
512,184,34,100
511,184,34,100
511,184,34,100
510,184,34,100
509,185,34,100
507,186,34,100
506,187,34,100
505,187,34,100
503,188,35,100
502,188,35,100
502,189,35,100
501,189,35,100
501,190,35,100
501,191,35,100
500,191,35,100
500,192,35,100
500,193,35,100
499,194,35,100
499,195,35,100
499,196,35,100
498,197,35,100
498,198,35,100
497,198,35,100
495,198,35,100
494,198,35,100
493,200,35,98
491,203,35,96
490,205,35,94
487,205,38,94
485,206,40,94
482,206,43,94
481,207,43,94
479,209,43,94
478,210,43,94
476,211,43,94
475,211,43,94
473,212,43,94
473,212,43,94
472,212,43,94
472,212,43,94
472,212,43,94
471,212,43,94
471,212,43,94
469,214,43,94
468,215,43,94
466,217,43,94
465,218,43,94
463,220,43,94
462,221,43,94
462,222,43,94
461,223,43,94
461,224,43,94
458,224,46,94
455,225,48,94
452,225,51,94
451,225,48,94
451,225,45,94
450,225,42,94
448,225,42,94
447,225,42,94
445,225,42,94
444,225,42,95
443,225,41,95
442,225,41,96
442,225,41,96
442,226,41,96
442,226,41,96
441,226,41,96
441,225,41,96
440,225,41,96
438,225,41,96
436,226,41,96
434,226,41,96
433,228,41,96
431,229,41,96
430,231,41,96
428,231,41,96
426,230,41,96
424,230,41,96
422,230,42,96
421,231,42,96
419,231,43,96
417,230,43,96
416,229,43,96
414,228,43,96
414,229,42,96
413,229,42,96
413,230,41,96
413,229,42,96
412,227,43,97
412,226,44,97
411,227,43,97
410,227,42,96
409,228,41,96
408,228,41,96
406,228,41,96
405,228,41,96
404,227,41,96
404,227,41,96
403,226,41,96
401,226,42,96
400,226,43,96
398,226,44,96
396,226,45,96
395,225,46,96
393,225,47,96
392,223,48,96
390,222,49,96
389,220,50,96
387,219,50,96
386,218,50,96
384,217,50,96
384,216,48,96
383,215,46,96
383,214,44,96
386,212,44,96
389,210,44,96
392,208,44,96
401,206,44,96
409,205,44,96
418,203,44,96
429,200,44,97
440,197,44,97
451,194,44,98
461,192,46,98
472,190,48,98
482,188,50,98
496,187,47,97
511,186,44,97
525,185,41,96
539,184,41,96
554,182,41,96
568,181,41,96
582,180,41,96
596,178,41,96
610,177,41,96
621,177,41,96
633,176,41,96
644,176,41,96
652,176,41,96
661,177,41,96
669,177,41,96
673,176,41,96
676,176,41,96
680,175,41,96
683,175,41,96
685,175,41,96
688,175,41,96
688,175,41,96
688,175,41,96
688,175,41,96
687,175,41,96
685,174,41,96
684,174,41,96
683,175,41,96
681,175,41,96
680,176,41,96
677,174,41,96
675,173,41,96
672,171,41,96
670,170,41,96
668,168,41,96
666,167,41,96
664,167,41,96
663,167,41,96
661,167,41,96
660,166,39,96
659,165,38,96
658,164,36,96
655,165,38,96
652,165,39,96
649,166,41,96
646,166,41,96
644,167,41,96
641,167,41,96
639,166,41,96
637,166,41,96
635,165,41,96
633,165,41,96
631,166,41,96
629,166,41,96
629,166,41,96
629,166,41,96
629,166,41,96
629,166,41,96
629,166,41,96
629,166,41,96
629,166,41,93
629,167,41,91
629,167,41,88
629,167,41,88
629,167,41,88
629,167,41,88
631,166,41,88
632,166,41,88
634,165,41,88
637,165,38,88
639,165,36,88
642,165,33,88
642,164,33,89
643,164,33,89
643,163,33,90
644,164,34,90
644,164,34,90
645,165,35,90
646,165,35,90
648,166,35,90
649,166,35,90
649,166,35,90
648,166,35,90
648,166,35,90
647,165,35,90
646,164,35,90
645,163,35,90
645,162,35,90
644,161,35,90
644,160,35,90
643,160,35,90
643,161,35,90
642,161,35,90
642,161,35,90
643,162,35,90
643,162,35,90
643,162,35,90
643,162,35,90
643,162,35,90
642,162,35,90
642,161,35,90
641,161,35,90
641,161,35,90
642,162,35,90
642,162,35,90
642,162,35,90
643,163,35,90
643,163,35,90
643,163,35,90
642,163,35,90
642,163,35,90
643,164,35,90
643,165,35,90
644,166,35,90
645,166,35,90
647,166,35,90
648,166,35,90
649,166,35,90
650,166,35,90
651,166,35,90
653,166,35,90
654,167,35,90
656,167,35,90
658,168,35,90
659,169,35,90
661,170,35,90
663,171,35,90
666,173,35,90
668,174,35,90
669,174,35,90
669,173,35,90
670,173,35,90
671,173,35,90
673,173,35,90
674,173,35,90
675,173,35,90
677,174,35,90
678,174,35,90
679,174,35,90
680,174,35,90
681,174,35,90
682,175,35,90
682,176,35,90
683,177,35,90
683,177,35,90
682,178,35,90
682,178,35,90
683,179,35,90
684,179,35,90
685,180,35,90
685,181,35,90
686,182,35,90
686,183,35,90
686,184,35,90
686,184,35,90
686,185,35,90
687,185,35,90
689,186,34,89
690,186,34,89
691,186,34,89
691,186,34,89
692,186,34,89
693,187,34,89
695,189,34,89
696,190,34,89
697,190,34,89
698,191,34,89
699,191,34,89
700,192,34,89
701,192,34,89
702,193,34,89
702,193,34,89
703,194,34,89
703,194,34,89
703,195,34,89
704,196,34,89
704,197,34,89
703,197,34,89
701,197,33,89
700,197,33,89
700,197,33,89
701,197,33,89
701,197,33,89
701,197,33,89
700,197,33,89
700,197,33,89
700,197,33,89
700,197,33,89
700,197,33,89
698,199,33,89
697,200,33,89
695,202,33,89
694,201,33,89
693,199,33,89
692,198,33,89
691,200,33,89
689,201,33,89
688,203,33,89
687,203,33,89
686,202,33,89
685,202,33,89
683,204,33,89
681,205,33,89
679,207,33,89
678,208,33,89
676,209,33,89
675,210,33,89
674,210,33,89
674,211,33,89
673,211,33,89
672,210,33,89
672,209,33,89
671,208,33,89
671,209,33,89
670,209,33,89
670,210,33,89
669,211,33,89
667,211,33,89
666,212,33,89
665,212,33,89
663,213,33,89
662,213,33,89
661,213,33,89
660,213,33,89
659,213,33,89
657,212,33,89
656,211,33,89
654,210,33,89
653,209,34,89
651,208,34,89
650,207,35,89
649,207,35,89
647,207,35,89
646,207,35,89
646,207,35,89
646,207,35,89
646,207,35,89
645,207,35,89
643,207,35,89
642,207,35,89
641,207,35,91
641,207,35,93
640,207,35,95
638,207,35,95
637,207,35,95
635,207,35,95
633,208,35,95
630,210,35,95
628,211,35,95
624,212,37,94
620,213,38,92
616,214,40,91
614,214,40,91
611,215,40,91
609,215,40,91
607,215,40,91
604,215,40,91
602,215,40,91
600,215,40,91
598,215,40,91
596,215,40,91
595,217,40,91
594,218,40,91
593,220,40,91
590,220,40,91
588,220,40,91
585,220,40,91
585,220,40,91
584,221,40,91
584,221,40,91
583,221,40,91
582,220,40,91
581,220,40,91
582,219,40,91
583,219,40,91
584,218,40,91
586,219,40,91
587,219,40,91
589,220,40,91
590,220,40,93
590,221,40,94
591,221,40,96
592,222,40,96
594,222,40,96
595,223,40,96
596,224,40,96
598,225,40,96
599,226,40,96
599,227,40,96
600,229,40,96
600,230,40,96
600,231,40,96
601,232,40,96
601,233,40,96
600,234,40,96
599,234,40,96
598,235,40,96
597,237,40,96
596,238,40,96
595,240,40,96
595,240,40,96
594,240,40,96
594,240,40,96
593,241,40,96
591,243,40,96
590,244,40,96
588,245,40,96
586,245,40,96
584,246,40,96
583,245,40,96
581,244,40,96
580,243,40,96
578,242,40,96
575,242,40,96
573,241,40,96
572,240,40,96
572,238,40,96
571,237,40,96
571,236,38,97
572,236,36,99
572,235,34,100
572,235,34,100
572,235,34,100
572,235,34,100
574,234,34,100
576,234,34,100
578,233,34,100
580,232,34,100
583,232,35,100
585,231,35,100
587,230,35,99
590,229,35,99
592,228,35,98
595,227,36,97
598,226,36,97
601,225,37,96
604,224,37,96
608,224,37,96
611,223,37,96
615,222,37,96
620,221,37,96
624,220,37,96
629,219,37,96
633,219,37,96
638,218,37,96
642,218,37,98
645,217,37,99
649,217,37,101
652,216,37,101
655,216,37,101
658,215,37,101
660,215,37,101
661,215,37,101
663,215,37,101
665,214,37,101
667,213,37,101
669,212,37,101
670,211,37,101
670,209,37,101
671,208,37,101
671,207,37,101
672,207,38,100
672,206,38,100
672,206,38,100
672,206,38,100
672,206,38,100
672,205,38,100
673,204,38,100
673,203,38,100
674,204,38,100
676,204,38,100
677,205,38,100
678,205,38,100
679,204,38,100
680,204,38,100
682,202,37,99
684,201,37,99
686,199,36,98
688,198,36,97
690,198,36,97
692,197,36,96
695,197,35,97
699,196,34,99
702,196,33,100
705,195,33,100
708,195,33,100
711,194,33,100
714,194,33,100
718,194,33,100
721,194,33,100
725,193,33,100
728,193,33,100
732,192,33,100
736,191,32,101
739,189,32,101
743,188,31,102
746,187,31,102
749,185,31,102
752,184,31,102
755,183,31,102
758,183,31,102
761,182,31,102
764,181,31,102
768,180,31,102
771,179,31,102
774,179,30,102
778,178,30,102
781,178,29,102
783,178,29,102
785,177,29,102
787,177,29,102
788,177,29,102
788,177,29,102
789,177,29,102
789,176,29,102
788,176,29,102
788,175,29,102
786,174,29,102
785,172,29,102
783,171,29,102
782,170,30,102
780,170,31,102
779,169,32,102
777,167,32,102
776,166,32,102
774,164,32,102
773,163,32,102
771,163,32,102
770,162,32,102
769,161,32,102
767,160,32,102
766,159,32,102
765,158,32,102
765,158,32,102
764,157,32,102
762,156,32,102
761,155,32,102
759,154,32,102
757,152,32,102
756,150,32,102
754,148,32,102
753,148,32,102
752,147,32,102
751,147,32,102
750,146,32,102
749,145,32,102
748,144,32,102
747,144,32,102
745,143,32,102
744,143,32,102
742,143,32,102
740,142,32,102
738,142,32,102
736,142,32,102
734,141,32,102
732,141,32,102
731,139,32,102
729,138,32,102
728,136,32,102
726,135,32,102
725,135,32,102
723,134,32,102
722,134,32,102
722,134,32,102
721,134,32,102
719,133,32,102
716,133,32,102
714,132,32,102
713,132,32,102
712,133,32,102
711,133,32,102
711,133,32,102
710,132,32,102
710,132,32,102
709,131,32,102
708,129,32,102
707,128,32,102
705,127,32,102
704,127,32,102
702,126,32,102
701,125,32,102
699,125,32,102
698,124,32,102
697,124,32,102
695,124,32,102
694,124,32,102
693,124,32,102
693,124,32,102
692,124,32,102
690,124,32,102
689,125,32,102
687,125,32,102
685,125,32,102
683,125,32,102
681,125,32,102
680,125,32,102
680,126,32,102
679,126,32,102
677,126,32,102
675,125,32,102
673,125,32,102
671,125,32,101
670,125,32,100
668,125,32,99
667,125,32,99
667,124,32,99
666,124,32,99
664,124,32,99
662,124,32,99
660,124,32,99
659,125,32,99
657,125,32,99
656,126,32,99
655,126,32,99
654,127,32,99
653,127,32,99
652,127,32,99
650,126,32,99
649,126,32,99
648,125,32,99
647,125,32,99
646,124,32,99
644,124,32,99
643,125,32,99
641,125,32,99
640,125,32,99
638,125,32,99
637,125,32,99
635,124,32,99
633,124,32,99
631,123,32,99
630,122,32,99
630,122,32,99
629,121,32,99
627,121,32,99
624,122,32,99
622,122,32,99
620,121,32,99
618,119,32,99
616,118,32,99
614,118,32,99
613,118,32,99
611,118,32,99
609,118,32,99
606,118,32,99
604,118,32,99
602,118,32,99
600,117,32,99
598,117,32,99
597,117,32,99
595,117,32,99
594,117,32,99
592,117,32,99
591,116,32,99
589,116,32,99
588,116,32,99
587,115,32,99
586,115,32,99
585,115,32,99
583,114,32,99
582,114,32,99
581,113,32,99
579,113,32,99
578,112,32,99
579,112,32,99
580,112,32,99
581,112,32,99
584,111,32,99
586,110,32,99
589,109,32,99
593,109,32,99
597,109,32,99
601,109,32,99
607,110,32,99
612,110,32,99
618,111,32,99
623,110,32,99
628,108,32,99
633,107,32,99
639,107,32,99
644,108,32,99
650,108,32,99
655,108,32,99
661,107,32,99
666,107,32,99
670,108,32,99
675,108,32,99
679,109,32,99
682,109,32,99
684,109,32,99
687,109,32,99
688,110,32,99
689,110,32,99
690,111,32,99
690,111,32,99
691,112,32,99
691,112,32,99
690,111,32,100
690,109,32,100
689,108,32,101
688,108,32,101
688,107,32,101
687,107,32,101
686,107,32,101
685,106,32,101
684,106,32,101
683,106,32,101
681,107,32,101
680,107,32,101
680,107,32,101
680,107,32,101
680,107,32,101
680,107,32,101
680,107,32,101
680,107,32,101
681,107,32,101
683,107,32,101
684,107,32,101
687,106,32,101
689,106,32,101
692,105,32,101
695,105,32,101
698,104,32,101
701,104,32,101
705,104,32,101
709,104,32,101
713,104,32,101
717,104,32,101
722,104,32,101
726,104,32,101
730,105,32,101
734,105,32,101
738,106,32,101
742,106,32,101
745,106,32,101
749,106,32,101
753,106,32,101
756,106,32,101
760,106,32,101
764,106,32,102
767,105,32,102
771,105,32,103
775,105,32,103
778,105,32,103
782,105,32,103
785,105,32,103
787,106,32,103
790,106,32,103
792,107,32,103
794,107,32,103
796,108,32,103
797,110,32,103
798,111,32,103
799,113,32,103
800,113,32,103
802,113,32,103
803,113,32,103
804,113,32,103
805,112,32,103
806,112,32,103
807,112,32,103
808,112,32,103
809,112,32,103
810,113,32,103
811,114,32,103
812,115,32,103
812,115,32,103
813,116,32,103
813,116,32,103
812,117,32,103
812,117,32,103
811,118,32,103
808,118,34,103
806,119,36,103
803,119,38,103
801,119,38,103
799,119,38,103
797,119,38,103
794,119,38,103
791,118,38,103
788,118,38,103
786,118,38,103
784,118,38,103
782,118,38,103
778,118,38,103
775,118,38,103
771,118,38,103
768,119,38,103
764,120,38,103
761,121,38,103
758,122,38,103
754,122,38,103
751,123,38,103
747,123,38,103
744,123,38,103
740,123,38,103
737,123,38,103
733,123,38,103
730,123,38,103
728,123,37,103
725,123,35,103
723,123,34,103
720,123,35,103
717,124,37,103
714,124,38,103
712,124,38,103
711,123,38,103
709,123,38,103
707,124,38,103
706,124,38,103
704,125,38,103
701,125,38,103
699,126,38,103
696,126,38,103
694,125,38,103
692,124,38,103
690,123,38,103
688,122,38,103
686,122,38,103
684,121,38,103
682,121,38,103
681,121,38,103
679,121,38,103
677,121,38,103
675,122,38,103
673,122,38,103
672,122,36,103
670,122,35,103
669,122,33,103
667,122,33,103
664,122,33,103
662,122,33,103
660,122,33,103
659,122,33,103
657,122,33,103
655,123,35,100
654,123,37,97
652,124,39,94
651,123,39,94
650,123,39,94
649,122,39,94
649,122,39,94
648,121,39,94
648,121,39,94
647,121,39,96
647,122,39,98
646,122,39,100
645,122,39,100
644,122,39,100
643,122,39,100
643,123,39,100
642,123,39,100
642,124,39,100
642,123,39,100
641,121,39,100
641,120,39,100
641,120,39,100
640,119,39,100
640,119,39,100
640,119,39,100
639,118,39,100
639,118,39,100
640,118,37,100
640,119,35,100
641,119,33,100
639,120,33,100
638,121,33,100
636,122,33,100
635,123,33,100
633,123,33,100
632,124,33,100
631,124,33,100
630,124,33,100
629,124,33,100
628,124,33,100
628,124,33,100
627,124,33,100
627,125,33,100
627,125,33,100
627,126,33,100
628,125,33,100
628,125,33,100
629,124,33,100
629,125,33,100
629,125,33,100
629,126,33,100
630,127,33,100
632,129,33,100
633,130,33,100
634,131,33,100
636,131,33,100
637,132,33,100
638,131,33,100
638,130,33,100
639,129,33,100
640,128,33,100
640,127,33,100
641,126,33,100
642,126,33,100
642,125,33,100
643,125,33,100
644,126,33,100
645,126,33,100
646,127,33,100
646,127,33,100
646,128,33,100
646,128,33,100
646,130,33,100
647,131,33,100
647,133,33,100
647,133,33,100
647,133,33,100
647,133,33,100
647,133,33,100
647,133,33,100
647,133,33,100
647,133,33,100
647,133,33,100
647,133,33,100
647,133,33,100
647,133,33,100
647,133,33,100
647,135,33,100
647,136,33,100
647,138,33,100
647,138,33,100
647,137,33,101
647,137,33,101
647,137,33,101
647,137,33,101
647,137,33,101
647,136,33,101
646,136,33,101
646,135,33,101
645,134,33,101
645,133,33,101
644,132,33,101
645,132,33,101
646,132,33,101
647,132,33,101
647,132,33,101
646,132,33,101
646,132,33,101
647,132,33,101
647,132,33,101
648,132,33,101
648,132,33,101
647,132,33,101
647,132,33,101
646,132,33,103
645,132,33,104
644,132,33,106
644,132,33,106
644,132,33,106
644,132,33,106
644,132,33,106
644,132,33,106
644,132,33,106
644,133,33,106
644,133,33,106
644,134,33,106
644,135,33,106
643,135,33,106
643,136,33,106
644,136,33,106
645,136,33,106
646,136,33,106
647,136,33,106
649,137,33,106
650,137,33,106
651,136,33,106
651,136,33,106
652,135,33,106
653,135,33,106
655,135,33,106
656,135,33,106
657,135,33,106
659,136,33,106
660,136,33,106
661,137,33,106
663,138,33,106
664,139,33,106
665,139,33,106
665,140,33,106
666,140,33,106
666,140,33,106
666,140,33,106
666,140,33,106
666,140,33,106
666,140,33,106
666,140,33,106
667,140,33,106
668,140,33,106
669,140,33,106
670,140,33,106
670,140,33,106
671,140,33,106
671,141,33,106
671,141,33,106
671,142,33,106
670,142,33,106
670,142,33,106
669,142,33,106
669,141,33,106
668,141,33,106
668,140,33,106
667,139,33,106
665,139,33,106
664,138,33,106
663,138,33,106
663,139,33,106
662,139,33,106
661,139,33,106
661,138,33,106
660,138,33,106
660,139,33,106
659,140,33,106
659,141,33,106
659,142,33,106
659,142,33,106
659,143,33,106
659,143,33,106
659,142,33,106
659,142,33,106
660,142,33,106
661,143,33,106
662,143,33,106
664,143,33,106
667,143,33,106
669,143,33,106
671,143,33,106
672,144,33,106
674,144,33,106
675,144,33,106
676,145,33,106
677,145,33,106
677,145,33,106
677,146,33,106
677,146,33,106
678,146,33,106
679,145,33,106
680,145,33,106
680,145,33,106
679,144,33,106
679,144,33,106
678,144,33,106
678,143,33,106
677,143,33,106
675,143,34,106
674,144,35,106
672,144,36,106
671,145,36,106
670,145,36,106
669,146,36,106
667,146,36,106
666,145,36,106
664,145,36,106
663,146,36,106
663,146,36,106
662,147,36,106
662,147,36,106
662,147,36,106
662,147,36,106
662,147,36,106
663,147,36,106
663,147,36,106
663,147,36,106
662,146,36,106
662,146,36,106
663,146,36,106
663,147,36,106
664,147,36,106
665,147,36,106
667,148,36,106
668,148,36,106
669,148,36,106
670,147,36,106
671,147,36,106
672,147,36,106
673,146,36,106
674,146,36,106
675,146,36,106
677,146,36,106
678,146,36,106
680,147,35,106
683,147,33,106
685,148,32,106
687,148,32,106
688,148,32,106
690,148,32,106
692,150,32,106
693,151,32,106
695,153,32,106
696,154,32,106
696,156,32,106
697,157,32,106
697,157,33,107
698,157,33,107
698,157,34,108
698,157,34,108
698,157,34,108
698,157,34,108
698,157,34,108
698,157,34,108
698,157,34,108
697,158,34,108
695,159,34,108
694,160,34,108
694,161,34,108
694,162,34,108
694,163,34,108
694,164,34,108
693,164,34,108
693,165,34,108
693,165,34,108
693,165,34,108
693,165,34,108
693,164,34,108
693,164,34,108
693,163,34,108
693,162,34,108
693,161,34,108
693,160,34,108
693,160,34,108
693,159,34,108
693,159,34,108
692,160,34,108
691,161,34,108
690,162,34,108
690,161,34,108
690,161,34,108
690,160,34,108
690,160,34,108
690,160,34,108
690,160,34,108
690,159,34,108
690,159,34,108
690,158,34,108
690,158,34,108
690,157,34,108
690,157,34,108
690,157,34,108
690,157,34,108
690,157,34,108
690,157,34,108
690,157,34,108
690,157,34,108
691,157,34,108
691,157,34,108
692,157,34,108
693,157,34,108
694,158,34,108
695,158,34,108
696,157,34,108
696,157,34,108
697,156,34,108
699,156,34,108
700,155,34,108
702,155,34,108
702,155,34,108
703,154,34,108
703,154,34,108
705,153,34,108
706,153,34,108
708,152,34,108
709,153,34,108
709,154,34,108
710,155,34,108
710,155,34,108
710,155,34,108
710,155,34,108
709,155,34,108
709,155,34,108
708,155,34,108
706,154,34,108
704,154,34,108
702,153,34,108
701,153,34,108
699,153,34,108
698,153,34,108
696,153,34,108
695,152,34,108
693,152,34,108
692,152,34,108
690,153,34,108
689,153,34,108
687,153,33,108
686,153,31,108
684,153,30,108
683,153,30,108
681,153,30,108
680,153,30,108
677,152,31,108
674,150,32,109
671,149,33,109
670,148,33,109
668,148,33,109
667,147,33,109
665,147,33,109
662,146,33,109
660,146,33,109
658,146,33,109
656,146,33,109
654,146,33,109
651,147,33,109
649,147,33,109
646,148,33,109
643,148,33,109
640,147,33,109
637,147,33,109
634,147,33,109
631,148,33,109
628,148,33,109
627,147,33,109
625,147,33,109
624,146,33,109
622,146,33,109
619,146,33,109
617,146,33,109
615,146,33,109
612,146,33,109
610,146,33,109
608,147,32,109
606,149,32,109
604,150,31,109
602,150,31,109
599,149,31,109
597,149,31,109
595,148,31,109
593,148,31,109
591,147,31,109
588,147,31,109
586,147,31,109
583,147,31,109
580,147,31,109
578,146,31,109
575,146,31,109
573,146,31,109
571,146,31,109
569,146,31,109
566,147,31,109
563,148,31,109
560,149,31,109
558,149,31,109
556,150,31,109
554,150,31,109
552,149,31,109
549,149,31,109
547,148,31,109
545,148,31,109
544,148,31,109
542,148,31,109
540,148,31,109
539,148,31,109
537,148,31,109
538,148,31,109
538,148,31,109
539,148,31,109
539,149,31,109
538,149,31,109
538,150,31,109
539,149,31,109
541,149,31,109
542,148,31,109
544,147,31,109
546,145,31,109
548,144,31,109
549,143,31,109
551,143,31,109
552,142,31,109
555,141,31,109
557,139,31,109
560,138,31,109
563,138,31,109
565,138,31,109
568,138,31,109
571,138,31,109
574,139,31,109
577,139,31,109
579,139,31,109
581,139,31,109
583,139,31,109
585,138,31,109
587,138,31,108
589,137,31,108
591,137,33,105
592,136,34,102
594,136,36,99
596,135,36,99
598,134,36,99
600,133,36,99
602,133,36,99
604,132,36,99
606,132,36,99
609,132,36,99
611,132,36,99
614,132,36,99
617,132,34,99
621,132,31,99
624,132,29,99
625,130,29,99
627,129,29,99
628,127,29,99
629,127,29,99
631,126,29,99
632,126,29,99
634,125,29,99
637,124,29,99
639,123,29,99
640,123,29,99
641,122,29,99
642,122,29,99
643,122,29,99
643,123,29,99
644,123,29,99
644,122,29,99
644,121,29,99
644,120,29,99
643,120,29,99
642,119,29,99
641,119,29,99
640,118,29,99
640,117,29,99
639,116,29,99
639,115,29,99
639,115,29,99
639,114,29,99
638,114,29,99
638,114,29,99
637,114,29,99
636,114,29,99
636,113,29,99
635,113,29,99
635,113,29,99
635,112,29,99
635,112,29,99
636,111,29,99
636,109,29,99
637,108,29,99
636,108,29,99
636,107,29,99
635,107,29,99
636,106,29,99
638,106,29,99
639,105,29,99
640,104,29,99
640,103,29,99
641,102,29,99
643,102,29,99
644,103,29,99
646,103,29,99
647,103,29,99
648,103,29,99
649,103,29,99
649,102,29,99
650,102,29,99
650,101,29,99
652,100,29,99
654,99,29,99
656,98,29,99
657,97,29,99
657,97,29,99
658,96,29,99
659,96,29,99
660,97,29,99
661,97,29,99
661,96,29,99
661,96,29,99
661,95,29,99
661,95,29,99
661,95,29,99
661,95,29,99
661,95,29,99
660,94,29,99
660,94,29,99
659,94,29,99
658,93,29,99
657,93,29,99
657,92,29,99
656,90,29,99
656,89,29,99
655,89,29,99
654,89,29,99
653,89,29,99
652,90,29,99
652,90,29,99
651,91,29,99
650,91,29,99
649,91,29,99
648,91,29,99
648,90,29,99
647,90,29,99
647,89,29,99
646,89,29,99
645,88,29,99
644,88,29,99
644,88,29,99
644,87,29,99
644,87,29,99
643,87,29,99
643,86,29,99
642,86,29,99
642,86,29,99
642,87,29,99
642,87,29,99
642,88,29,99
642,88,29,99
642,89,29,99
642,88,29,100
643,88,29,100
643,87,29,101
643,87,29,101
642,86,29,101
642,86,29,101
642,86,29,101
643,86,29,101
643,86,29,101
643,86,29,101
642,86,29,101
642,86,29,101
641,88,29,101
641,89,29,101
640,91,29,101
640,90,29,101
640,90,29,101
640,89,29,101
640,88,29,101
639,88,29,101
639,87,29,101
639,87,29,101
639,87,29,101
639,87,29,101
639,87,29,101
640,87,29,101
640,87,29,101
640,87,29,101
640,87,29,101
640,87,29,101
641,88,29,101
641,90,29,101
642,91,29,101
644,92,29,101
647,92,29,101
649,93,29,101
650,93,29,101
652,94,29,101
653,94,29,101
655,94,29,101
657,94,29,101
659,94,29,101
660,94,29,101
660,94,29,101
661,94,29,101
662,95,29,101
663,96,29,101
664,97,29,101
665,97,30,103
666,96,32,104
667,96,33,106
669,98,33,106
670,99,33,106
672,101,33,106
674,102,33,106
676,102,33,106
678,103,33,106
681,103,33,106
684,103,33,106
687,103,33,106
688,103,32,106
690,104,32,106
691,104,31,106
694,105,31,106
696,105,31,106
699,106,31,106
699,108,34,104
698,109,38,103
698,111,41,101
702,112,40,101
706,113,40,101
710,114,39,101
714,115,39,101
718,115,40,101
722,116,40,101
726,117,40,101
729,118,40,101
733,119,40,101
737,119,39,101
740,118,39,101
744,118,38,101
747,120,38,101
751,121,38,101
754,123,38,101
757,123,38,101
760,124,38,101
763,124,38,101
766,124,38,101
769,125,38,101
772,125,38,101
775,125,38,101
779,125,38,101
782,125,38,101
786,125,37,101
789,126,35,101
793,126,34,101
793,126,34,101
794,125,34,101
794,125,34,101
791,125,35,101
787,126,36,101
784,126,37,101
779,126,37,101
775,127,37,101
770,127,37,101
766,128,37,101
761,129,37,101
757,130,37,101
749,129,38,103
742,127,40,104
734,126,41,106
726,125,41,106
718,125,40,106
710,124,40,106
701,123,40,106
691,122,40,106
682,121,40,106
672,121,40,105
661,122,40,103
651,122,40,102
642,123,40,102
632,123,40,102
623,124,40,102
615,124,40,102
606,125,40,102
598,125,40,102
591,125,39,100
585,124,38,99
578,124,37,97
573,124,37,97
569,124,37,97
564,124,37,97
561,124,37,97
558,123,37,97
555,123,37,97
556,123,37,98
558,122,37,99
559,122,37,100
562,123,37,102
564,124,37,105
567,125,37,107
569,126,37,107
572,127,37,107
574,128,37,107
578,127,37,107
583,127,37,107
587,126,37,107
591,126,37,107
594,125,37,107
598,125,37,107
601,125,37,107
604,125,37,107
607,125,37,107
610,124,37,107
612,123,37,107
615,122,37,107
619,121,37,107
623,121,37,107
627,120,37,107
630,120,37,107
634,120,37,107
637,120,37,107
639,120,37,107
642,119,37,107
644,119,37,107
645,117,37,107
646,116,37,107
647,114,37,107
646,113,37,107
645,111,37,107
644,110,37,107
643,109,37,107
641,107,37,107
640,106,37,107
638,106,37,107
636,105,37,107
634,105,37,107
632,105,37,107
629,106,37,107
627,106,37,107
625,105,37,107
623,104,37,107
621,103,37,107
617,101,37,107
613,100,37,107
609,98,37,107
605,97,37,107
602,96,37,107
598,95,37,107
596,94,36,107
594,93,34,107
592,92,33,107
590,92,33,107
589,92,33,107
587,92,33,107
586,92,33,107
584,92,33,107
583,92,33,107
583,91,33,107
584,89,33,107
584,88,33,107
584,87,33,107
584,87,33,107
584,86,33,107
585,83,33,107
587,81,33,107
588,78,33,107
588,77,33,107
587,77,33,107
587,76,33,107
587,76,33,107
587,75,33,107
587,75,33,107
587,74,33,107
587,74,33,107
587,73,33,107
588,71,33,107
590,70,33,107
591,68,33,107
591,67,33,107
591,66,33,107
591,65,33,107
592,63,33,107
594,61,33,107
595,59,33,107
596,58,33,107
597,57,33,107
598,56,33,107
600,56,33,107
601,56,33,107
603,56,33,107
604,55,33,107
604,53,33,107
605,52,33,107
606,50,33,108
607,47,33,109
608,45,33,110
609,43,33,110
610,42,33,110
611,40,33,110
612,39,33,110
613,37,33,110
614,36,33,110
616,35,33,110
617,35,33,110
619,34,33,110
620,32,33,110
622,31,33,110
623,29,33,110
624,28,33,110
624,27,33,110
625,26,33,110
626,24,33,110
627,22,33,110
628,20,33,110
628,18,33,110
629,16,33,110
629,14,33,110
629,13,33,110
629,11,33,110
629,10,33,110
630,9,33,110
630,9,33,110
631,8,33,110
630,8,33,110
629,8,33,110
628,8,33,110
628,6,33,110
627,5,33,110
627,3,33,110
626,2,33,110
626,2,33,110
625,1,33,110
624,1,33,110
623,1,33,110
622,1,33,110
621,1,33,108
619,1,34,106
618,1,34,104
617,1,34,104
615,1,34,104
614,1,34,104
614,1,34,104
613,1,34,104
613,1,34,104
615,1,32,104
616,1,31,104
618,1,29,104
618,1,29,104
618,1,29,104
618,1,29,104
618,1,31,104
619,1,32,104
619,1,34,104
620,1,34,104
622,1,34,104
623,1,34,104
624,1,34,104
626,1,34,104
627,1,34,104
629,1,34,104
630,1,34,104
632,1,34,104
634,1,34,104
636,1,34,104
638,1,34,104
639,1,34,104
640,1,34,104
641,1,34,104
642,1,34,104
642,1,34,104
643,1,34,104
645,1,34,104
647,1,34,104
649,1,34,104
650,1,34,104
652,1,34,104
653,1,34,104
655,1,34,104
656,1,34,104
658,1,34,104
660,1,34,104
661,1,34,104
663,1,34,104
664,1,34,104
666,1,34,104
667,1,34,104
668,1,34,104
670,1,34,104
671,1,34,104
673,1,32,104
676,1,30,104
678,1,28,104
680,1,28,104
681,1,28,104
683,1,28,104
685,1,28,104
686,1,28,104
688,1,28,104
688,1,28,104
689,1,28,104
689,1,28,104
690,1,28,104
690,1,28,104
691,1,28,104
692,1,28,104
692,1,28,104
693,1,28,104
695,1,27,104
698,1,27,104
700,1,26,104
701,1,26,104
703,1,26,104
704,1,26,104
706,1,26,104
709,1,26,104
711,1,26,104
713,1,26,104
715,1,26,104
717,1,26,104
718,1,27,104
718,1,27,104
719,1,28,104
722,1,28,104
724,1,28,104
727,1,28,104
729,1,28,104
730,1,28,104
732,1,28,104
732,1,30,108
731,1,31,112
731,1,33,116
732,1,33,116
733,2,33,116
734,2,33,116
735,2,33,116
737,3,33,116
738,3,33,116
738,3,33,116
739,2,33,116
739,2,33,116
739,3,33,116
740,3,33,116
740,4,33,116
739,5,33,116
739,5,33,116
738,6,33,116
738,7,33,116
738,7,33,116
738,8,33,116
738,8,33,116
737,8,33,116
737,8,33,116
735,8,33,116
733,7,33,116
731,7,33,116
730,6,33,116
729,6,33,116
728,5,33,116
727,5,33,116
725,5,33,116
724,5,33,116
723,6,33,116
722,6,33,116
721,7,33,116
720,8,33,116
718,9,33,116
717,10,33,116
716,10,33,116
715,10,33,116
714,10,33,116
714,10,33,116
713,9,33,116
713,9,33,116
712,9,33,116
711,9,33,116
710,9,33,116
710,11,33,116
710,12,33,116
710,14,33,116
708,15,33,116
707,15,33,116
705,16,33,116
704,17,33,116
703,17,33,116
702,18,33,116
700,17,33,116
699,17,33,116
697,16,33,116
694,16,33,116
692,16,33,116
689,16,33,116
686,17,33,116
682,17,33,116
679,18,33,116
674,20,33,116
670,21,33,116
665,23,33,116
661,23,33,116
656,24,33,116
652,24,33,116
648,24,33,116
643,25,33,116
639,25,33,116
637,25,33,116
635,26,33,116
633,26,33,116
631,27,33,116
628,28,33,116
626,29,33,116
625,31,33,116
624,34,33,116
623,36,33,116
622,36,33,116
621,37,33,116
620,37,33,116
621,37,33,116
621,37,33,116
622,37,33,116
623,37,33,116
625,37,33,116
626,37,33,116
627,38,33,116
629,38,33,116
630,39,33,116
631,41,33,116
633,44,33,116
634,46,33,116
635,47,33,116
635,48,33,116
636,49,33,116
637,51,33,116
637,52,33,116
638,54,33,116
638,54,33,116
639,55,33,116
639,55,33,116
640,55,33,116
642,55,33,116
643,55,33,116
645,57,33,116
646,58,33,116
648,60,33,116
649,62,33,118
651,64,33,120
652,66,33,122
653,66,33,122
655,67,33,122
656,67,33,122
657,68,33,122
658,68,33,122
659,69,33,122
660,69,33,122
660,69,33,122
661,69,33,122
662,70,33,122
663,72,33,122
664,73,33,122
665,75,33,122
667,76,33,122
668,78,33,122
668,81,33,122
668,83,33,122
668,86,33,122
668,87,33,122
669,87,33,122
669,88,33,122
669,89,33,122
669,89,33,122
669,90,33,122
670,92,33,122
672,93,33,122
673,95,33,122
674,96,33,122
676,97,33,122
677,98,33,122
677,101,33,122
678,103,33,122
678,106,33,122
677,106,33,122
675,107,33,122
674,107,33,122
672,107,33,122
671,107,33,122
669,107,33,122
666,107,33,122
663,108,33,122
660,108,33,122
657,108,33,122
654,109,33,122
651,109,33,122
647,111,33,122
644,112,33,122
640,114,33,122
637,116,33,122
634,118,33,122
631,120,33,122
628,121,33,122
625,122,33,122
622,123,33,122
619,123,33,122
616,124,33,122
613,124,33,122
611,124,33,122
610,123,33,122
608,123,33,122
608,124,33,122
608,125,33,122
608,126,33,122
608,126,33,122
608,127,33,122
608,127,33,122
607,127,33,122
607,128,33,122
606,128,33,122
605,128,33,122
604,127,33,122
603,127,33,122
603,126,33,122
602,124,33,122
602,123,33,122
602,123,33,122
601,122,33,122
601,122,33,122
600,122,33,122
599,122,33,122
598,122,33,122
598,123,33,122
597,125,33,122
597,126,33,122
594,126,33,122
592,125,33,122
589,125,33,122
587,125,33,122
586,125,33,122
584,125,33,122
585,124,33,122
586,124,33,122
587,123,33,122
585,123,33,122
582,123,33,122
580,123,33,122
579,123,33,122
577,124,33,122
576,124,33,122
575,124,33,122
574,125,33,122
573,125,33,122
572,124,33,122
570,124,33,122
569,123,33,122
568,122,33,122
567,121,33,122
566,120,33,122
566,120,33,122
566,120,33,122
566,120,33,122
565,120,33,122
565,120,33,122
564,120,33,122
565,122,33,122
565,123,33,122
566,125,33,122
565,125,33,122
564,125,33,122
563,125,33,122
563,125,33,122
563,125,33,122
563,125,33,122
563,125,33,122
563,125,33,122
563,125,33,122
563,126,33,122
563,128,33,122
563,129,33,122
563,131,33,122
562,132,33,122
562,134,33,122
561,135,33,122
561,136,33,122
560,137,33,122
559,137,33,122
559,137,33,122
558,137,33,122
558,137,33,122
557,137,33,122
557,137,33,122
557,138,33,122
558,138,33,122
558,139,33,122
558,141,33,122
559,144,33,122
559,146,33,122
560,148,33,122
560,150,33,122
561,152,33,122
561,154,33,122
562,156,33,122
562,158,33,122
561,160,33,122
561,162,33,122
560,164,33,122
559,165,33,122
558,166,33,122
557,167,33,122
557,168,33,122
556,168,33,122
556,169,33,122
556,171,33,122
556,172,33,122
556,174,33,122
554,175,33,122
553,177,33,122
551,178,33,122
550,180,33,122
548,183,33,122
547,185,33,122
546,187,33,121
544,188,33,120
543,190,33,119
541,190,34,119
539,190,35,119
537,190,36,119
535,191,36,119
533,192,36,119
531,193,36,119
531,194,36,119
531,196,36,119
531,197,36,119
530,198,36,119
528,199,36,120
527,200,36,120
526,202,36,120
525,205,36,120
524,207,36,120
523,208,36,120
522,208,36,120
521,209,36,120
519,211,36,120
516,213,36,120
514,215,36,120
512,215,36,120
511,215,36,120
509,215,36,120
507,214,36,120
506,214,36,120
504,213,36,120
503,215,37,120
501,217,37,120
500,219,38,120
497,220,40,119
495,222,42,117
492,223,44,116
489,224,44,116
487,224,44,116
484,225,44,116
482,224,44,116
480,223,44,116
478,222,44,116
475,221,44,116
472,219,44,116
469,218,44,116
467,217,44,116
465,216,44,116
463,215,44,116
462,215,44,116
460,215,44,116
459,215,44,116
457,215,44,116
455,216,44,116
453,216,44,116
450,216,44,116
446,215,44,116
443,215,44,116
441,215,44,116
438,215,44,116
436,215,44,116
435,212,44,116
435,210,44,116
434,207,44,116
436,206,44,116
438,204,44,116
440,203,44,116
442,203,44,116
445,204,44,116
447,204,44,116
449,202,46,116
451,200,47,116
453,198,49,116
455,196,49,116
456,195,49,116
458,193,49,116
458,190,49,116
457,188,49,116
457,185,49,116
457,183,48,117
456,181,47,118
456,179,46,119
453,178,46,119
450,176,46,119
447,175,46,119
444,175,46,119
442,175,46,119
439,175,46,119
435,174,46,119
432,174,46,119
428,173,46,119
425,173,45,119
421,172,45,119
418,172,44,119
414,170,44,119
411,167,44,119
407,165,44,119
403,164,44,119
400,163,44,119
396,162,44,119
393,163,44,119
391,163,44,119
388,164,44,119
384,163,44,117
380,163,44,116
376,162,44,114
371,161,44,114
367,159,44,114
362,158,44,114
358,156,46,114
354,155,47,114
350,153,49,114
347,151,49,114
344,148,49,114
341,146,49,114
337,146,49,114
332,145,49,114
328,145,49,114
323,145,49,115
318,145,49,115
313,145,49,116
308,146,49,117
303,146,49,119
298,147,49,120
293,146,49,120
288,146,49,120
283,145,49,120
279,144,49,120
274,143,49,120
270,142,49,120
265,140,50,121
261,139,50,123
256,137,51,124
252,136,51,124
247,136,51,124
243,135,51,124
238,135,53,124
232,135,54,124
227,135,56,124
223,135,57,124
218,134,59,124
214,134,60,124
209,131,60,124
205,128,60,124
200,125,60,124
196,125,60,124
193,125,60,124
189,125,60,124
185,124,60,124
180,123,60,124
176,122,60,124
171,121,60,124
167,121,60,124
162,120,60,124
