669,392,22,65
668,392,23,65
666,392,24,65
665,392,25,65
664,392,24,65
663,391,24,65
662,391,23,65
660,390,24,65
659,389,25,65
657,388,26,65
656,388,26,66
654,387,25,66
653,387,25,67
651,386,25,66
650,386,25,65
648,385,25,64
646,384,25,64
645,384,26,64
643,383,26,64
641,383,26,63
638,383,25,63
636,383,25,62
634,382,25,62
631,382,25,62
629,381,25,62
627,381,25,62
625,380,25,62
623,380,25,62
621,379,25,62
618,377,25,62
616,376,25,62
614,375,25,62
613,374,25,62
611,373,25,62
611,372,25,62
612,372,25,62
612,371,25,62
613,371,24,62
614,370,24,62
615,370,23,62
617,368,23,62
620,367,23,62
622,365,23,62
625,363,23,62
628,362,23,62
631,360,23,62
633,359,23,62
634,359,23,62
636,358,23,62
638,358,23,62
641,358,23,62
643,358,23,62
645,357,23,62
646,357,23,62
648,356,23,62
651,354,23,62
654,352,23,62
657,350,23,62
659,349,23,62
661,349,23,62
663,348,23,62
665,348,23,62
666,347,23,62
668,347,23,62
670,345,23,62
671,343,23,62
673,341,23,62
675,341,22,62
677,340,22,62
679,340,21,62
681,340,21,62
684,339,21,62
686,339,21,62
688,339,21,62
689,338,21,62
691,338,21,62
692,335,22,62
694,333,22,62
695,330,23,62
697,329,23,62
698,329,23,62
700,328,23,62
702,328,23,62
703,328,23,62
705,328,23,62
706,326,23,62
707,325,23,62
708,323,23,62
708,322,23,62
709,320,23,62
709,319,23,62
710,318,23,62
711,316,23,62
712,315,23,62
712,315,23,62
712,315,23,62
712,315,23,62
712,313,23,62
713,310,23,62
713,308,23,62
714,307,23,62
716,305,23,62
717,304,23,62
717,304,23,62
718,303,23,62
718,303,23,62
718,301,23,62
718,300,23,62
718,298,23,62
719,296,22,62
719,295,22,62
720,293,21,62
720,293,22,62
721,292,22,62
721,292,23,62
721,291,23,62
722,289,23,62
722,288,23,62
722,287,23,61
723,285,23,61
723,284,23,60
724,284,23,60
724,283,23,60
725,283,23,60
725,281,23,60
725,280,23,59
725,278,23,59
726,277,23,59
726,277,23,59
727,276,23,59
728,275,23,59
730,274,23,58
731,273,23,58
731,276,23,53
732,280,23,49
732,283,23,44
732,285,23,41
732,286,23,39
732,288,23,36
734,289,21,33
735,291,20,30
737,292,18,27
737,294,18,24
737,297,18,22
737,299,18,19
740,301,18,18
744,303,18,18
747,305,18,17
NaN,NaN,NaN,NaN
NaN,NaN,NaN,NaN
NaN,NaN,NaN,NaN
NaN,NaN,NaN,NaN
NaN,NaN,NaN,NaN
NaN,NaN,NaN,NaN
NaN,NaN,NaN,NaN
NaN,NaN,NaN,NaN
NaN,NaN,NaN,NaN
NaN,NaN,NaN,NaN
NaN,NaN,NaN,NaN
NaN,NaN,NaN,NaN
NaN,NaN,NaN,NaN
NaN,NaN,NaN,NaN
NaN,NaN,NaN,NaN
NaN,NaN,NaN,NaN
NaN,NaN,NaN,NaN
NaN,NaN,NaN,NaN
NaN,NaN,NaN,NaN
NaN,NaN,NaN,NaN
NaN,NaN,NaN,NaN
NaN,NaN,NaN,NaN
NaN,NaN,NaN,NaN
NaN,NaN,NaN,NaN
NaN,NaN,NaN,NaN
NaN,NaN,NaN,NaN
NaN,NaN,NaN,NaN
NaN,NaN,NaN,NaN
NaN,NaN,NaN,NaN
NaN,NaN,NaN,NaN
NaN,NaN,NaN,NaN
NaN,NaN,NaN,NaN
NaN,NaN,NaN,NaN
NaN,NaN,NaN,NaN
NaN,NaN,NaN,NaN
NaN,NaN,NaN,NaN
NaN,NaN,NaN,NaN
NaN,NaN,NaN,NaN
691,251,12,15
688,250,13,18
686,249,15,20
683,248,16,23
680,248,17,26
678,248,17,29
675,248,18,32
673,248,18,39
670,247,18,47
668,247,18,54
667,247,18,54
666,248,18,54
665,248,18,54
665,248,18,54
666,248,18,54
666,248,18,54
667,247,18,54
669,245,18,55
670,244,18,55
673,244,18,55
675,243,18,56
678,243,18,56
681,244,18,56
684,244,18,56
687,245,18,56
690,244,18,56
692,244,18,56
695,243,18,56
698,243,18,56
700,242,18,56
703,242,18,56
705,242,18,56
708,243,18,56
710,243,18,56
712,243,18,56
714,243,18,56
716,243,18,56
717,242,18,56
718,241,18,56
719,240,18,56
720,239,18,56
721,239,18,56
722,238,18,56
722,238,18,56
722,238,18,56
722,238,18,56
722,238,18,56
721,238,18,56
721,238,18,56
720,238,18,56
718,238,18,56
717,238,18,56
715,238,18,56
714,239,18,56
712,239,18,56
711,239,18,56
709,240,18,56
708,240,18,56
706,239,18,56
705,239,18,56
703,238,18,56
702,238,18,56
701,238,18,56
700,238,18,56
698,238,18,56
696,238,18,56
694,238,18,56
693,238,18,56
693,238,18,56
692,238,18,56
691,238,18,56
690,238,18,56
689,238,18,56
688,237,18,56
686,236,18,56
685,235,18,56
684,236,18,56
683,237,18,56
682,238,18,56
680,238,18,56
679,238,18,56
677,238,18,56
676,237,18,56
674,237,18,56
673,236,18,56
672,235,18,56
670,234,18,56
669,233,18,56
669,234,18,56
669,234,18,56
669,235,18,56
669,236,18,56
669,238,18,56
669,239,18,56
669,238,18,56
668,238,18,56
668,237,18,56
668,237,18,56
668,237,18,56
668,237,18,56
668,237,18,56
668,237,18,56
668,237,18,56
668,237,18,56
667,238,18,56
667,238,18,56
667,238,18,56
666,238,18,56
666,238,18,56
665,238,18,56
664,238,18,56
663,238,18,56
663,239,18,56
662,239,18,56
662,240,18,56
661,240,18,56
660,239,18,56
659,239,18,56
658,239,18,56
656,238,18,56
655,238,18,56
654,238,18,56
653,238,18,56
652,238,18,56
651,240,18,56
650,241,18,56
649,243,18,56
648,243,18,56
647,243,18,56
646,243,18,56
645,243,18,56
644,242,18,56
643,242,18,56
642,242,18,56
641,243,18,56
640,243,18,56
640,244,18,56
640,244,18,56
640,245,18,56
639,245,18,56
639,245,18,56
638,245,18,56
637,245,18,56
637,246,18,56
636,246,18,56
635,246,18,56
635,246,18,56
634,246,18,56
634,247,18,56
633,248,18,56
633,249,18,56
633,249,18,56
633,249,18,56
633,249,18,56
633,248,18,56
633,248,18,56
633,247,18,56
633,248,18,56
633,248,18,56
633,249,18,56
633,249,18,56
634,249,18,56
634,249,18,56
635,249,18,56
636,250,18,56
637,250,18,56
638,250,18,56
639,250,18,56
640,250,18,56
642,251,18,56
643,252,18,56
645,253,18,56
646,253,18,56
647,254,18,56
648,254,18,56
650,254,18,56
651,255,18,56
653,255,18,56
655,255,18,56
656,254,18,56
658,254,18,56
660,255,18,56
661,256,18,56
663,257,18,56
665,257,18,56
666,258,18,56
668,258,18,56
669,258,18,56
671,258,18,56
672,258,18,56
673,258,18,56
674,259,18,56
675,259,18,56
675,259,18,56
675,260,18,56
675,260,18,56
675,260,18,56
675,260,18,56
675,260,18,56
675,260,18,56
675,260,18,56
675,260,18,56
674,260,18,56
674,259,18,56
673,259,18,56
672,260,18,56
672,261,18,56
671,262,18,56
671,262,18,56
671,262,18,56
671,262,18,56
670,262,18,56
670,262,18,56
669,262,18,56
669,262,18,56
668,263,18,56
668,263,18,56
667,263,18,56
667,263,18,56
666,263,18,56
665,263,18,56
664,264,18,56
663,264,18,56
663,264,18,56
664,264,18,56
664,264,18,56
664,265,18,56
663,265,18,56
663,266,18,56
663,267,18,56
662,267,18,56
662,268,18,56
662,268,18,56
662,268,18,56
662,268,18,56
661,267,18,57
660,267,18,57
659,266,18,58
659,267,18,58
659,267,18,58
659,268,18,58
659,269,18,58
658,269,18,58
658,270,18,58
658,269,18,58
658,269,18,58
658,268,18,58
658,268,18,58
658,267,18,58
658,267,18,58
658,267,18,58
658,268,18,58
658,268,18,58
658,269,18,58
657,270,18,58
657,271,18,58
657,271,18,58
656,271,18,58
656,271,18,58
656,271,18,58
655,270,18,58
655,270,18,58
655,270,18,58
655,270,18,58
655,270,18,58
655,271,18,58
655,272,18,58
655,273,18,58
655,272,18,58
654,272,18,58
654,271,18,58
654,271,18,58
655,270,18,58
655,270,18,58
655,271,18,58
655,272,18,58
655,273,18,58
655,274,18,58
656,276,18,58
656,277,18,58
656,277,18,58
655,276,18,58
655,276,18,58
655,276,18,58
654,276,18,58
654,276,18,58
655,277,18,58
655,277,18,58
656,278,18,58
656,279,18,58
655,279,18,58
655,280,18,58
655,279,18,58
655,279,18,58
655,278,18,58
656,278,18,58
656,278,18,59
657,278,18,59
657,279,18,59
658,280,18,59
658,281,18,59
658,281,18,59
659,281,18,59
659,281,18,59
659,281,18,59
660,282,18,59
660,282,18,59
660,282,18,59
661,281,18,59
661,281,18,59
662,282,18,59
662,283,18,59
663,284,18,59
663,285,18,59
663,285,18,59
663,286,18,59
664,286,18,59
664,285,18,59
665,285,18,59
665,285,18,59
666,285,18,59
666,285,18,59
667,286,18,59
667,287,18,59
668,288,18,59
668,288,18,59
669,289,18,59
669,289,18,59
670,288,18,59
670,288,18,59
671,287,18,59
672,288,18,59
672,288,18,59
673,289,18,59
673,289,18,59
673,289,18,59
673,289,18,59
674,290,18,59
674,290,18,59
675,291,18,59
676,291,18,59
677,292,18,59
678,292,18,59
679,292,18,59
679,292,18,59
680,292,18,59
681,292,18,59
682,293,18,59
683,293,18,59
683,293,18,59
683,294,18,59
683,294,18,59
684,294,18,59
685,293,18,59
686,293,18,59
687,293,18,59
687,293,18,59
688,293,18,59
688,294,18,59
688,296,18,59
688,297,18,59
688,297,18,59
688,297,18,59
688,297,18,59
688,297,18,59
687,297,18,59
687,297,18,59
684,298,18,59
682,298,18,59
679,299,18,59
675,300,19,58
672,302,19,57
668,303,20,56
665,303,20,56
661,302,20,56
658,302,20,56
654,302,20,56
651,301,20,56
647,301,20,56
642,302,20,57
638,302,20,58
633,303,20,59
629,304,20,59
625,305,20,59
621,306,20,59
617,305,20,59
614,305,20,59
610,304,20,59
607,304,20,59
603,303,20,59
600,303,20,59
597,303,20,59
595,304,20,59
592,304,20,59
590,305,20,59
588,307,20,59
586,308,20,59
584,307,20,59
582,306,20,59
580,305,20,59
578,305,20,59
577,305,20,59
575,305,20,59
575,306,20,59
574,307,20,59
574,308,20,59
575,308,20,59
576,308,20,59
577,308,20,59
577,308,20,59
578,307,20,59
578,307,20,59
579,307,20,59
580,307,20,59
581,307,20,59
582,307,20,59
582,308,20,59
583,308,20,59
584,309,20,59
586,309,20,59
587,310,20,59
587,309,20,59
588,309,20,59
588,308,20,59
589,308,20,59
590,308,20,59
591,308,20,59
592,309,20,59
592,310,20,59
593,311,20,59
593,312,20,59
593,312,20,59
593,313,20,59
595,313,20,59
596,312,20,59
598,312,20,59
599,311,20,59
599,311,20,59
600,310,20,59
600,310,20,59
601,311,20,59
601,311,20,59
601,312,20,59
602,312,20,59
602,313,20,59
602,313,20,59
602,313,20,59
602,313,20,59
602,313,20,59
601,312,20,59
601,312,20,59
601,312,20,59
601,313,20,59
601,313,20,59
601,313,20,59
600,313,20,59
600,313,20,59
600,313,20,59
599,313,20,59
599,313,20,59
599,313,20,59
598,313,20,59
598,313,20,59
598,314,20,59
599,314,20,59
599,315,20,59
599,315,20,59
598,315,20,59
598,315,20,59
598,315,20,60
597,314,20,62
597,314,20,63
597,314,20,63
597,314,20,63
597,314,20,63
596,315,20,63
595,316,20,63
594,317,20,63
593,317,20,63
593,318,20,63
592,318,20,63
591,318,20,63
591,317,20,63
590,317,20,63
589,317,20,63
587,317,21,63
586,317,21,63
585,318,21,63
584,318,21,63
583,319,21,63
582,319,21,63
582,320,21,63
581,320,21,63
580,319,21,63
579,319,21,63
578,318,21,63
576,319,21,63
574,320,21,63
572,321,21,63
571,321,21,63
569,320,21,63
568,320,21,63
566,320,21,63
565,320,21,63
563,320,21,63
562,319,21,63
560,319,21,63
559,318,21,63
558,319,21,63
558,320,21,63
557,321,21,63
556,321,21,63
556,322,21,63
555,322,21,63
554,322,21,63
554,322,21,63
553,322,21,63
552,321,21,63
552,321,21,63
551,320,21,63
550,320,21,63
549,321,21,63
548,321,21,63
548,322,21,63
547,322,21,63
547,323,21,63
547,323,21,63
546,322,21,63
546,322,21,63
546,322,21,63
546,321,21,63
546,321,21,63
546,321,21,63
546,322,21,63
546,322,21,63
546,322,21,63
546,321,21,63
546,321,21,63
547,321,21,63
547,321,21,63
548,321,21,63
548,321,21,63
549,320,21,63
549,320,21,63
550,320,21,63
550,319,21,63
551,319,21,63
551,319,21,63
551,319,21,63
551,319,21,63
552,319,21,63
552,318,21,63
553,318,21,63
553,318,21,63
552,318,21,63
552,318,21,63
552,318,21,63
552,318,21,63
552,318,21,63
550,318,21,63
549,318,21,63
547,318,21,63
545,318,21,63
543,317,21,63
541,317,21,63
540,316,21,63
538,316,21,63
537,315,21,63
535,316,21,63
532,317,21,63
530,318,21,63
528,318,21,63
525,319,21,63
523,319,21,63
521,317,21,63
519,316,21,63
517,314,21,63
515,314,22,63
513,315,22,63
511,315,23,63
510,316,23,63
508,317,23,63
507,318,23,63
505,318,23,63
504,318,23,63
502,318,23,63
501,317,23,63
499,317,23,63
498,316,23,63
498,316,23,63
497,316,23,63
497,316,23,63
496,317,23,63
494,317,23,63
493,318,23,63
493,318,23,63
493,318,23,63
493,318,23,63
493,317,23,63
493,316,23,63
493,315,23,63
494,315,23,63
494,315,23,63
495,315,23,63
496,316,23,63
497,317,23,63
498,318,23,63
498,318,23,63
498,318,23,63
498,318,23,63
498,317,23,63
498,316,23,63
498,315,23,63
498,315,23,63
497,316,23,63
497,316,23,63
496,317,23,63
494,317,23,63
493,318,23,63
492,317,23,63
491,316,23,63
490,315,23,63
489,315,23,63
489,314,23,63
488,314,23,63
487,315,23,63
486,317,23,63
485,318,23,63
484,318,23,63
483,319,23,63
482,319,23,63
480,319,23,63
479,318,23,63
477,318,23,63
475,318,23,63
474,318,23,63
472,318,23,63
470,318,23,63
469,319,23,63
467,319,23,63
466,320,23,63
464,321,23,63
463,322,23,63
462,322,23,63
460,322,23,63
459,322,23,63
459,321,23,63
458,320,23,63
458,319,23,63
457,320,23,63
457,321,23,63
456,322,23,63
456,322,23,63
455,323,23,63
455,323,23,63
454,323,23,63
454,323,23,63
453,323,23,63
454,322,23,63
454,322,23,63
455,321,23,63
454,322,23,63
453,322,23,63
452,323,23,63
451,323,23,63
450,322,23,63
449,322,23,63
449,322,23,63
449,322,23,63
449,322,23,63
449,322,23,63
448,322,23,63
448,322,23,63
447,323,23,63
446,324,23,63
445,325,23,63
445,325,23,63
444,326,23,63
444,326,23,63
444,326,23,63
443,327,23,63
443,327,23,63
443,327,23,63
443,328,23,63
443,328,23,63
443,329,23,63
443,329,23,63
443,330,23,63
442,330,23,63
441,330,23,63
440,330,23,63
439,329,23,63
439,329,23,63
438,328,23,63
438,329,23,63
437,329,23,63
437,330,23,63
437,331,23,60
437,333,23,57
437,334,23,54
437,334,23,55
436,334,23,56
436,334,23,57
435,334,23,57
435,333,23,57
434,333,23,57
433,334,23,57
431,334,23,57
430,335,23,57
430,335,23,57
429,336,23,57
429,336,23,57
428,337,23,57
426,337,23,57
425,338,23,57
424,338,23,57
423,338,23,57
422,338,23,57
421,338,23,57
419,338,23,57
418,338,23,57
418,340,23,57
417,341,23,57
417,343,23,57
416,343,23,57
414,343,23,57
413,343,23,57
412,343,23,57
410,343,23,57
409,343,23,57
409,343,23,57
408,344,23,57
408,344,23,57
407,345,23,57
406,347,23,57
405,348,23,57
404,349,23,57
404,349,23,57
403,350,23,57
401,349,23,57
400,349,23,57
398,348,23,57
397,347,23,59
396,347,23,60
395,346,23,62
395,346,23,62
395,346,23,62
395,346,23,62
394,346,23,62
393,347,23,62
392,347,23,62
391,346,23,62
390,344,23,62
389,343,23,62
388,343,23,62
387,343,23,62
386,343,23,62
385,342,23,62
383,342,23,62
382,341,23,62
381,340,23,62
379,339,23,62
378,338,23,62
378,339,23,61
378,339,23,61
378,340,23,60
378,340,23,60
377,339,23,60
377,339,23,60
376,338,23,60
376,338,23,60
375,337,23,60
376,337,23,60
376,336,23,60
377,336,23,60
377,335,23,60
376,335,23,60
376,334,23,60
377,334,23,60
377,334,23,60
378,334,23,60
378,334,23,60
378,333,23,60
378,333,23,60
379,333,23,60
380,332,23,60
381,332,23,60
385,330,23,60
389,329,23,60
393,327,23,60
398,326,23,60
404,324,23,60
409,323,23,60
415,322,23,60
422,321,23,60
428,320,23,60
434,319,23,60
440,319,23,60
446,318,23,60
452,317,23,60
459,316,23,60
465,315,23,60
471,314,23,60
477,313,23,60
483,312,23,60
488,311,23,60
493,309,23,60
498,308,23,60
503,308,23,60
507,308,23,60
512,308,23,60
515,307,23,59
518,306,23,59
521,305,23,58
523,305,23,57
525,305,23,57
527,305,23,56
527,305,23,56
528,305,22,56
528,305,22,56
528,304,22,56
529,304,22,56
529,303,22,56
529,302,22,56
530,302,22,56
530,301,22,56
531,301,22,56
531,300,22,56
532,300,22,56
532,299,22,56
532,299,22,56
532,298,22,56
532,297,22,56
532,297,22,56
532,296,22,56
532,296,22,56
532,295,22,56
532,295,22,56
532,294,22,56
531,294,22,56
531,293,22,56
531,293,22,56
531,293,22,56
531,293,22,56
531,291,22,56
531,290,22,56
531,288,22,56
531,287,22,56
530,287,22,56
530,286,22,56
529,286,22,56
528,286,22,56
527,286,22,56
527,285,22,56
526,285,22,56
526,284,22,56
525,283,22,56
524,283,22,56
523,282,22,56
522,281,22,56
520,280,22,56
519,279,22,56
518,279,22,56
516,278,22,56
515,278,22,56
514,278,21,56
513,278,21,56
512,278,20,56
511,278,20,56
510,277,20,56
509,277,20,56
507,276,20,56
505,275,20,56
503,274,20,56
501,275,20,55
500,275,20,53
498,276,20,52
496,276,20,52
495,276,20,52
493,276,20,52
491,276,20,52
489,275,20,52
487,275,20,52
486,275,20,52
484,276,19,51
483,276,19,51
481,277,19,51
480,277,19,51
478,278,19,51
477,279,19,50
476,279,19,48
475,280,19,47
473,280,19,47
471,280,19,47
469,280,19,47
468,281,19,47
467,282,19,47
466,283,19,47
464,284,20,47
463,285,21,47
461,286,22,47
460,287,22,47
459,287,22,47
458,288,22,47
456,289,22,47
454,291,22,47
452,292,22,47
451,293,22,47
449,295,22,47
448,296,22,47
448,297,22,47
448,298,22,47
448,299,22,47
447,300,22,47
446,301,22,47
445,302,22,47
445,302,21,47
445,303,20,47
445,303,19,47
445,304,19,49
445,306,19,50
445,307,19,52
446,309,19,52
447,311,19,52
448,313,19,52
448,315,19,52
448,316,19,52
448,318,19,52
448,319,19,52
449,321,19,52
449,322,19,52
450,324,19,52
450,326,20,52
451,328,20,52
452,330,20,52
453,331,20,52
454,333,20,52
455,334,20,51
457,336,20,50
458,337,20,49
460,338,20,49
461,340,20,49
463,341,20,49
465,342,20,49
466,344,20,49
468,345,20,49
470,347,20,49
471,349,21,49
473,351,21,49
475,352,21,50
477,354,21,51
479,355,21,52
481,356,21,53
484,358,21,55
486,359,21,56
487,360,21,56
487,362,21,57
488,363,21,57
490,365,21,57
491,367,21,57
493,369,21,57
493,370,21,56
494,372,21,55
494,373,21,54
494,374,22,55
495,375,22,55
495,376,23,56
495,378,23,56
495,381,23,56
495,383,23,56
495,385,23,55
495,386,23,54
495,388,23,53
495,390,23,53
495,391,23,52
495,393,23,52
495,394,23,53
495,395,23,55
495,396,23,56
495,397,23,56
496,399,23,56
496,400,23,56
496,402,23,55
497,403,23,53
497,405,23,52
496,406,23,52
496,408,23,52
495,409,23,52
494,409,23,54
494,410,23,55
493,410,23,57
493,412,23,57
493,414,23,57
493,416,23,57
492,417,23,56
492,417,23,54
491,418,23,53
491,419,23,53
491,421,23,53
491,422,23,53
491,423,23,55
490,424,23,56
490,425,23,58
490,427,23,58
490,428,23,58
490,430,23,58
490,431,23,57
491,432,23,56
491,433,23,55
490,433,23,56
489,433,23,57
488,433,23,58
489,433,23,58
489,434,23,58
490,434,23,58
490,436,23,58
491,437,23,58
491,439,23,58
491,440,23,56
491,442,23,53
491,443,23,51
491,443,23,52
492,444,23,54
492,444,23,55
492,444,23,57
493,445,23,58
493,445,23,60
493,447,23,60
493,448,23,60
493,450,23,60
494,451,23,58
496,452,23,56
497,453,23,54
497,453,23,56
497,452,23,58
497,452,23,60
497,453,23,60
497,453,23,60
497,454,23,60
497,455,23,60
496,457,23,60
496,458,23,60
496,459,23,58
495,459,23,56
495,460,23,54
495,460,23,57
494,459,23,59
494,459,23,62
494,460,24,63
493,461,24,64
493,462,25,65
493,463,25,64
493,464,25,63
493,465,25,62
493,466,25,60
493,467,25,58
493,468,25,56
491,468,25,58
489,468,25,59
487,468,25,61
486,468,25,61
485,469,25,61
484,469,25,61
484,470,25,60
483,471,25,58
483,472,25,57
483,472,25,56
482,473,25,54
482,473,25,53
482,473,25,55
481,473,25,57
481,473,25,59
480,473,25,59
480,474,25,58
479,474,25,58
479,474,25,58
479,475,25,57
479,475,25,57
479,475,25,56
478,474,25,55
478,474,25,54
479,474,25,56
479,473,25,59
480,473,25,61
481,474,25,61
482,475,25,61
483,476,25,61
484,476,25,59
485,477,25,57
486,477,25,55
487,476,25,56
488,475,25,56
489,474,25,57
491,474,25,59
493,475,25,60
495,475,25,62
496,475,25,62
497,475,25,62
498,475,25,62
500,476,25,60
502,476,25,58
504,477,25,56
505,477,25,56
507,476,25,56
508,476,25,56
508,475,25,57
507,475,25,57
507,474,25,58
507,474,25,58
508,473,25,58
508,473,25,58
508,473,25,58
508,473,25,58
508,473,25,58
508,473,25,56
508,473,25,54
508,473,25,52
507,473,25,54
505,474,25,56
504,474,25,58
503,474,25,58
502,473,25,58
501,473,25,58
500,473,25,58
500,473,25,58
499,473,25,58
497,472,25,57
496,471,25,55
494,470,25,54
492,469,25,55
491,467,25,56
489,466,25,57
487,465,25,58
486,464,25,60
484,463,25,61
484,463,25,61
483,462,25,61
483,462,25,61
482,462,26,59
481,463,26,57
480,463,27,55
479,462,27,55
478,461,27,55
477,460,27,55
476,459,27,57
474,459,27,59
473,458,27,61
474,457,27,61
474,457,27,61
475,456,27,61
476,456,26,58
476,455,25,56
477,455,24,53
477,454,24,53
478,452,24,53
478,451,24,53
478,449,24,56
478,447,24,60
478,445,24,63
480,445,23,62
483,445,23,61
485,445,22,60
486,444,23,58
487,444,25,55
488,443,26,53
489,442,25,55
489,441,25,58
490,440,24,60
491,439,25,61
491,438,25,61
492,437,26,62
492,437,26,59
493,437,26,57
493,437,26,54
493,436,26,53
493,434,27,53
493,433,27,52
493,431,27,54
493,429,27,56
493,427,27,58
493,426,27,59
493,426,26,61
493,425,26,62
493,424,26,61
494,424,25,59
494,423,25,58
495,422,26,58
495,421,26,57
496,420,27,57
496,419,27,58
495,417,28,59
495,416,28,60
495,416,28,60
495,415,27,60
495,415,27,60
495,414,27,57
495,414,27,55
495,413,27,52
495,410,27,54
494,408,28,55
494,405,28,57
495,404,28,58
495,404,28,58
496,403,28,59
497,402,27,58
497,401,25,58
498,400,24,57
498,399,24,55
498,399,24,54
498,398,24,52
498,398,25,52
499,397,26,52
499,397,27,52
500,396,27,52
502,394,27,52
503,393,27,52
504,392,25,53
506,392,24,53
507,391,22,54
509,389,23,52
511,388,23,49
513,386,24,47
516,384,24,49
518,382,25,51
521,380,25,53
525,379,25,54
529,377,25,56
533,376,25,57
538,375,25,55
544,374,25,54
549,373,25,52
554,372,25,52
559,372,25,52
564,371,25,52
570,369,25,52
575,367,25,52
581,365,25,52
587,364,25,54
592,364,25,55
598,363,25,57
603,361,24,57
609,360,24,57
614,358,23,57
619,358,23,54
625,357,24,51
630,357,24,48
634,355,24,49
637,353,25,51
641,351,25,52
645,351,25,52
649,351,24,52
653,351,24,52
656,350,24,52
658,349,24,51
661,348,24,51
662,347,24,51
664,345,25,52
665,344,25,52
666,343,25,52
667,341,26,52
668,340,26,52
668,340,26,52
668,340,25,52
668,340,25,52
668,340,24,52
668,339,24,52
668,339,23,52
668,338,24,52
667,336,25,51
667,335,26,51
668,334,25,52
668,332,24,53
669,331,23,54
670,331,23,54
672,331,23,54
673,331,23,54
676,331,23,54
679,332,22,54
682,332,22,54
685,331,22,54
689,330,23,54
692,329,23,54
696,328,23,54
699,328,23,54
703,327,23,54
707,327,23,54
710,328,22,54
714,328,22,54
718,328,22,54
723,328,22,54
727,328,22,54
729,327,22,54
732,326,22,55
734,325,22,55
736,325,22,55
739,324,22,54
741,324,22,54
743,325,22,54
746,327,22,54
748,328,22,54
751,328,22,54
753,327,22,54
756,327,22,54
758,327,22,54
760,326,23,55
762,326,23,55
764,325,23,55
765,324,22,55
767,323,22,55
769,325,22,55
772,326,22,55
774,328,22,55
776,327,22,55
779,327,22,55
781,326,22,55
783,325,22,55
785,325,22,55
787,324,22,55
789,324,22,55
791,324,22,55
793,324,22,55
795,325,22,55
797,326,22,55
799,327,22,55
801,327,22,55
804,327,22,55
806,327,22,55
809,326,22,55
811,326,22,55
814,325,22,55
815,325,22,55
817,324,22,55
818,324,22,55
821,325,22,55
824,326,21,55
827,327,21,55
830,326,21,55
832,325,22,55
835,324,22,55
837,324,22,56
839,323,22,56
841,323,22,57
843,323,22,57
844,323,22,57
846,323,22,57
848,324,22,57
850,324,22,57
852,325,22,57
853,324,22,57
854,324,22,57
855,323,22,57
856,323,22,57
857,322,22,57
858,322,22,57
859,322,22,57
861,322,22,57
862,322,22,57
864,322,22,57
866,323,22,57
868,323,22,57
870,322,22,57
871,321,22,57
873,320,22,57
874,319,22,57
876,319,22,57
877,318,22,57
878,318,22,57
880,318,22,57
881,318,22,57
883,318,22,57
885,319,22,57
887,319,22,57
888,319,22,57
889,318,23,57
890,318,23,57
891,318,23,57
892,318,22,57
893,318,22,57
894,318,22,57
896,317,22,57
897,317,22,57
897,317,22,57
898,318,22,57
898,318,22,57
898,316,23,58
897,313,24,59
897,311,25,60
896,310,25,60
894,310,25,60
893,309,25,60
892,309,24,60
892,309,23,60
891,309,22,60
889,308,22,60
886,307,22,60
884,306,22,60
882,304,22,60
881,303,22,60
879,301,22,60
876,301,23,59
872,300,23,58
869,300,24,57
868,300,24,57
868,300,23,57
867,300,23,57
864,298,23,57
862,297,23,57
859,295,23,57
858,294,23,58
857,294,23,58
856,293,23,59
855,292,24,60
855,291,24,60
854,290,25,61
854,290,24,61
854,290,23,61
854,290,22,61
855,289,22,61
855,288,22,61
856,287,22,61
857,286,22,61
857,285,22,61
858,284,22,61
860,284,21,61
861,284,21,61
863,284,20,61
864,284,20,61
865,283,20,61
866,283,20,61
867,282,21,61
867,281,22,62
868,280,23,62
868,280,23,62
869,279,23,62
869,279,23,62
870,279,23,62
870,280,22,62
871,280,22,62
871,280,22,62
870,279,23,62
870,279,23,62
870,278,23,62
870,277,23,62
870,276,23,62
870,275,23,61
869,275,24,60
869,274,24,59
869,274,23,59
869,273,23,59
869,273,22,59
869,272,22,59
868,272,22,59
868,271,22,59
868,270,22,60
867,269,22,60
867,268,22,61
866,268,22,61
866,268,22,61
865,268,22,61
864,268,22,60
864,268,22,59
863,268,22,58
863,266,22,58
863,265,22,58
863,263,22,58
863,262,22,58
863,262,22,58
863,261,22,58
863,261,22,58
863,261,22,58
863,261,22,58
863,261,22,58
864,261,22,58
864,261,22,58
865,260,22,58
865,258,22,58
866,257,22,58
867,257,22,58
867,257,22,58
868,257,22,58
869,257,22,58
869,258,22,58
870,258,22,58
871,257,22,58
871,256,22,58
872,255,22,58
872,255,22,58
873,254,22,58
873,254,22,58
874,254,22,58
875,253,22,58
876,253,22,58
877,253,22,58
877,254,22,58
878,254,22,58
878,254,22,58
878,253,22,58
878,253,22,58
879,252,22,58
879,251,22,58
880,250,22,58
880,250,22,58
879,251,22,58
879,251,22,58
879,251,22,58
879,250,22,58
879,250,22,58
879,249,22,58
879,249,22,58
879,248,22,58
879,248,22,58
878,248,22,58
878,248,22,58
878,248,22,58
877,249,22,58
877,249,22,58
876,249,22,58
876,248,22,58
875,248,22,58
873,247,22,58
872,246,22,57
870,245,22,57
868,245,22,57
866,244,22,58
864,244,22,58
863,244,22,58
861,245,22,58
860,245,22,58
858,244,22,58
856,244,22,58
854,243,22,58
853,243,22,58
851,242,22,58
850,242,22,58
848,241,22,58
846,241,22,58
844,240,22,58
843,241,22,58
841,241,22,58
840,242,22,58
839,242,22,57
837,243,22,56
836,243,22,55
835,242,22,56
834,240,22,57
833,239,22,58
833,239,22,58
833,238,22,58
833,238,22,58
833,239,22,58
833,240,22,58
833,241,22,58
834,240,22,58
834,239,22,58
835,238,22,58
836,238,22,58
836,238,22,58
837,238,22,58
838,238,22,58
838,238,22,58
839,238,22,58
839,239,22,58
840,239,22,58
840,240,22,58
841,240,22,58
842,239,22,58
843,239,22,58
843,239,22,59
844,239,22,60
844,239,22,61
844,240,22,61
844,240,22,61
844,241,22,61
844,241,22,61
844,242,22,61
844,242,22,61
843,241,22,61
841,241,22,61
840,240,22,61
839,240,22,61
839,240,22,61
838,240,22,61
836,241,22,61
835,241,22,61
833,242,22,61
832,242,22,59
830,243,22,57
829,243,22,55
828,242,22,56
826,242,22,57
825,241,22,58
824,241,22,58
822,242,22,58
821,242,22,58
820,242,22,58
819,243,22,58
818,243,22,58
817,243,22,58
815,243,22,58
814,243,22,58
813,243,22,58
811,243,22,58
810,243,22,58
809,243,22,58
807,244,22,58
806,244,22,58
805,245,22,57
804,246,22,56
803,247,22,55
802,247,22,56
802,246,22,57
801,246,22,58
800,246,22,58
800,245,22,58
799,245,22,58
799,245,22,58
799,246,22,58
799,246,22,58
800,247,22,58
800,248,22,58
801,249,22,58
801,249,22,58
801,249,22,58
801,249,22,58
801,249,22,58
801,248,22,58
801,248,22,58
802,248,22,58
802,249,22,58
803,249,22,58
802,249,22,58
802,249,22,58
801,249,22,58
801,250,22,58
801,251,22,58
801,252,22,58
801,252,22,58
802,253,22,58
802,253,22,58
802,253,22,58
801,253,22,58
801,253,22,58
800,255,22,58
799,256,22,58
798,258,22,58
798,258,22,58
797,258,22,58
797,258,22,58
796,258,22,58
794,258,22,58
793,258,22,58
792,259,22,58
792,260,22,58
791,261,22,58
790,262,22,58
789,262,22,58
788,263,22,58
788,263,22,58
788,264,22,58
788,264,22,58
787,264,22,58
785,263,22,58
784,263,22,58
783,264,22,58
783,265,22,57
782,266,22,57
782,266,22,57
781,267,22,57
781,267,22,57
780,267,22,57
779,267,22,57
778,267,22,57
777,268,22,57
776,268,22,57
775,269,22,57
774,270,22,57
774,272,22,57
773,273,22,57
772,273,22,57
772,274,22,57
771,274,22,57
770,274,22,57
769,273,22,57
768,273,22,57
768,274,22,57
767,275,22,57
767,276,22,57
766,277,22,57
764,278,22,57
763,279,22,57
763,280,22,57
762,280,22,57
762,281,22,57
761,281,22,57
761,281,22,57
760,281,22,57
759,282,22,57
759,282,22,57
758,283,22,57
756,284,22,57
755,286,23,57
753,287,23,57
752,287,23,57
751,288,22,57
750,288,22,57
749,288,22,57
749,289,22,57
748,289,22,57
746,290,22,57
745,291,22,57
743,292,22,57
743,294,22,57
742,296,22,57
742,298,22,57
740,299,22,56
739,301,22,54
737,302,22,53
735,303,22,53
734,304,22,53
732,305,22,53
731,306,22,53
729,307,22,53
728,308,22,53
727,310,23,53
726,313,24,53
725,315,25,53
725,317,25,52
724,319,25,51
724,321,25,50
724,322,22,50
723,323,20,50
723,324,17,50
722,327,17,50
721,329,17,50
720,332,17,50
719,333,18,51
718,335,19,51
717,336,20,52
716,338,21,52
714,341,21,52
713,343,22,52
712,346,22,52
711,348,22,52
710,351,22,52
709,353,22,52
709,356,22,52
708,358,22,52
708,360,22,52
707,363,22,52
707,365,22,52
706,367,22,54
705,370,23,55
704,372,23,57
703,375,23,57
703,379,23,57
702,382,23,57
701,384,23,57
701,387,23,57
700,389,23,57
699,391,23,56
699,394,23,56
698,396,23,55
698,399,23,55
698,401,23,55
698,404,23,55
697,406,24,56
697,409,24,58
696,411,25,59
695,413,25,60
695,416,25,61
694,418,25,62
691,420,25,63
688,423,25,64
685,425,25,65
681,427,25,63
677,430,25,62
673,432,25,60
668,434,25,60
663,436,25,60
658,438,25,60
652,442,25,60
645,445,25,61
639,449,25,61
632,452,25,62
625,455,25,62
618,458,25,63
611,461,25,63
603,465,25,63
596,468,25,63
589,471,25,62
581,475,25,62
574,478,25,61
567,481,25,59
559,485,25,58
552,488,25,56
546,492,26,57
540,495,28,58
534,499,29,59
528,503,29,59
522,508,29,59
516,512,29,59
512,516,29,59
507,519,29,58
503,523,29,58
499,527,29,55
494,531,29,53
490,535,29,50
486,538,30,53
482,540,30,55
478,543,31,58
475,546,31,60
471,548,32,62
468,551,32,64
465,555,33,65
461,560,34,65
458,564,35,66
456,568,34,65
453,571,33,63
451,575,32,62
448,578,32,62
446,580,32,62
443,583,32,62
441,586,32,65
439,590,32,67
437,593,32,70
436,596,32,70
434,600,32,70
433,603,32,70
433,606,32,68
432,609,32,66
432,612,32,64
431,614,32,65
431,616,32,66
430,618,32,67
430,620,32,69
429,621,32,70
429,623,32,72
429,626,32,72
429,629,32,72
429,632,32,72
430,634,32,68
431,636,32,64
432,638,32,60
431,640,32,60
429,641,32,60
428,643,32,60
428,643,32,64
427,643,32,68
427,643,32,72
425,645,32,72
423,646,32,72
421,648,32,72
420,650,32,68
418,653,32,63
417,655,32,59
417,655,32,59
417,654,32,59
417,654,32,59
415,654,32,61
412,654,32,62
410,654,32,64
409,655,32,64
409,656,32,63
408,657,32,63
408,657,32,63
408,657,32,63
408,657,32,63
408,657,32,59
407,657,32,56
407,657,32,52
406,655,32,56
406,653,32,59
405,651,32,63
406,651,32,64
406,651,32,65
407,651,32,66
406,650,32,65
405,648,32,64
404,647,32,63
404,646,32,60
403,646,32,57
403,645,32,54
403,643,32,58
403,640,32,63
403,638,32,67
403,637,32,67
403,637,32,68
403,636,32,68
402,636,32,64
400,636,32,61
399,636,32,57
398,634,32,57
396,631,32,56
395,629,32,56
395,627,32,60
395,625,32,65
395,623,32,69
394,622,32,69
392,621,32,68
391,620,32,68
390,619,32,65
389,617,32,62
388,616,32,59
389,614,32,59
390,612,32,59
391,610,32,59
391,606,32,63
392,603,32,67
392,599,32,71
394,598,32,70
395,597,32,69
397,596,32,68
398,594,32,65
400,593,32,61
401,591,32,58
402,589,32,58
402,586,32,58
403,584,32,58
405,581,32,61
406,579,32,64
408,576,32,67
409,574,32,67
409,573,32,67
410,571,32,67
411,570,32,65
413,569,32,63
414,568,32,61
415,566,32,59
415,565,32,56
416,563,32,54
416,561,32,55
415,558,32,57
415,556,32,58
413,553,32,60
411,551,32,62
409,548,32,64
409,547,32,64
408,547,32,64
408,546,32,64
406,545,32,62
405,544,32,59
403,543,32,57
399,542,32,57
396,542,32,56
392,541,32,56
390,539,32,59
387,538,32,61
385,536,32,64
382,535,32,64
379,533,32,64
376,532,32,64
374,532,32,64
371,531,32,64
369,531,32,64
366,531,32,62
363,531,32,61
360,531,32,59
359,530,32,56
357,529,32,54
356,528,32,51
353,526,32,54
351,523,32,56
348,521,32,59
347,519,32,60
346,518,32,62
345,516,32,63
344,515,32,63
342,514,32,63
341,513,32,63
340,512,32,61
340,512,32,59
339,511,32,57
338,510,32,55
336,509,32,53
335,508,32,51
335,506,32,53
335,504,32,55
335,502,32,57
336,501,32,58
336,500,32,60
337,499,32,61
337,498,32,61
338,497,32,61
338,496,32,61
337,494,32,59
336,493,32,57
335,491,32,55
334,489,32,56
333,488,32,56
332,486,32,57
330,484,31,58
328,483,29,60
326,481,28,61
323,481,28,61
319,482,28,61
316,482,28,61
313,482,28,59
309,481,28,56
306,481,28,54
300,481,28,54
295,481,28,54
289,481,28,54
284,480,29,56
278,480,30,59
273,479,31,61
268,480,31,61
263,481,31,61
258,482,31,61
253,482,31,59
248,482,31,58
243,482,31,56
240,481,31,56
236,479,31,56
233,478,31,56
230,477,31,56
226,476,31,57
223,475,31,57
221,475,31,57
219,475,31,58
217,475,31,58
216,474,31,57
214,474,31,57
213,473,31,56
210,471,31,57
206,470,31,57
203,468,31,58
201,468,31,58
200,467,31,59
198,467,31,59
198,467,31,59
198,466,31,59
198,466,31,59
199,465,30,58
200,465,30,57
201,464,29,56
202,461,29,56
204,459,29,56
205,456,29,56
205,454,29,56
206,452,29,56
206,450,29,56
205,450,29,56
203,449,29,56
202,449,29,56
200,449,29,56
197,448,29,56
195,448,29,56
193,447,29,57
190,447,29,57
188,446,29,58
185,446,29,58
183,446,29,58
180,446,29,58
176,446,29,58
172,446,29,58
168,446,29,58
165,446,29,57
163,446,29,55
160,446,29,54
157,445,29,55
155,443,29,57
152,442,29,58
150,441,30,58
149,439,31,58
147,438,32,58
147,438,31,58
147,437,30,58
147,437,29,58
147,436,29,58
147,434,29,57
147,433,29,57
147,432,29,57
146,431,29,57
146,430,29,57
147,428,30,57
148,426,30,56
149,424,31,56
150,423,30,55
152,423,30,55
153,422,29,54
156,420,28,55
158,418,27,57
161,416,26,58
162,414,26,59
162,412,26,60
163,410,26,61
164,408,26,61
165,407,26,61
166,405,26,61
166,404,26,61
167,403,25,61
167,402,25,61
166,402,25,60
164,402,26,58
163,402,26,57
161,401,26,57
160,399,26,57
158,398,26,57
156,397,26,57
155,397,26,57
153,396,26,57
151,396,26,57
150,396,26,57
148,396,26,57
147,396,26,57
145,396,26,57
144,396,26,57
143,394,27,57
142,393,27,57
141,391,28,57
141,389,28,57
142,388,28,57
142,386,28,57
142,386,28,57
142,386,28,57
142,386,28,57
144,384,28,57
146,382,28,57
148,380,28,57
150,378,29,57
152,376,30,57
154,374,31,57
158,372,31,57
161,369,31,57
165,367,31,57
169,366,29,55
174,365,27,54
178,364,25,52
182,363,25,52
187,361,25,52
191,360,25,52
195,358,25,52
198,356,25,52
202,354,25,52
206,351,26,52
209,348,27,52
213,345,28,52
216,344,28,52
220,342,28,52
223,341,28,52
227,339,28,52
232,337,27,52
236,335,27,52
240,333,27,52
243,331,27,52
247,329,27,52
251,328,27,52
254,326,27,52
258,325,27,52
262,324,25,52
267,323,23,52
271,322,21,52
272,320,21,52
274,319,21,52
275,317,21,52
275,316,21,52
275,315,22,52
275,314,22,52
272,313,22,52
269,312,23,52
266,311,23,52
262,312,23,52
259,312,23,52
255,313,23,52
248,313,23,52
242,314,23,52
235,314,23,52
229,314,23,52
224,314,23,52
218,314,23,52
211,315,24,52
205,315,26,52
198,316,27,52
192,318,26,52
187,319,24,52
181,321,23,52
177,320,23,52
174,320,23,52
170,319,23,52
168,318,24,52
165,317,26,52
163,316,27,52
163,315,27,52
164,315,27,52
164,314,27,52
167,313,25,52
170,312,24,52
173,311,22,52
176,310,22,52
180,308,22,52
183,307,22,52
185,305,24,52
187,304,25,52
189,302,27,52
193,301,26,52
197,301,25,52
201,300,24,52
204,298,23,52
207,296,22,52
210,294,21,52
213,293,21,52
217,292,21,52
220,291,21,52
223,288,23,52
225,286,25,52
228,283,27,52
232,282,25,52
236,282,23,52
240,281,21,52
243,280,21,52
246,279,21,52
249,278,21,52
252,277,21,52
254,275,21,52
257,274,21,52
259,273,21,52
261,271,22,52
263,270,22,52
265,270,21,52
267,270,21,52
269,270,20,52
269,269,20,52
270,267,20,52
270,266,20,52
269,265,21,52
269,264,22,52
268,263,23,52
268,262,23,52
267,261,23,52
267,260,23,52
264,261,22,52
262,262,21,52
259,263,20,52
258,262,21,53
256,260,21,53
255,259,22,54
253,259,24,54
252,259,25,54
250,259,27,54
248,258,27,54
247,257,27,54
245,256,27,54
243,256,26,54
242,257,24,54
240,257,23,54
240,257,23,54
240,257,23,54
240,257,23,54
240,256,23,54
240,254,23,54
240,253,23,54
241,252,23,54
241,252,23,54
242,251,23,54
242,251,23,54
241,251,23,54
241,251,23,54
242,250,23,54
243,249,23,54
244,248,23,54
244,247,24,54
244,247,25,54
244,246,26,54
245,245,26,54
246,244,26,54
247,243,26,54
245,243,26,54
244,244,26,54
242,244,26,54
242,243,25,54
241,243,23,54
241,242,22,54
240,242,22,54
238,241,22,54
237,241,22,54
235,241,23,54
234,241,25,54
232,241,26,54
232,241,24,54
231,240,22,54
231,240,20,54
229,240,20,54
228,241,20,54
226,241,20,54
224,240,21,54
221,239,23,55
219,238,24,55
217,238,25,55
216,238,26,55
214,238,27,55
213,238,27,55
212,238,26,55
211,238,26,55
211,238,24,55
212,238,22,55
212,238,20,55
212,237,20,55
213,237,20,55
213,236,20,55
213,236,21,55
214,235,22,55
214,235,23,55
215,234,23,55
217,234,23,55
218,233,23,55
220,233,22,55
223,232,21,55
225,232,20,55
226,231,21,55
227,230,22,55
228,229,23,55
230,228,23,55
233,228,23,55
235,227,23,55
236,227,24,55
238,226,25,55
239,226,26,55
242,226,25,55
245,225,23,55
248,225,22,55
250,224,23,55
251,222,23,55
253,221,24,55
255,220,24,55
257,219,24,55
259,218,24,55
261,218,24,55
262,217,24,55
264,217,24,55
269,217,23,55
273,217,21,55
278,217,20,55
279,216,21,55
280,214,23,55
281,213,24,55
283,213,24,55
286,213,24,55
288,213,24,55
289,212,24,54
289,212,24,53
290,211,24,52
292,211,22,52
295,211,21,52
297,211,19,52
297,211,21,52
297,211,22,52
297,211,24,52
297,211,24,52
297,211,24,52
297,211,24,52
297,211,23,52
298,211,21,52
298,211,20,52
297,211,20,52
297,210,20,52
296,210,20,52
294,210,21,52
292,211,23,52
290,211,24,52
287,211,26,52
285,210,28,52
282,210,30,52
282,210,28,52
281,211,25,52
281,211,23,52
282,211,22,52
282,211,21,52
283,211,20,52
282,211,21,51
282,210,23,51
281,210,24,50
282,209,25,50
283,208,26,50
284,207,27,50
286,207,26,50
289,208,25,50
291,208,24,50
293,208,23,50
296,208,22,50
298,208,21,50
299,207,22,51
299,205,24,51
300,204,25,52
302,203,25,52
303,203,25,52
305,202,25,52
304,203,25,52
304,203,25,52
303,204,25,52
305,204,24,52
307,203,22,52
309,203,21,52
309,203,21,52
309,203,21,52
309,203,21,52
308,204,21,52
306,204,21,52
305,205,21,52
304,205,21,52
302,206,21,52
301,206,21,52
301,206,21,52
300,207,21,52
300,207,21,52
298,206,22,52
297,205,24,52
295,204,25,52
295,205,25,52
294,205,25,52
294,206,25,52
294,206,24,52
294,206,23,52
294,206,22,52
294,206,22,52
295,206,22,52
295,206,22,52
295,206,23,52
296,206,25,52
296,206,26,52
297,206,26,52
297,207,26,52
298,207,26,52
301,207,23,52
303,208,21,52
306,208,18,52
307,208,19,52
308,209,21,52
309,209,22,52
310,208,22,52
312,208,22,52
313,207,22,52
314,207,22,52
315,207,22,52
316,207,22,52
317,208,21,52
319,210,21,52
320,211,20,52
321,211,20,52
323,211,20,52
324,211,20,52
324,210,21,52
324,210,23,52
324,209,24,52
325,210,23,52
327,210,23,52
328,211,22,52
328,212,22,52
329,212,22,52
329,213,22,52
330,212,22,52
331,212,22,52
332,211,22,52
332,211,23,52
333,211,24,52
333,211,25,52
332,212,26,52
332,212,26,52
331,213,27,52
332,213,26,52
334,213,24,52
335,213,23,52
336,213,23,52
337,212,23,52
338,212,23,52
339,212,23,52
340,212,23,52
341,212,23,52
342,213,23,52
343,214,23,52
344,215,23,52
345,216,23,52
347,217,22,52
348,218,22,52
348,218,22,52
348,217,22,53
348,217,22,53
348,217,23,53
348,217,25,53
348,217,26,53
348,217,26,53
347,217,26,53
347,217,26,53
348,218,25,53
348,219,24,53
349,220,23,53
349,220,23,53
349,220,23,53
349,220,23,53
350,220,23,53
350,219,23,53
351,219,23,53
351,220,23,53
350,220,23,53
350,221,23,53
351,221,23,53
351,222,23,53
352,222,23,53
352,222,23,53
351,223,23,53
351,223,23,53
351,224,24,53
350,224,24,53
350,225,25,53
349,226,25,53
347,226,26,53
346,227,26,53
347,228,24,53
348,229,23,53
349,230,21,53
349,230,21,53
350,230,21,53
350,230,21,53
351,230,21,54
351,230,22,54
352,230,22,55
352,231,22,55
353,231,22,55
353,232,22,55
354,233,22,55
356,233,22,55
357,234,22,55
358,235,21,55
358,235,21,55
359,236,20,55
359,236,22,55
359,236,24,55
359,236,26,55
360,237,25,55
361,239,24,55
362,240,23,55
362,241,23,55
363,241,22,55
363,242,22,55
363,243,22,55
362,243,22,55
362,244,22,55
362,245,22,55
361,245,22,55
361,246,22,55
360,246,23,56
359,247,23,56
358,247,24,57
358,248,24,57
357,249,24,57
357,250,24,57
356,250,24,57
355,251,24,57
354,251,24,57
354,253,23,57
353,254,23,57
353,256,22,57
353,256,22,57
353,256,22,57
353,256,22,57
352,257,23,57
352,258,24,57
351,259,25,57
351,260,25,57
352,261,25,57
352,262,25,57
352,262,25,57
351,263,25,57
351,263,25,57
351,263,25,57
351,263,24,57
351,263,24,57
350,263,24,57
349,264,25,57
348,264,25,57
347,265,26,57
346,266,26,57
345,267,27,57
345,268,27,57
345,268,27,57
345,269,27,57
345,270,27,57
346,270,27,57
346,271,27,57
347,271,25,57
347,270,23,57
348,270,21,57
348,270,22,58
348,270,24,59
348,270,25,60
348,270,25,60
347,270,25,60
347,270,25,60
347,271,24,60
347,271,24,60
347,272,23,60
347,272,24,60
348,273,24,60
348,273,25,60
347,273,25,60
346,273,25,60
345,273,25,60
345,273,25,60
345,274,25,60
345,274,25,60
345,274,25,60
344,274,25,60
344,274,25,60
344,275,25,60
343,275,25,60
343,276,25,60
343,276,24,59
344,275,23,57
344,275,22,56
344,275,23,58
344,275,23,59
344,275,24,61
343,275,25,60
343,276,26,59
342,276,27,58
342,276,26,58
343,276,26,58
343,276,25,58
343,277,25,58
343,277,24,58
343,278,24,58
342,278,24,58
342,278,23,58
341,278,23,58
340,277,24,61
339,276,26,63
338,275,27,66
337,275,27,64
336,274,27,63
335,274,27,61
335,275,26,60
336,276,24,59
336,277,23,58
337,277,24,57
337,277,24,55
338,277,25,54
338,276,26,55
338,276,26,57
338,275,27,58
338,275,28,57
338,275,28,57
338,275,29,56
340,275,28,57
341,276,27,57
343,276,26,58
343,276,26,58
342,276,26,58
342,276,26,58
341,276,26,58
341,276,26,58
340,276,26,58
340,274,26,60
339,273,26,62
339,271,26,64
339,270,25,64
339,270,23,64
339,269,22,64
339,269,22,63
338,270,22,61
338,270,22,60
338,270,22,60
338,271,22,60
338,271,22,60
339,271,21,60
340,270,21,60
341,270,20,60
345,269,19,59
349,267,18,59
353,266,17,58
360,265,18,57
366,264,18,57
373,263,19,56
381,262,17,56
388,262,16,56
396,261,14,56
402,260,16,56
408,260,17,57
414,259,19,57
421,257,20,57
429,255,22,57
436,253,23,57
443,252,23,57
451,252,23,57
458,251,23,57
467,251,22,57
477,250,22,57
486,250,21,57
493,249,21,57
501,247,21,57
508,246,21,57
515,246,21,57
521,247,21,57
528,247,21,57
533,247,20,57
537,246,20,57
542,246,19,57
545,246,19,57
549,246,20,57
552,246,20,57
554,246,20,57
556,247,21,58
558,247,21,58
559,247,21,58
559,247,21,58
560,247,21,58
561,247,21,58
561,247,21,58
562,247,21,58
562,247,21,58
562,247,21,58
562,247,21,58
562,248,21,58
563,248,21,58
563,249,21,58
563,250,21,58
563,250,21,58
563,251,21,58
563,251,21,58
564,252,21,58
564,252,21,58
564,253,22,58
563,254,22,58
563,255,23,58
564,255,22,58
564,255,21,58
565,255,20,58
565,256,19,58
565,256,19,58
565,257,18,58
565,258,19,58
564,258,20,58
564,259,21,58
564,260,22,58
563,260,22,58
563,261,23,58
562,262,23,58
562,263,23,58
561,264,23,58
