553,246,25,77
553,246,24,77
552,247,24,77
552,247,23,77
551,248,23,77
549,248,23,77
548,249,23,77
547,249,23,77
546,250,23,78
545,250,23,78
544,250,23,78
543,251,23,78
542,251,23,78
542,251,23,79
541,250,23,79
541,250,23,80
540,250,23,79
539,250,23,79
538,250,23,78
537,250,23,78
537,250,23,78
536,250,23,78
536,251,23,78
535,251,23,78
535,252,23,78
534,253,23,78
532,253,23,78
531,254,23,78
531,254,23,78
530,255,23,78
530,255,23,78
529,255,23,78
528,256,23,78
527,256,23,78
526,256,23,78
526,256,23,78
525,256,23,78
524,256,23,78
524,256,23,78
523,256,23,78
522,257,23,78
522,257,23,78
521,258,23,78
520,259,23,78
519,260,23,78
518,261,23,78
518,261,23,78
518,261,23,78
518,261,23,78
517,261,23,78
515,260,23,78
514,260,23,78
513,260,23,78
513,260,23,78
512,260,23,78
511,261,23,78
511,261,23,78
510,262,23,78
510,263,23,78
509,263,23,78
509,264,23,78
508,265,23,78
508,265,23,78
507,266,23,78
508,266,23,78
508,265,23,78
509,265,23,78
509,265,23,78
509,265,23,78
509,265,23,78
510,265,23,78
510,265,23,78
511,265,23,78
512,266,23,78
513,266,23,78
514,267,23,78
515,268,23,78
515,269,23,78
516,270,23,78
516,270,23,78
517,270,23,79
517,270,23,79
518,270,23,79
519,270,23,79
520,270,23,79
522,269,23,79
523,269,23,79
525,268,23,79
526,268,23,79
526,268,23,79
527,268,23,79
528,268,23,79
529,269,23,79
530,269,23,79
531,270,23,79
531,270,23,79
532,271,23,79
533,271,23,79
535,272,23,79
536,272,23,79
538,272,23,78
539,271,23,77
541,271,23,76
542,271,23,76
543,272,23,76
544,272,23,76
545,272,23,77
546,272,23,78
547,272,23,79
548,273,23,79
550,273,23,79
551,274,23,79
551,274,23,79
552,273,23,80
552,273,23,80
554,273,23,80
555,273,23,80
557,273,23,80
559,273,23,79
560,273,23,78
562,273,23,77
563,273,23,76
564,273,23,76
565,273,23,75
566,274,23,75
567,274,23,75
568,275,23,75
570,275,23,75
572,275,23,75
574,275,23,75
576,275,23,75
577,276,23,75
579,276,23,75
580,276,23,75
582,275,23,75
583,275,23,75
584,275,23,75
586,276,23,75
587,276,23,75
588,276,23,76
590,277,23,76
591,277,23,77
592,277,23,77
593,278,24,77
594,278,24,77
595,278,24,77
597,279,24,77
598,279,24,77
599,279,24,77
601,279,24,77
602,279,24,77
604,279,24,77
605,279,24,77
607,279,24,77
609,279,24,77
610,279,24,77
612,279,24,77
614,279,24,77
615,280,24,77
617,280,24,77
618,280,24,77
620,281,24,77
621,281,24,77
622,281,24,77
624,282,24,77
625,282,24,77
627,282,24,77
628,282,24,77
630,282,24,77
631,282,24,77
632,282,24,77
633,282,24,77
633,282,24,77
632,282,24,77
632,282,24,77
633,283,24,77
634,283,24,77
635,284,24,77
635,285,24,77
634,285,24,77
634,286,24,77
633,286,24,77
632,285,24,77
631,285,24,77
631,285,24,77
631,286,24,77
631,286,24,77
631,286,24,77
632,285,24,77
632,285,24,77
632,285,24,77
631,285,24,77
631,285,24,77
631,285,24,77
630,285,24,77
630,285,24,77
630,285,24,77
630,286,24,77
630,286,24,77
630,286,24,77
631,287,24,77
631,287,24,77
632,287,24,77
632,287,24,77
633,287,24,77
633,287,24,77
633,287,24,77
633,287,24,77
633,288,24,77
633,289,24,77
633,290,24,77
633,290,24,78
633,290,24,78
633,290,24,79
634,290,24,79
635,290,24,79
636,290,24,79
636,290,24,79
636,290,24,79
636,290,24,79
637,290,24,79
638,291,24,79
639,291,24,79
639,291,24,79
639,292,24,79
639,292,24,79
640,293,24,79
640,293,24,79
641,294,24,79
642,294,24,79
644,295,24,79
645,295,24,79
646,295,24,79
647,295,24,79
648,295,24,79
649,295,24,79
651,294,24,79
652,294,24,79
653,294,24,79
653,295,24,79
654,295,24,79
655,296,24,79
657,296,24,79
658,297,24,79
659,298,24,79
660,299,24,79
661,300,24,79
662,300,24,79
663,300,24,79
664,300,24,79
665,300,24,79
666,300,24,79
667,300,24,79
668,300,24,79
669,300,24,79
670,300,24,79
671,300,24,79
671,300,24,79
672,300,24,79
672,300,24,79
671,300,24,79
671,300,24,79
671,301,24,79
672,301,24,79
672,302,24,79
672,302,24,79
671,302,24,79
671,302,24,79
670,302,24,79
669,302,24,79
668,302,24,79
667,302,24,79
665,302,24,79
664,302,24,79
662,302,24,79
661,302,24,79
659,302,24,79
657,303,24,79
655,303,24,79
653,304,24,79
652,305,24,79
650,305,24,79
649,306,24,79
648,306,24,79
647,305,24,79
646,305,24,79
645,305,24,79
643,304,24,79
642,304,24,79
642,304,24,79
642,304,23,79
642,304,23,79
641,304,23,79
641,304,23,79
640,304,23,79
640,305,23,79
640,305,23,79
640,306,23,79
640,306,23,79
640,306,23,79
640,306,23,79
640,306,23,79
640,306,23,79
640,306,23,79
640,306,23,79
640,306,23,79
640,306,23,79
640,307,23,79
640,308,23,79
640,309,23,79
639,309,23,79
639,309,23,79
638,309,23,79
638,310,23,79
637,312,23,79
637,313,23,79
637,313,23,79
637,312,23,79
637,312,23,79
636,312,23,79
636,311,23,79
635,311,23,79
634,311,23,79
634,311,23,79
633,311,23,79
633,311,23,79
632,311,23,79
632,311,23,79
631,312,23,79
631,312,23,79
630,313,23,79
629,313,23,79
629,314,23,79
628,314,23,79
628,315,23,79
627,315,23,79
627,316,23,79
627,316,23,79
626,316,23,79
626,316,23,79
625,316,23,79
624,317,23,79
623,317,23,79
622,317,23,79
622,318,23,79
621,318,23,79
619,319,24,80
617,319,26,80
615,320,27,81
614,321,28,82
613,321,29,83
612,322,30,84
611,322,30,84
609,321,30,84
608,321,30,84
607,321,30,84
606,320,30,84
605,320,30,84
604,320,30,84
602,320,30,84
601,320,30,84
600,320,30,84
598,321,30,84
597,321,30,84
595,322,30,84
593,323,30,84
591,324,30,84
589,325,30,84
587,326,30,84
585,327,30,84
583,327,30,84
580,327,30,84
578,327,30,84
577,327,30,84
575,328,30,84
574,328,30,84
573,329,30,83
572,329,30,83
571,330,30,82
571,330,30,82
570,331,30,82
570,331,30,82
569,332,30,83
568,333,31,84
567,334,31,85
567,334,31,85
566,335,31,85
566,335,31,85
566,335,31,85
567,335,31,85
567,335,31,85
568,335,30,85
570,335,28,85
571,335,27,85
572,335,27,85
573,334,27,85
574,334,27,85
575,335,27,85
577,336,27,85
578,337,27,85
580,337,27,85
581,338,27,85
583,338,27,85
585,339,27,85
586,339,27,85
588,340,27,85
589,340,27,85
590,340,27,85
591,340,27,85
593,340,27,85
596,340,27,85
598,340,27,85
599,341,27,85
601,341,27,85
602,342,27,85
603,343,27,85
604,344,27,85
605,345,27,85
606,345,27,85
606,345,27,85
607,345,27,85
608,346,27,85
609,346,27,85
610,347,27,85
610,346,27,85
611,346,27,85
611,345,27,85
613,345,27,84
615,345,27,83
617,345,27,82
617,345,27,82
617,345,27,82
617,345,27,82
618,345,27,82
618,346,27,82
619,346,27,82
619,347,27,82
620,347,27,82
620,348,27,82
621,348,27,82
622,347,27,82
623,347,27,82
624,347,27,82
625,346,27,82
626,346,27,82
626,346,27,82
627,346,27,82
627,346,27,82
627,346,27,82
626,347,27,82
626,347,27,82
625,347,27,82
625,348,27,82
624,348,27,82
623,348,27,82
622,348,27,82
621,348,27,82
620,348,27,82
618,348,27,82
617,348,27,82
616,347,27,82
616,346,27,82
615,345,27,82
613,345,27,82
612,345,27,82
610,345,27,82
608,345,27,82
607,345,27,82
605,345,27,82
604,345,27,82
602,346,27,82
601,346,27,82
600,346,27,82
598,346,27,82
597,346,27,82
595,346,27,81
594,345,27,80
592,345,27,79
591,344,27,79
591,344,27,79
590,343,27,79
588,343,27,80
587,343,27,81
585,343,27,82
585,343,27,82
584,344,27,82
584,344,27,82
584,345,27,82
584,345,27,83
584,346,27,83
584,346,27,83
584,345,27,83
584,345,27,83
584,345,27,83
584,345,27,83
584,345,27,83
586,343,27,82
589,342,27,82
591,340,27,81
592,340,27,81
594,340,27,81
595,340,27,81
596,340,27,81
596,341,27,81
597,341,27,81
598,341,27,81
598,341,28,81
599,341,28,81
600,341,28,81
602,341,28,81
603,341,28,81
606,340,27,80
609,340,26,78
612,339,25,77
613,339,25,77
615,339,25,78
616,339,25,78
617,339,25,79
618,339,25,79
619,339,25,80
620,339,25,80
622,340,25,80
623,340,25,80
624,340,25,80
625,341,25,80
626,341,25,80
628,340,25,80
629,340,25,80
631,339,25,80
632,339,25,80
632,338,25,80
633,338,25,80
633,338,25,80
634,338,25,80
634,338,25,80
635,338,25,80
635,339,25,80
636,339,25,80
636,339,25,80
635,340,25,80
635,340,25,80
635,340,25,80
636,341,25,80
636,341,25,80
637,341,25,80
638,340,25,80
639,340,25,80
639,340,25,80
639,341,25,80
639,341,25,80
639,342,25,80
639,342,25,80
639,343,25,80
639,344,25,80
638,344,26,81
638,345,26,81
639,345,26,81
639,346,26,81
640,346,26,81
641,347,26,81
643,347,26,81
644,348,26,81
645,348,26,81
646,348,26,81
647,348,26,81
647,348,26,65
647,348,26,49
647,348,26,33
647,348,26,33
647,349,26,33
647,349,26,33
NaN,NaN,NaN,NaN
NaN,NaN,NaN,NaN
NaN,NaN,NaN,NaN
NaN,NaN,NaN,NaN
NaN,NaN,NaN,NaN
NaN,NaN,NaN,NaN
NaN,NaN,NaN,NaN
NaN,NaN,NaN,NaN
NaN,NaN,NaN,NaN
NaN,NaN,NaN,NaN
NaN,NaN,NaN,NaN
NaN,NaN,NaN,NaN
NaN,NaN,NaN,NaN
NaN,NaN,NaN,NaN
NaN,NaN,NaN,NaN
NaN,NaN,NaN,NaN
NaN,NaN,NaN,NaN
NaN,NaN,NaN,NaN
NaN,NaN,NaN,NaN
NaN,NaN,NaN,NaN
NaN,NaN,NaN,NaN
NaN,NaN,NaN,NaN
NaN,NaN,NaN,NaN
NaN,NaN,NaN,NaN
NaN,NaN,NaN,NaN
NaN,NaN,NaN,NaN
NaN,NaN,NaN,NaN
NaN,NaN,NaN,NaN
NaN,NaN,NaN,NaN
NaN,NaN,NaN,NaN
NaN,NaN,NaN,NaN
NaN,NaN,NaN,NaN
627,367,20,36
626,368,21,36
624,368,22,37
623,369,23,37
623,370,23,37
623,372,23,37
623,373,23,37
623,374,23,43
622,374,23,49
622,375,23,55
621,375,23,58
621,375,24,62
620,375,24,65
620,375,24,65
620,375,24,65
620,375,24,65
620,375,24,67
620,375,24,69
620,375,24,71
620,375,25,72
620,375,27,73
620,375,28,74
620,375,28,76
620,375,29,77
620,375,29,79
621,375,29,80
623,376,29,80
624,376,29,81
625,376,29,81
625,377,29,81
626,377,29,81
626,377,29,81
626,377,29,81
626,377,29,81
627,377,29,81
627,378,29,81
628,378,29,81
627,378,30,81
627,378,30,81
626,378,31,81
626,378,31,81
626,378,31,81
626,378,31,81
626,378,31,81
626,378,31,81
626,378,31,81
626,378,31,81
626,378,31,81
626,378,31,81
626,378,31,82
626,378,31,83
626,378,31,84
625,378,31,84
623,379,31,84
622,379,31,84
621,379,31,84
620,379,31,84
619,379,31,84
617,379,31,84
616,379,31,84
614,379,31,84
614,379,29,82
614,379,28,81
614,379,26,79
614,379,26,79
614,379,26,79
614,379,26,79
612,379,26,80
609,379,26,82
607,379,26,83
606,379,26,83
605,380,26,83
604,380,26,83
603,380,26,83
603,380,26,83
602,380,26,83
602,380,26,83
602,380,26,83
602,380,26,83
601,379,26,83
600,379,26,83
599,378,26,83
599,378,26,83
599,378,26,83
599,378,26,83
598,379,26,83
597,379,26,83
596,380,26,83
595,380,27,84
595,380,27,86
594,380,28,87
594,380,28,87
594,380,28,87
594,380,28,87
594,379,28,87
595,378,28,87
595,377,28,87
596,376,28,87
598,376,28,87
599,375,28,87
599,375,28,87
599,375,28,87
599,375,28,87
600,375,28,87
601,376,28,87
602,376,28,87
603,376,28,87
603,376,28,87
604,376,28,87
605,375,28,87
605,375,28,87
606,374,28,87
607,374,28,87
607,373,28,87
608,373,28,87
609,372,28,87
610,372,28,87
611,371,28,87
611,372,28,87
611,372,28,87
611,373,28,87
610,373,28,87
610,373,28,87
609,373,28,87
608,373,28,87
607,373,28,87
606,373,28,87
605,372,28,87
604,370,28,87
603,369,28,87
603,369,28,87
602,368,28,87
602,368,28,87
601,368,28,87
599,368,28,87
598,368,28,87
597,368,28,87
595,368,28,87
594,368,28,87
593,368,28,87
591,368,28,87
590,368,28,87
590,368,28,87
590,368,28,87
590,368,28,87
589,367,28,87
589,367,28,87
588,366,28,87
588,365,28,87
589,365,28,87
589,364,28,87
588,364,28,87
587,364,28,87
586,364,28,87
586,365,28,87
586,365,28,87
586,366,28,87
586,366,28,87
585,367,28,87
585,367,28,87
585,366,28,87
585,366,28,87
585,365,28,87
586,364,28,87
586,363,28,87
587,362,28,87
587,362,28,87
587,362,28,87
587,362,28,87
587,362,28,87
588,362,28,87
588,362,28,87
588,362,28,87
588,362,28,87
588,362,28,87
588,362,28,87
588,362,28,87
588,362,28,87
589,362,28,87
590,361,28,87
591,361,28,87
592,360,28,87
593,360,28,87
594,359,28,87
595,358,28,87
595,358,28,87
596,357,28,87
597,358,28,87
598,358,28,87
599,359,28,87
600,359,28,87
602,358,28,87
603,358,28,87
603,358,28,87
604,357,28,87
604,357,28,87
605,356,28,87
607,356,28,87
608,355,28,87
610,354,28,87
613,354,28,87
615,353,28,87
617,353,28,87
618,352,28,87
620,352,28,87
620,352,28,87
621,352,28,87
621,352,28,87
622,352,28,87
623,353,28,87
624,353,28,87
624,352,28,87
624,351,28,87
624,350,28,87
625,349,28,87
625,349,28,87
626,348,28,87
626,347,28,87
626,347,28,87
626,346,28,87
626,346,28,87
626,346,28,87
626,346,28,87
626,346,28,87
626,346,28,87
626,346,28,87
625,346,28,87
623,346,28,87
622,346,28,87
622,346,28,87
622,345,28,87
622,345,28,87
622,344,28,87
622,344,28,87
622,343,28,87
622,343,27,86
622,342,26,85
622,342,25,84
621,342,25,84
620,342,25,84
619,342,25,84
619,342,24,84
620,342,24,84
620,342,23,84
621,342,23,84
622,342,23,84
623,342,23,84
623,341,23,83
623,340,23,82
623,339,23,81
624,339,23,81
624,339,23,81
625,339,23,81
625,338,23,81
625,338,23,81
625,337,23,81
625,337,23,81
625,337,23,81
625,337,23,81
626,337,23,81
627,337,23,81
628,337,23,81
629,336,23,81
629,335,23,81
630,334,23,81
631,334,23,81
632,333,23,81
633,333,23,81
634,333,23,81
636,333,23,81
637,333,23,81
638,333,23,81
638,333,23,81
639,333,23,81
639,333,23,81
640,332,23,81
640,332,23,81
641,332,23,81
643,332,23,81
644,332,23,81
644,331,23,81
645,331,23,81
645,330,23,81
646,329,23,81
647,329,23,81
648,328,23,81
648,328,23,81
648,328,23,81
648,328,23,81
647,328,23,81
647,328,23,81
646,328,23,81
645,328,23,81
644,327,23,81
643,327,23,81
642,327,23,81
640,326,23,81
639,326,23,81
638,325,23,81
638,325,23,81
637,324,23,81
636,324,23,81
635,324,23,81
634,324,23,81
633,324,23,81
632,323,23,81
631,323,23,81
630,323,23,81
630,323,23,81
629,323,23,81
629,323,23,81
629,323,23,81
629,323,23,81
629,323,23,81
628,322,23,81
628,322,23,81
628,322,23,81
628,322,23,81
628,322,23,81
627,322,23,81
627,321,23,81
626,321,23,81
625,321,23,81
625,321,23,81
624,321,23,81
624,321,23,81
624,322,23,81
624,322,23,81
624,322,23,81
624,322,23,81
624,322,23,81
624,322,23,81
624,322,23,81
624,322,23,81
624,322,23,81
624,322,23,81
624,322,23,81
624,322,23,81
624,322,23,81
624,322,23,81
624,323,23,81
623,323,23,81
623,324,23,81
622,324,23,81
622,323,23,81
621,323,23,81
620,323,23,81
620,323,23,81
619,323,23,81
618,323,23,81
616,323,23,81
615,323,23,81
614,323,23,81
613,323,23,81
612,323,23,81
611,323,23,81
609,324,23,81
608,324,23,81
606,325,23,81
605,325,23,81
603,326,23,81
602,326,23,81
600,325,23,81
599,325,23,81
598,325,23,81
596,324,23,81
595,324,23,81
594,324,23,81
593,324,23,81
592,324,23,81
591,324,23,81
590,324,23,81
589,324,23,81
588,324,23,81
587,324,23,81
586,324,23,81
585,324,23,81
584,324,23,81
583,324,23,81
583,324,23,81
582,325,23,81
582,325,23,81
582,325,23,81
581,325,23,81
581,325,23,81
580,325,23,81
579,325,23,81
578,325,23,81
578,325,23,81
577,325,23,81
577,325,23,81
576,325,23,81
576,326,23,81
575,326,23,81
575,326,23,81
574,326,23,81
574,326,23,81
574,325,23,81
573,325,23,81
573,324,23,81
572,324,23,81
572,324,23,81
571,324,23,81
570,324,23,81
569,324,23,81
568,324,23,81
566,324,23,81
565,324,23,81
563,324,23,81
562,324,23,81
561,324,23,81
560,324,23,81
559,324,23,81
557,323,23,81
556,323,23,81
555,323,23,81
553,322,23,81
552,322,23,81
550,322,23,81
548,322,23,81
546,322,23,81
545,322,23,81
544,322,23,81
543,322,23,81
541,322,23,81
540,322,23,81
538,322,23,81
537,322,23,81
536,321,23,81
535,321,23,81
535,320,23,81
534,319,23,81
534,318,23,81
533,318,23,81
532,318,23,81
531,318,23,81
531,318,23,81
531,318,23,81
531,318,23,81
530,318,23,81
529,318,23,81
528,318,23,81
528,318,23,81
528,318,23,81
528,318,23,81
528,318,23,81
528,318,23,81
528,318,23,81
528,318,23,81
527,317,23,81
527,317,23,81
527,316,23,81
526,316,23,81
526,315,23,81
526,315,23,81
525,315,23,81
525,315,23,81
524,315,23,81
524,316,23,81
523,316,23,81
523,316,23,81
523,315,23,81
523,315,23,81
523,314,23,81
523,314,23,81
523,313,23,81
523,313,23,81
523,313,23,81
523,313,23,81
524,312,23,81
524,312,23,81
525,311,23,81
525,311,23,81
526,311,23,81
526,311,23,81
527,311,23,81
528,311,23,81
529,311,23,81
530,310,23,81
532,310,23,81
533,309,23,81
535,308,23,81
537,308,23,81
539,307,23,81
541,307,23,81
542,306,23,81
544,306,23,81
546,306,23,81
547,305,23,81
549,305,23,81
550,306,23,81
552,306,23,81
553,307,23,81
554,306,23,81
556,305,23,81
557,304,23,81
559,303,23,81
560,303,23,81
562,302,23,81
564,302,23,81
565,301,23,81
567,301,23,81
568,301,23,81
569,300,23,81
570,300,23,81
570,300,23,81
571,300,23,81
571,300,23,81
572,300,23,81
572,300,23,81
573,300,23,81
573,299,23,81
574,299,23,81
574,298,23,81
574,297,23,81
574,297,23,81
574,296,23,81
574,296,23,81
574,296,23,81
574,296,23,81
574,296,23,81
575,296,23,81
575,296,23,81
575,296,23,81
575,296,23,81
575,296,23,81
576,296,23,81
577,296,23,81
578,296,23,81
579,295,23,79
579,295,23,77
580,294,23,75
581,294,23,75
581,293,23,75
582,293,23,75
582,293,23,75
583,293,23,75
583,293,23,75
584,293,23,75
584,293,23,75
585,293,23,75
585,293,23,75
585,294,23,75
585,294,23,75
585,294,23,75
585,293,23,75
585,293,23,75
586,293,23,75
587,292,23,75
588,292,23,75
588,292,23,75
588,291,23,75
588,291,23,75
588,291,23,75
588,292,23,75
588,292,23,75
588,292,23,75
589,292,23,75
589,292,23,75
589,292,23,75
590,292,23,75
590,292,23,75
591,292,23,75
591,291,23,75
592,291,23,75
593,291,23,75
593,291,23,75
594,291,23,75
595,291,22,74
597,292,22,73
598,292,21,72
598,292,21,72
598,292,21,72
598,292,21,72
599,292,21,72
600,292,21,72
601,292,21,72
602,292,20,71
604,293,20,70
605,293,19,69
605,293,19,69
605,293,19,69
605,293,19,69
606,293,20,72
606,293,20,74
607,293,21,77
607,293,21,77
607,293,21,77
607,293,21,77
607,293,21,77
608,293,21,77
608,293,21,77
609,293,21,77
609,293,21,77
610,293,21,77
610,293,21,77
610,292,21,77
610,292,21,77
610,292,21,77
611,291,21,77
611,291,21,77
612,291,21,77
612,291,21,77
613,291,21,77
613,291,21,77
613,292,21,77
613,292,21,77
613,292,21,77
613,292,21,77
613,292,21,77
613,292,21,77
613,292,21,77
613,292,21,77
614,291,21,77
614,290,21,77
615,289,21,77
615,289,21,77
615,289,21,77
615,289,21,77
615,289,21,77
615,289,21,77
615,289,21,77
615,289,21,77
615,289,21,77
615,289,21,77
614,288,21,77
614,287,21,77
613,286,21,77
612,286,21,77
612,286,21,77
611,286,21,77
611,286,21,77
610,285,21,77
610,285,21,77
609,285,21,77
609,286,21,77
608,286,21,77
607,286,21,77
607,286,21,77
606,286,21,77
606,286,21,77
605,287,21,77
605,287,21,77
604,286,21,77
604,286,21,77
603,285,21,77
602,285,21,77
601,285,21,77
600,285,21,77
598,285,21,77
597,284,21,77
595,284,21,77
594,284,21,77
592,285,21,77
591,285,21,77
590,285,21,77
588,285,21,77
587,285,21,77
585,285,21,77
584,284,21,77
582,284,21,77
581,283,21,77
579,283,21,77
578,282,21,77
577,282,21,77
575,282,21,77
574,282,21,77
572,282,21,77
571,283,21,77
569,283,21,77
567,284,21,77
566,284,21,77
564,285,21,77
563,285,21,77
563,284,21,77
562,284,21,77
561,284,21,77
559,283,21,77
558,283,21,77
557,283,21,77
556,282,21,77
555,282,21,77
554,282,21,77
554,283,21,77
553,283,21,77
552,284,22,77
550,284,23,77
549,285,24,77
549,285,24,77
549,285,24,77
549,285,24,77
548,284,24,78
548,284,25,78
547,283,25,79
548,283,25,79
549,284,25,79
550,284,25,79
550,284,25,79
551,284,25,79
551,284,25,79
552,284,25,79
552,284,25,79
553,284,25,79
553,284,25,79
554,285,25,79
554,285,25,79
555,285,25,79
555,286,25,79
556,286,25,79
556,286,25,79
556,285,25,79
556,285,25,79
556,285,25,79
556,285,25,79
556,285,25,79
556,285,25,79
557,285,25,79
557,285,25,79
556,286,25,79
555,286,25,79
554,287,25,79
554,287,25,79
553,287,25,80
553,287,25,80
553,287,25,80
553,287,25,80
553,287,25,80
551,287,25,80
550,288,25,80
548,288,25,80
548,288,25,80
547,288,25,80
547,288,25,80
547,288,25,80
546,289,25,80
546,289,25,80
546,289,25,80
545,290,25,80
545,290,25,80
545,290,25,80
544,290,25,80
544,290,25,80
544,290,25,80
544,289,25,80
544,289,25,80
544,289,25,80
544,289,25,80
544,289,25,80
544,289,25,80
544,289,25,80
544,289,25,80
544,289,25,82
543,290,25,83
543,290,25,85
543,290,25,85
542,291,25,85
542,291,25,85
541,291,25,83
541,290,25,82
540,290,25,80
540,290,25,80
539,290,25,80
539,290,25,80
538,290,25,80
537,290,25,80
536,290,25,80
535,291,25,80
534,292,25,80
533,293,25,80
533,293,25,80
533,293,25,80
533,293,25,80
532,293,25,80
531,294,25,80
530,294,25,80
530,294,25,80
529,293,25,80
529,293,25,80
528,293,25,80
528,293,25,80
527,293,25,80
526,294,25,80
525,295,25,80
524,296,25,80
524,296,25,80
524,296,25,80
524,296,25,80
524,296,25,80
524,296,25,80
524,296,25,80
524,296,25,80
523,296,25,80
523,296,25,80
523,295,25,80
523,295,25,80
523,294,25,80
523,294,25,80
523,294,25,80
523,294,25,80
523,296,25,80
524,297,25,80
524,299,25,80
NaN,NaN,NaN,NaN
NaN,NaN,NaN,NaN
NaN,NaN,NaN,NaN
NaN,NaN,NaN,NaN
NaN,NaN,NaN,NaN
NaN,NaN,NaN,NaN
NaN,NaN,NaN,NaN
NaN,NaN,NaN,NaN
NaN,NaN,NaN,NaN
NaN,NaN,NaN,NaN
NaN,NaN,NaN,NaN
NaN,NaN,NaN,NaN
NaN,NaN,NaN,NaN
NaN,NaN,NaN,NaN
NaN,NaN,NaN,NaN
NaN,NaN,NaN,NaN
NaN,NaN,NaN,NaN
NaN,NaN,NaN,NaN
NaN,NaN,NaN,NaN
NaN,NaN,NaN,NaN
NaN,NaN,NaN,NaN
NaN,NaN,NaN,NaN
NaN,NaN,NaN,NaN
NaN,NaN,NaN,NaN
NaN,NaN,NaN,NaN
NaN,NaN,NaN,NaN
544,295,23,35
545,295,23,39
546,295,23,42
547,295,23,46
547,295,25,49
548,295,26,52
548,295,28,55
548,295,28,57
549,295,28,58
549,295,28,60
549,295,28,60
549,295,28,60
549,295,28,60
548,295,28,62
548,294,28,63
547,294,28,65
546,294,28,66
545,293,28,68
544,293,28,69
543,293,28,70
542,293,28,72
541,293,28,73
540,293,28,74
540,293,28,75
539,293,28,76
538,293,28,76
537,293,28,76
536,293,28,76
536,292,28,76
535,291,28,76
535,290,28,76
534,290,28,76
532,291,28,76
531,291,28,76
530,290,28,78
530,290,28,81
529,289,28,83
528,289,28,84
528,290,28,84
527,290,28,85
526,290,28,85
526,289,28,85
525,289,28,85
524,289,28,83
524,288,28,82
523,288,28,80
522,288,28,80
521,287,28,80
520,287,28,80
519,287,28,81
519,287,28,81
518,287,28,82
517,287,28,83
517,287,28,84
516,287,28,85
516,287,28,85
516,287,28,85
516,287,28,85
516,287,27,83
515,287,27,80
515,287,26,78
515,287,26,78
514,286,26,78
514,286,26,78
514,286,26,78
514,286,26,78
514,286,26,78
514,286,26,80
514,286,26,81
514,286,26,83
514,286,26,83
515,286,26,83
515,286,26,83
516,286,26,83
516,285,26,83
517,285,26,83
518,285,26,83
519,284,26,83
520,284,26,83
520,283,26,81
519,282,26,80
519,281,26,78
519,282,26,78
520,282,26,78
520,283,26,78
520,283,26,80
520,283,26,81
520,283,26,83
520,283,26,83
520,283,26,83
520,283,26,83
520,282,26,83
520,281,26,83
520,280,26,83
520,280,26,82
521,280,26,81
521,280,26,80
522,279,26,80
522,279,26,80
523,278,26,80
523,278,26,81
522,278,26,81
522,278,26,82
522,278,26,83
523,279,26,83
523,279,26,84
523,279,26,84
523,278,26,84
523,278,26,84
523,278,26,83
523,278,26,82
523,278,26,81
523,277,26,81
523,276,26,81
523,275,26,81
523,275,26,81
523,275,26,81
523,275,26,81
523,275,26,81
523,275,26,81
523,275,26,81
523,275,26,81
522,276,26,81
522,276,26,81
522,276,26,81
521,276,26,81
521,276,26,81
521,276,26,81
520,276,26,81
520,276,26,81
520,275,26,81
520,275,26,81
520,274,26,81
520,274,26,81
520,274,26,81
520,274,26,81
519,274,26,81
519,274,26,81
518,274,26,81
517,274,26,81
517,274,26,81
516,274,26,81
515,274,26,81
515,273,26,81
514,273,26,81
514,272,26,81
513,271,26,81
513,270,26,81
512,270,26,81
512,269,26,81
511,269,26,81
510,269,26,81
509,270,26,81
508,270,26,81
506,270,26,81
505,270,26,81
503,270,26,81
502,270,26,81
502,270,26,81
501,270,26,81
500,269,26,81
498,269,26,81
497,268,26,81
495,268,26,81
494,268,26,81
492,268,26,81
491,268,26,81
490,268,26,81
489,268,26,81
488,268,26,81
487,268,26,81
486,268,26,81
485,268,26,81
485,268,26,81
484,268,26,81
483,268,26,81
481,267,26,81
480,267,26,81
479,266,26,81
479,266,26,81
478,265,26,81
476,265,26,81
475,264,26,81
473,264,26,81
472,264,26,81
470,263,26,81
469,263,26,81
467,264,26,81
466,264,26,81
464,265,26,81
463,265,26,81
462,266,26,81
461,266,26,81
459,265,26,79
458,264,26,78
456,263,26,76
454,263,26,76
453,263,26,76
451,263,26,76
451,263,27,77
452,263,27,77
452,263,28,78
455,263,28,79
459,262,28,79
462,262,28,80
468,261,28,80
474,261,28,80
480,260,28,80
488,258,28,80
495,257,28,80
503,255,28,80
514,254,27,78
524,253,27,77
535,252,26,75
546,251,26,75
557,250,25,75
568,249,25,75
577,249,25,77
587,248,25,78
596,248,25,80
606,247,25,80
615,247,25,80
625,246,25,80
633,246,25,79
640,245,25,78
648,245,25,77
654,244,25,76
659,244,25,75
665,243,25,74
668,243,25,74
671,242,25,74
674,242,25,74
675,242,25,74
675,242,25,74
676,242,25,74
675,242,26,76
673,241,26,79
672,241,27,81
671,241,27,81
670,240,27,81
669,240,27,81
667,240,27,81
666,239,27,81
664,239,27,81
663,238,27,79
661,238,27,78
660,237,27,76
658,237,27,76
657,237,27,76
655,237,27,76
653,237,27,76
652,237,26,76
650,237,26,76
648,237,26,76
647,236,26,76
645,236,26,76
643,235,26,76
641,235,26,76
639,234,26,76
637,234,26,76
635,233,26,76
633,233,26,76
631,233,26,76
630,232,26,76
628,232,26,76
626,232,26,76
625,233,26,76
623,233,26,76
622,233,26,76
620,233,26,76
619,233,26,76
617,232,26,76
615,232,26,76
613,231,26,76
611,231,26,76
610,230,26,76
608,230,26,76
606,230,26,76
604,229,26,76
602,229,26,76
601,229,25,76
599,230,25,76
598,230,24,76
596,230,24,77
594,231,24,79
592,231,24,80
590,231,24,79
588,231,23,79
586,231,23,78
584,231,23,77
582,230,23,75
580,230,23,74
578,230,24,74
576,229,24,75
574,229,25,75
572,229,25,76
571,230,25,76
569,230,25,77
567,230,25,77
565,231,25,77
563,231,25,77
561,231,25,77
560,231,25,78
558,231,25,78
556,231,25,76
555,231,24,75
553,231,24,73
551,230,24,73
549,230,24,73
547,229,24,73
545,229,24,73
544,228,24,73
542,228,24,73
542,228,24,74
542,228,24,75
542,228,24,76
542,228,24,77
543,228,24,77
543,228,24,78
544,228,24,78
545,228,24,78
546,228,24,78
547,227,24,78
548,227,24,78
549,226,24,78
550,226,24,78
552,225,24,78
553,225,24,78
555,225,24,78
557,224,23,77
559,224,23,77
562,224,23,77
564,223,23,77
567,223,23,77
571,223,23,77
574,222,22,78
578,222,22,78
581,222,22,76
583,221,22,75
586,221,22,73
590,221,22,73
593,221,22,72
597,221,22,72
600,222,22,72
602,222,22,72
605,223,22,72
608,223,22,72
612,223,22,72
615,223,22,72
617,222,22,73
618,220,23,75
620,219,23,76
623,219,23,75
625,218,23,74
628,218,23,73
630,218,23,73
633,217,23,73
635,217,23,73
637,216,23,73
640,216,23,73
642,215,23,73
644,215,23,75
646,215,24,77
648,215,24,79
649,215,24,79
651,216,25,79
652,216,25,79
653,216,25,79
654,216,25,79
655,216,25,79
655,215,25,79
656,215,25,79
656,214,25,79
656,214,25,79
656,214,25,79
656,214,25,79
656,214,25,79
657,214,25,79
657,214,25,79
657,214,25,79
656,215,25,79
656,215,25,79
656,215,25,79
655,216,25,79
655,216,25,79
655,216,25,77
655,216,25,76
655,216,25,74
655,216,25,74
655,216,25,74
655,216,25,74
655,216,25,75
656,216,25,75
656,216,25,76
656,216,25,76
657,216,25,76
657,216,25,76
658,217,25,76
658,217,25,76
659,218,25,76
660,218,25,76
660,218,25,76
661,218,25,76
662,218,25,76
662,218,25,76
663,218,25,76
664,218,25,76
664,218,25,76
665,218,25,76
666,218,25,76
667,219,25,76
668,219,25,76
669,220,25,76
670,221,25,76
671,222,25,76
672,222,25,77
673,223,26,77
674,223,26,78
675,223,26,78
677,223,27,78
678,223,27,78
679,223,27,78
679,223,27,78
680,223,27,78
681,223,27,78
682,224,27,78
683,224,27,78
684,225,27,78
685,225,27,78
686,226,27,78
687,226,27,78
688,227,27,78
689,227,27,78
690,227,27,78
690,228,27,78
691,228,27,78
692,228,27,78
692,229,27,78
693,229,27,78
694,229,27,78
694,229,27,78
695,229,27,78
695,230,27,78
696,230,27,78
696,231,27,78
696,232,27,78
695,233,27,78
695,234,27,78
695,235,27,80
695,235,27,81
695,236,27,83
695,236,27,83
695,236,27,83
695,236,27,83
695,236,27,81
695,236,27,79
695,236,27,77
695,236,27,77
695,236,26,77
695,236,26,77
695,237,26,77
695,238,26,77
695,239,26,77
695,240,26,78
695,240,26,80
695,241,26,81
695,242,26,81
696,243,26,81
696,244,26,81
697,244,26,81
697,244,26,81
698,244,26,81
698,244,26,81
699,244,26,81
699,244,26,81
699,245,26,81
700,245,26,81
700,246,26,81
702,246,26,81
703,247,26,81
705,247,26,81
705,249,26,81
704,250,26,81
704,252,26,81
704,253,28,82
705,253,29,82
705,254,31,83
705,254,31,83
705,255,31,83
705,255,31,83
706,255,30,82
708,256,30,81
709,256,29,80
710,256,29,80
710,256,29,80
711,256,29,80
712,258,29,80
713,259,29,80
714,261,29,80
715,262,29,80
715,262,29,80
716,263,29,80
717,264,29,80
717,266,29,80
718,267,29,80
718,268,29,79
718,269,29,77
718,270,29,76
719,270,29,76
719,271,29,76
720,271,29,76
722,272,28,77
723,272,27,79
725,273,26,80
725,274,27,81
726,275,27,81
726,276,28,82
726,277,29,83
726,279,30,84
726,280,31,85
726,281,31,86
726,282,31,87
726,283,31,88
727,283,30,88
728,284,30,88
729,284,29,88
729,285,29,86
730,285,28,83
730,286,28,81
731,287,28,81
731,288,27,81
732,289,27,81
731,290,27,81
731,290,26,81
730,291,26,81
730,292,27,81
729,293,27,81
729,294,28,81
729,295,28,81
729,296,28,81
729,297,28,81
728,298,28,81
726,299,28,81
725,300,28,81
723,301,28,81
721,301,28,81
719,302,28,81
718,303,27,81
718,305,26,81
717,306,25,81
716,307,26,82
714,307,28,83
713,308,29,84
711,309,31,84
709,311,33,85
707,312,35,85
706,312,34,85
705,313,34,85
704,313,33,85
703,314,31,85
702,314,30,85
701,315,28,85
699,316,28,85
698,317,28,85
696,318,28,85
695,319,28,85
694,320,28,85
693,321,28,85
692,322,28,85
690,323,27,85
689,324,27,85
688,326,27,84
686,327,28,84
685,329,28,83
684,330,28,83
682,331,28,83
681,332,28,83
680,333,28,83
680,333,28,83
679,334,28,83
677,335,28,83
676,335,29,83
674,336,29,83
673,337,29,84
673,339,29,85
672,340,29,86
671,341,29,86
669,343,29,86
668,344,29,86
667,345,29,86
666,347,28,86
665,348,28,86
665,348,28,86
664,349,28,86
664,349,28,86
663,349,28,86
662,350,28,86
661,350,28,86
661,351,28,86
660,352,28,86
660,353,28,86
659,354,29,87
658,355,31,88
657,356,32,89
656,357,32,89
655,358,32,89
654,359,32,89
654,360,32,89
654,360,31,89
654,361,31,89
654,362,31,87
655,363,30,86
655,364,30,84
655,365,30,84
654,365,30,84
654,366,30,84
654,366,30,86
654,367,30,89
654,367,30,91
653,368,31,91
651,369,32,92
650,370,33,92
650,371,33,92
650,373,33,92
650,374,33,92
650,374,33,92
650,374,33,92
650,374,33,92
650,374,33,92
650,373,33,92
650,373,33,92
651,374,32,92
651,374,32,93
652,375,31,93
652,376,32,93
651,377,32,93
651,378,33,93
651,379,33,93
650,380,33,93
650,381,33,93
650,382,33,93
650,383,33,93
650,384,33,93
651,385,32,90
653,386,31,88
654,387,30,85
654,387,30,85
654,387,30,85
654,387,30,85
654,387,30,90
655,388,30,94
655,388,30,99
655,389,30,99
656,390,30,99
656,391,30,99
656,392,30,99
656,392,30,99
656,393,30,99
656,394,30,99
657,395,30,99
657,396,30,99
658,396,30,99
658,396,30,99
659,396,30,99
659,397,30,99
660,398,30,99
660,399,30,99
661,400,30,99
663,401,30,99
664,402,30,99
664,403,31,99
665,405,32,99
665,406,33,99
665,407,34,99
664,409,35,99
664,410,36,99
666,411,36,99
668,413,36,99
670,414,36,99
672,414,36,99
673,415,36,99
675,415,36,99
677,416,36,99
678,418,36,99
680,419,36,99
681,419,38,102
681,419,40,106
682,419,42,109
683,420,43,109
684,421,44,109
685,422,45,109
684,423,49,108
684,423,52,108
683,424,56,107
684,424,58,109
686,423,59,111
687,423,61,113
691,423,59,113
696,423,58,113
700,423,56,113
703,423,56,113
705,423,56,113
708,423,56,113
708,424,59,113
708,425,62,113
708,426,65,113
708,427,69,113
708,427,72,113
708,428,76,113
714,428,70,113
721,428,64,113
727,428,58,113
733,429,58,113
738,429,58,113
744,430,58,113
747,426,58,113
751,423,58,113
754,419,58,113
758,418,57,113
763,416,57,113
767,415,56,113
771,416,55,111
774,416,53,110
778,417,52,108
781,418,52,108
784,419,52,108
787,420,52,108
788,419,52,108
788,418,52,108
789,417,52,108
784,414,56,106
779,410,61,105
774,407,65,103
772,407,65,103
769,407,65,103
767,407,65,103
764,404,63,105
761,400,61,106
758,397,59,108
751,393,57,110
743,388,54,111
736,384,52,113
729,381,52,113
721,379,51,113
714,376,51,113
707,374,49,113
699,373,47,113
692,371,45,113
685,368,45,113
677,366,45,113
670,363,45,113
660,359,46,115
651,356,48,116
641,352,49,118
633,351,49,118
624,349,49,118
616,348,49,118
610,348,48,112
605,347,46,107
599,347,45,101
592,346,45,102
586,344,45,104
579,343,45,105
573,340,44,107
566,337,43,109
560,334,42,111
555,333,42,111
549,331,42,111
544,330,42,111
540,330,40,110
537,329,39,108
533,329,37,107
531,327,37,107
530,325,37,107
528,323,37,107
526,320,37,107
525,316,37,107
523,313,37,107
523,312,37,107
523,311,37,107
523,310,37,107
525,309,37,106
526,307,37,105
528,306,37,104
530,304,37,104
533,301,37,104
535,299,37,104
537,296,37,106
540,293,37,107
542,290,37,109
545,288,37,109
548,287,37,109
551,285,37,109
553,284,37,109
555,283,37,109
557,282,37,109
560,280,37,105
563,279,37,102
566,277,37,98
569,274,37,100
571,270,37,101
574,267,37,103
576,266,37,103
579,264,37,103
581,263,37,103
585,262,36,100
588,260,35,98
592,259,34,95
595,258,34,95
597,256,34,95
600,255,34,95
602,252,34,96
605,250,34,96
607,247,34,97
610,243,34,98
613,240,34,100
616,236,34,101
618,235,34,99
620,235,34,97
622,234,34,95
625,232,34,95
627,231,34,95
630,229,34,95
633,227,33,95
635,225,33,95
638,223,32,95
641,220,32,95
643,218,32,95
646,215,32,95
648,214,32,95
651,213,32,95
653,212,32,95
655,211,32,92
657,209,32,90
659,208,32,87
662,205,32,87
666,203,32,87
669,200,32,87
671,199,32,88
673,197,32,90
675,196,32,91
677,195,32,91
679,193,32,91
681,192,32,91
683,191,32,91
684,190,32,91
686,189,32,91
688,187,32,91
691,185,32,91
693,183,32,91
695,181,32,91
697,179,32,91
699,177,32,91
701,177,32,91
702,176,32,91
704,176,32,91
706,175,32,91
708,174,32,91
710,173,32,91
711,171,32,91
712,168,32,91
713,166,32,91
714,165,32,91
716,163,32,91
717,162,32,91
720,161,32,91
722,159,32,91
725,158,32,91
726,157,32,91
726,157,32,91
727,156,32,91
728,155,32,91
730,154,32,91
731,153,32,91
733,152,32,91
735,151,32,91
737,150,32,91
739,149,32,88
740,147,32,84
742,146,32,81
743,145,32,81
744,143,32,81
745,142,32,81
747,141,32,81
749,141,32,81
751,140,32,81
751,139,32,81
752,137,32,81
752,136,32,81
753,135,32,81
755,134,32,81
756,133,32,81
757,132,32,81
759,131,32,81
760,130,32,81
761,128,32,81
763,127,32,81
764,125,32,81
765,124,32,81
767,124,32,81
768,123,32,81
769,122,32,81
770,121,32,81
771,120,32,81
772,120,32,81
774,120,32,81
775,120,32,81
776,118,32,81
777,116,32,81
778,114,32,81
780,112,31,80
783,111,30,79
785,109,29,78
786,108,28,78
788,108,28,78
789,107,27,78
