298,149,67,122
298,148,67,121
297,147,67,121
297,146,67,121
297,145,67,121
297,145,66,121
297,145,65,120
297,146,65,118
298,140,65,119
296,143,64,119
298,141,65,119
301,142,65,119
303,145,65,119
309,145,65,119
309,143,65,119
309,142,66,118
310,139,66,119
311,139,65,117
312,137,65,118
312,137,65,119
312,136,66,120
313,136,66,119
313,136,66,120
313,134,67,121
312,134,67,121
311,133,67,122
310,131,67,121
310,131,66,120
309,129,66,120
309,130,65,118
308,128,65,118
308,128,65,118
308,127,66,119
309,126,66,120
308,124,66,120
307,125,66,121
308,131,67,122
312,126,66,121
314,127,66,119
315,128,65,118
317,126,64,117
319,129,65,116
317,130,65,117
320,130,64,117
322,132,64,117
322,132,64,117
324,134,65,118
326,135,66,119
326,135,66,120
328,134,67,120
328,135,67,120
330,132,67,121
328,134,67,121
330,135,66,120
327,134,65,118
326,134,65,117
328,134,65,117
330,135,60,115
331,137,64,115
331,135,64,115
333,137,64,113
335,135,64,113
338,139,64,109
340,141,63,113
340,137,63,113
342,137,63,112
344,137,63,112
346,137,63,113
349,138,62,112
351,139,62,110
353,139,61,110
355,139,62,110
356,139,61,109
359,139,60,109
360,139,60,108
361,140,60,107
362,139,60,108
363,139,60,107
365,138,60,107
368,140,60,108
367,139,59,106
369,140,60,105
371,139,59,105
372,139,58,103
374,139,58,103
375,140,57,101
377,139,57,101
378,141,57,100
379,142,57,98
382,141,57,99
384,141,58,100
386,140,58,100
388,140,58,101
388,140,59,101
390,140,59,102
393,140,58,100
394,139,59,102
394,138,60,103
396,138,59,103
396,137,60,103
396,137,59,103
395,135,60,106
397,134,60,107
397,133,60,107
395,132,61,108
395,132,61,108
394,132,61,109
394,132,61,109
393,132,61,110
392,131,61,110
391,131,62,111
389,132,63,111
388,129,63,113
387,129,63,113
387,129,63,115
385,127,65,116
383,127,65,117
383,127,66,117
383,127,65,118
383,121,67,119
381,123,66,120
380,125,67,121
379,125,67,122
378,125,68,122
378,124,68,123
376,122,70,125
376,122,69,125
374,123,69,124
373,115,68,123
372,117,68,123
372,115,68,123
370,115,69,123
370,115,69,125
370,113,70,127
371,114,70,127
369,114,71,128
367,113,71,129
368,114,71,130
368,115,71,131
367,116,71,130
366,116,72,131
366,117,72,131
366,117,72,131
369,118,71,129
367,118,71,129
368,116,72,129
370,120,72,129
373,120,71,128
368,121,72,129
373,123,72,130
376,125,73,130
376,125,73,130
370,125,72,130
377,124,72,130
375,126,73,130
373,129,73,129
370,131,72,129
368,134,71,128
367,135,72,128
364,137,72,128
364,137,71,127
360,140,70,125
361,140,71,125
361,141,70,124
358,144,70,119
355,147,70,119
353,144,69,111
354,144,68,108
354,147,63,104
355,146,65,107
355,145,64,100
352,147,68,101
352,145,64,103
351,144,66,104
354,146,59,102
352,143,61,103
352,143,62,103
352,142,63,107
350,145,67,116
352,142,60,111
351,141,66,102
349,142,69,104
349,142,64,99
348,142,68,100
347,141,65,101
343,141,67,102
343,141,66,106
341,138,68,105
339,137,67,106
335,138,65,106
335,137,61,111
330,136,63,109
330,133,61,113
328,136,64,111
329,133,59,118
326,133,59,113
322,133,65,114
322,132,64,114
320,132,63,116
318,130,63,118
317,132,68,112
315,132,68,118
315,132,68,117
315,131,68,118
314,131,69,119
313,131,67,117
314,129,68,118
316,129,67,116
313,126,67,116
314,126,67,116
316,126,67,115
317,125,67,116
319,125,67,116
321,125,66,115
323,125,66,115
325,124,67,117
327,123,68,118
332,124,68,117
336,124,67,116
340,124,67,115
343,123,67,115
346,122,67,114
349,121,67,113
351,120,68,113
353,119,68,113
356,119,68,113
358,118,67,113
362,117,68,113
362,119,68,115
362,116,68,114
363,116,67,114
363,116,67,113
365,113,67,113
366,112,66,112
364,109,67,112
365,108,66,112
365,108,67,111
366,109,66,110
367,110,66,109
368,108,66,110
369,110,66,110
371,114,65,108
372,115,66,108
373,112,65,111
374,113,65,107
374,113,65,107
373,114,65,106
372,114,66,107
371,114,66,107
370,113,67,109
370,116,66,107
370,118,66,108
370,116,65,108
371,117,66,108
368,117,67,110
367,116,67,110
367,116,66,109
370,115,66,109
369,114,67,111
369,113,67,110
369,114,67,110
371,112,67,111
372,112,66,109
374,111,67,111
374,110,67,111
378,112,67,111
380,113,67,112
385,113,66,111
382,113,67,111
386,117,67,110
388,118,65,108
392,120,65,107
396,120,65,107
400,119,65,107
404,119,66,109
405,119,65,107
404,119,66,108
404,119,66,109
402,116,67,110
402,114,67,120
397,114,67,121
394,112,67,127
392,111,68,122
388,109,68,124
383,111,69,122
379,111,69,124
375,112,69,115
369,112,69,115
365,115,69,116
360,116,69,117
353,119,69,117
347,120,69,116
344,121,68,116
338,121,69,116
334,120,69,117
328,119,69,117
327,118,69,117
323,117,69,116
318,114,70,118
318,111,70,124
317,109,69,116
315,107,69,115
313,108,69,115
312,109,70,115
312,110,70,115
311,111,70,120
309,115,71,118
308,115,72,120
307,116,71,119
307,114,71,117
308,113,70,116
308,111,69,130
308,110,69,130
308,107,69,134
309,103,70,132
310,100,70,141
311,96,70,144
313,92,70,142
315,89,69,146
314,84,70,146
316,81,69,145
314,80,70,149
313,79,70,146
310,77,70,146
310,77,70,143
309,77,71,150
306,80,70,150
301,82,83,153
297,85,86,153
296,88,89,159
294,91,92,165
291,88,95,168
289,87,95,171
289,86,89,173
287,83,89,172
282,80,92,166
282,76,87,172
278,72,88,177
279,71,92,171
278,67,91,172
279,65,91,172
280,63,90,169
278,62,92,175
282,60,86,174
279,62,89,164
285,61,87,171
285,64,83,165
287,66,80,171
289,69,79,163
291,70,75,160
289,71,81,157
290,72,84,164
299,71,75,165
297,70,74,163
296,69,80,171
293,65,85,171
292,65,83,172
294,62,80,166
298,60,78,174
295,60,79,171
296,58,76,180
296,59,79,181
297,58,76,173
295,57,71,173
296,57,72,178
292,59,76,177
