703,361,57,114
703,361,57,114
703,361,57,114
703,361,57,114
705,362,57,114
707,363,57,115
709,364,57,115
714,367,57,116
718,370,58,116
723,373,58,117
726,375,60,118
730,376,61,119
733,378,63,120
737,379,64,120
742,381,66,120
746,382,67,120
749,383,70,122
753,384,74,125
756,385,77,127
758,386,77,127
760,387,77,127
762,388,77,127
765,388,75,129
769,388,74,131
772,388,72,133
775,388,73,134
778,387,75,136
781,387,76,137
785,388,75,138
788,389,75,139
792,390,74,140
792,389,75,141
792,389,77,142
792,388,78,143
792,387,78,144
791,385,79,146
791,384,79,147
791,384,81,147
790,384,82,147
790,384,84,147
790,383,86,148
790,383,87,149
790,382,89,150
790,380,90,152
790,379,92,155
790,377,93,157
791,378,92,157
793,378,91,157
794,379,90,157
795,379,91,158
795,378,93,158
796,378,94,159
798,377,96,162
799,377,97,165
801,376,99,168
801,375,101,169
802,374,104,171
802,373,106,172
804,373,108,174
806,372,109,176
808,372,111,178
807,372,113,178
807,371,115,178
806,371,117,178
806,371,119,179
806,370,120,180
806,370,122,181
804,369,124,179
802,367,126,176
800,366,128,174
797,365,130,173
793,364,132,173
790,363,134,172
786,360,137,170
782,358,139,169
778,355,142,167
774,354,144,164
771,352,145,162
767,351,147,159
764,348,145,159
762,346,144,158
759,343,142,158
755,339,143,158
750,336,143,159
746,332,144,159
743,329,146,160
740,326,147,161
737,323,149,162
733,322,149,161
730,322,150,160
726,321,150,159
723,320,152,156
720,320,155,154
717,319,157,151
715,318,157,149
714,318,157,148
712,317,157,146
710,315,158,144
708,314,160,143
706,312,161,141
704,311,160,139
703,309,159,136
701,308,158,134
698,305,159,133
695,302,159,132
692,299,160,131
692,297,159,131
692,295,159,130
692,293,158,130
691,289,157,131
690,286,155,133
689,282,154,134
686,276,155,137
684,270,157,140
681,264,158,143
680,260,157,145
678,256,155,146
677,252,154,148
672,246,151,150
666,241,147,151
661,235,144,153
656,230,143,155
651,226,142,156
646,221,141,158
643,218,137,157
640,216,132,155
637,213,128,154
628,207,126,155
619,200,123,156
610,194,121,157
603,192,121,154
596,190,120,152
589,188,120,149
577,182,120,150
565,176,119,150
553,170,119,151
546,167,117,151
540,164,116,150
533,161,114,150
525,157,113,151
517,152,111,153
509,148,110,154
497,145,108,153
485,141,105,152
473,138,103,151
466,135,100,152
460,133,96,152
453,130,93,153
443,128,92,151
434,127,91,150
424,125,90,148
420,123,88,149
416,122,85,149
412,120,83,150
407,120,82,148
403,121,82,145
398,121,81,143
392,120,81,143
386,120,80,143
380,119,80,143
377,119,80,142
375,120,80,141
372,120,80,140
370,120,80,140
367,120,79,140
365,120,79,140
363,122,78,139
362,123,77,139
360,125,76,138
358,127,75,137
355,130,75,135
353,132,74,134
350,136,72,133
348,140,70,131
345,144,68,130
345,148,66,130
345,153,64,129
345,157,62,129
345,164,60,128
344,171,58,127
344,178,56,126
344,184,56,125
343,191,56,125
343,197,56,124
343,203,57,123
342,208,57,121
342,214,58,120
344,219,58,120
347,223,59,120
349,228,59,120
351,229,59,119
352,231,58,118
354,232,58,117
359,235,58,117
363,239,58,116
368,242,58,116
371,245,58,115
374,248,58,113
377,251,58,112
380,253,58,112
384,256,57,112
387,258,57,112
392,258,55,109
398,258,54,107
403,258,52,104
407,258,52,103
411,257,52,102
415,257,52,101
419,257,53,100
423,257,53,98
427,257,54,97
431,256,54,97
434,256,53,97
438,255,53,97
442,255,52,97
445,254,52,96
449,254,51,96
454,253,51,96
458,252,51,97
463,251,51,97
464,250,52,97
466,249,52,97
467,248,53,97
471,248,51,97
475,247,49,98
479,247,47,98
480,248,47,97
482,249,46,95
483,250,46,94
484,250,45,95
484,249,45,95
485,249,44,96
487,249,43,95
489,249,41,93
491,249,40,92
491,249,41,91
490,249,41,90
490,249,42,89
490,248,43,90
490,248,43,90
490,247,44,91
491,247,43,91
493,247,43,90
494,247,42,90
494,246,44,90
494,246,47,89
494,245,49,89
497,245,48,89
500,244,47,90
503,244,46,90
505,243,45,90
507,242,43,89
509,241,42,89
511,241,41,88
512,241,39,88
514,241,38,87
515,241,38,87
517,240,38,86
518,240,38,86
519,239,38,86
520,239,38,86
521,238,38,86
524,238,38,85
526,237,37,83
529,237,37,82
530,236,37,83
530,235,38,83
531,234,38,84
533,233,38,85
534,233,39,86
536,232,39,87
538,231,38,87
541,231,38,86
543,230,37,86
544,230,37,86
546,230,37,86
547,230,37,86
549,230,36,86
551,229,35,86
553,229,34,86
555,229,35,85
556,229,36,84
558,229,37,83
560,229,36,83
561,230,35,83
563,230,34,83
564,230,34,83
566,229,34,84
567,229,34,84
568,229,35,83
569,229,35,83
570,229,36,82
573,228,36,83
575,226,36,85
578,225,36,86
580,225,35,86
581,225,34,86
583,225,33,86
584,225,34,86
585,224,36,86
586,224,37,86
589,224,35,86
593,223,33,86
596,223,31,86
597,223,32,85
598,222,32,85
599,222,33,84
602,222,32,83
606,222,30,82
609,222,29,81
610,221,29,81
612,221,29,81
613,220,29,81
615,220,30,82
616,219,30,82
618,219,31,83
621,219,30,82
623,219,30,80
626,219,29,79
628,218,28,80
629,218,28,80
631,217,27,81
633,216,28,81
634,216,28,80
636,215,29,80
638,215,29,80
639,215,29,80
641,215,29,80
643,215,29,81
644,214,29,82
646,214,29,83
649,214,27,83
651,213,26,82
654,213,24,82
655,213,26,81
656,212,28,81
657,212,30,80
659,212,30,80
661,212,31,79
663,212,31,79
665,212,31,79
667,211,31,79
669,211,31,79
670,211,31,78
671,211,32,77
672,211,32,76
675,211,32,77
679,210,32,77
682,210,32,78
685,209,32,78
687,209,31,79
690,208,31,79
693,208,31,79
697,209,32,78
700,209,32,78
701,209,33,78
703,209,35,77
704,209,36,77
707,208,35,78
710,206,34,79
713,205,33,80
716,205,33,80
720,205,32,79
723,205,32,79
725,204,32,80
727,204,31,80
729,203,31,81
732,203,31,80
735,204,32,80
738,204,32,79
739,203,33,80
740,202,33,80
741,201,34,81
742,200,35,81
743,200,35,81
744,199,36,81
747,198,34,80
751,196,31,80
754,195,29,79
755,194,29,80
757,194,29,80
758,193,29,81
759,192,29,82
760,191,30,83
761,190,30,84
762,189,30,83
762,188,30,82
763,187,30,81
763,186,30,81
763,185,31,80
763,184,31,80
764,183,31,81
765,181,31,81
766,180,31,82
767,180,30,82
767,179,28,83
768,179,27,83
766,178,28,82
765,176,30,81
763,175,31,80
763,174,30,81
763,172,29,83
763,171,28,84
762,170,28,84
762,170,27,83
761,169,27,83
759,168,27,83
758,166,28,82
756,165,28,82
755,165,28,82
753,164,29,82
752,164,29,82
751,163,28,82
750,162,28,83
749,161,27,83
747,161,28,82
746,162,28,81
744,162,29,80
743,161,29,81
742,160,28,83
741,159,28,84
738,159,28,84
736,159,29,84
733,159,29,84
731,159,29,85
730,159,28,85
728,159,28,86
725,160,29,84
722,162,29,82
719,163,30,80
717,163,29,81
715,163,29,82
713,163,28,83
711,164,29,83
708,164,30,84
706,165,31,84
700,167,32,85
695,168,33,85
689,170,34,86
686,171,35,85
682,173,35,84
679,174,36,83
675,176,36,83
670,177,36,84
666,179,36,84
662,179,36,85
658,180,36,85
654,180,36,86
650,180,36,85
647,181,37,85
643,181,37,84
638,182,36,85
634,182,35,85
629,183,34,86
624,183,35,87
619,184,37,88
614,184,38,89
609,185,38,90
603,186,39,90
598,187,39,91
595,189,38,90
591,190,38,88
588,192,37,87
585,192,37,89
581,191,37,92
578,191,37,94
576,192,36,94
573,193,34,93
571,194,33,93
568,196,35,92
564,197,37,91
561,199,39,90
559,202,39,90
556,204,39,90
554,207,39,90
552,209,39,89
550,211,39,88
548,213,39,87
546,213,40,88
543,213,41,89
541,213,42,90
538,215,42,91
536,217,41,91
533,219,41,92
531,220,40,92
530,220,38,92
528,221,37,92
525,223,37,91
522,225,36,91
519,227,36,90
517,228,36,90
514,230,37,89
512,231,37,89
510,231,37,90
509,232,37,91
507,232,37,92
504,234,37,92
501,235,37,91
498,237,37,91
496,238,37,91
494,238,36,91
492,239,36,91
489,240,37,90
487,241,37,89
484,242,38,88
481,244,39,88
478,245,40,89
475,247,41,89
472,249,43,89
470,252,46,90
467,254,48,90
466,255,47,92
465,256,45,94
464,257,44,96
463,258,42,95
461,259,41,94
460,260,39,93
459,262,39,92
457,263,40,91
456,265,40,90
454,265,40,93
451,265,41,95
449,265,41,98
447,265,41,97
446,264,42,95
444,264,42,94
442,265,43,95
440,266,43,96
438,267,44,97
437,266,43,97
435,265,43,97
434,264,42,97
433,264,42,95
431,265,42,93
430,265,42,91
428,267,42,92
426,268,42,93
424,270,42,94
423,268,42,95
423,266,42,95
422,264,42,96
421,265,42,94
419,266,43,92
418,267,43,90
417,266,43,91
415,266,44,92
414,265,44,93
413,264,45,93
412,263,45,94
411,262,46,94
407,263,47,92
404,263,48,91
400,264,49,89
398,264,50,90
396,264,51,90
394,264,52,91
391,264,55,91
389,264,58,90
386,264,61,90
385,264,61,89
385,265,62,89
384,265,62,88
384,263,62,91
385,261,62,93
385,259,62,96
386,260,61,93
388,262,59,89
389,263,58,86
391,263,58,87
392,263,57,89
394,263,57,90
397,264,55,89
401,264,53,89
404,265,51,88
406,267,51,86
408,268,52,85
410,270,52,83
412,269,51,86
413,268,51,88
415,267,50,91
418,266,49,90
420,264,48,90
423,263,47,89
422,262,49,92
420,261,51,95
419,260,53,98
420,258,53,99
422,256,52,101
423,254,52,102
424,255,52,101
426,257,51,101
427,258,51,100
427,260,51,99
428,261,52,99
428,263,52,98
429,265,54,98
430,266,55,99
431,268,57,99
431,268,58,99
431,268,59,98
431,268,60,98
434,268,60,99
436,269,60,101
439,269,60,102
441,270,59,101
443,272,58,100
445,273,57,99
447,273,57,99
448,274,57,99
450,274,57,99
452,274,57,100
455,274,57,102
457,274,57,103
458,274,58,103
459,274,58,103
460,274,59,103
462,276,59,103
465,277,60,104
467,279,60,104
468,279,60,104
470,280,60,103
471,280,60,103
472,280,59,105
474,279,58,106
475,279,57,108
477,279,57,109
478,279,58,109
480,279,58,110
481,280,57,109
481,282,57,108
482,283,56,107
482,283,58,108
483,284,59,108
483,284,61,109
485,284,61,109
486,284,62,108
488,284,62,108
490,285,61,107
493,286,61,107
495,287,60,106
500,286,59,106
505,285,59,107
510,284,58,107
513,285,58,106
516,287,59,105
519,288,59,104
523,288,59,103
526,289,60,102
530,289,60,101
533,289,60,101
535,289,60,101
538,289,60,101
541,290,60,100
544,291,61,100
547,292,61,99
551,292,61,100
554,291,61,101
558,291,61,102
561,291,61,102
563,290,62,103
566,290,62,103
571,291,62,102
577,291,61,101
582,292,61,100
585,292,61,100
588,293,61,100
591,293,61,100
594,293,61,100
596,293,60,101
599,293,60,101
605,293,58,101
611,293,56,100
617,293,54,100
619,292,55,101
620,291,57,102
622,290,58,103
627,291,57,102
631,292,57,100
636,293,56,99
639,293,54,99
643,294,53,100
646,294,51,100
649,294,50,99
653,295,50,97
656,295,49,96
660,295,50,95
664,295,52,94
668,295,53,93
671,294,54,94
675,294,55,96
678,293,56,97
682,294,56,97
687,294,57,96
691,295,57,96
694,295,57,95
697,295,58,94
700,295,58,93
703,295,57,93
707,295,55,93
710,295,54,93
715,294,54,94
721,294,54,95
726,293,54,96
729,294,53,95
733,296,53,93
736,297,52,92
741,295,51,93
745,294,50,95
750,292,49,96
753,292,49,96
757,292,50,97
760,292,50,97
763,292,49,97
766,292,48,96
769,292,47,96
773,292,47,95
777,292,48,95
781,292,48,94
784,292,47,95
786,291,47,96
789,291,46,97
793,291,45,97
797,291,43,98
801,291,42,98
804,292,42,97
806,292,41,95
809,293,41,94
810,293,41,94
812,292,42,94
813,292,42,94
817,292,41,95
820,293,39,95
824,293,38,96
825,293,39,95
826,292,40,95
827,292,41,94
829,292,40,93
831,292,40,93
833,292,39,92
834,292,39,92
836,292,39,93
837,292,39,93
838,292,39,92
840,292,38,91
841,292,38,90
842,292,37,90
843,293,37,91
844,293,36,91
844,293,36,91
843,292,37,90
843,292,37,90
842,291,37,90
842,291,36,89
841,290,36,89
839,290,36,89
836,290,37,90
834,290,37,90
832,289,37,90
829,289,38,89
827,288,38,89
823,287,38,89
818,286,38,90
814,285,38,90
812,284,38,90
809,284,39,91
807,283,39,91
804,283,39,90
800,284,38,90
797,284,38,89
792,283,36,89
788,283,35,89
783,282,33,89
780,282,33,88
777,282,34,88
774,282,34,87
771,280,34,88
769,279,33,88
766,277,33,89
765,277,33,89
763,277,32,89
762,277,32,89
761,276,32,89
759,276,31,89
758,275,31,89
755,274,32,88
753,273,33,87
750,272,34,86
749,272,33,85
749,273,32,85
748,273,31,84
745,272,33,85
742,272,34,86
739,271,36,87
737,271,35,86
736,270,35,85
734,270,34,84
733,270,34,84
731,269,34,83
730,269,34,83
727,267,34,85
725,265,34,87
722,263,34,89
720,263,35,89
719,264,36,88
717,264,37,88
714,264,38,87
711,264,38,87
708,264,39,86
706,263,37,86
705,263,36,86
703,262,34,86
701,261,35,87
700,260,35,88
698,259,36,89
694,259,37,89
691,259,38,88
687,259,39,88
685,259,39,88
683,259,40,89
681,259,40,89
678,258,40,88
674,258,39,87
671,257,39,86
668,256,41,85
664,255,44,83
661,254,46,82
660,253,44,82
658,253,41,83
657,252,39,83
654,252,40,82
651,252,40,82
648,252,41,81
644,252,43,81
641,252,44,81
637,252,46,81
634,253,44,80
631,253,43,78
628,254,41,77
626,254,41,77
625,254,41,77
623,254,41,77
620,255,42,76
617,256,42,74
614,257,43,73
612,258,42,74
610,258,40,75
608,259,39,76
605,259,40,74
602,260,40,73
599,260,41,71
595,262,43,70
591,263,45,70
587,265,47,69
585,266,46,69
584,267,45,70
582,268,44,70
579,268,45,71
577,269,46,71
574,269,47,72
572,269,45,78
569,270,44,85
567,270,42,91
564,270,42,91
562,270,43,90
559,270,43,90
556,270,43,91
552,270,43,92
549,270,43,93
546,271,43,93
544,271,42,92
541,272,42,92
539,272,41,92
536,273,41,93
534,273,40,93
530,274,40,92
526,276,41,92
522,277,41,91
520,277,41,92
518,277,41,93
516,277,41,94
513,279,42,93
510,281,43,91
507,283,44,90
505,284,45,91
502,284,45,92
500,285,46,93
498,286,47,92
497,288,49,92
495,289,50,91
495,289,51,92
495,290,51,93
495,290,52,94
496,291,52,93
497,293,51,92
498,294,51,91
498,295,51,92
499,296,52,92
499,297,52,93
499,299,53,92
500,300,53,91
500,302,54,90
499,303,55,91
498,304,56,92
497,305,57,93
497,306,57,93
498,306,56,93
498,307,56,93
499,309,55,93
499,310,55,93
500,312,54,93
499,313,53,93
498,313,53,94
497,314,52,94
495,315,53,94
492,317,53,94
490,318,54,94
488,319,54,95
485,320,54,96
483,321,54,97
481,322,55,97
479,324,55,96
477,325,56,96
476,326,56,95
474,327,57,95
473,328,57,94
471,329,57,95
469,330,58,97
467,331,58,98
466,332,57,97
465,332,57,97
464,333,56,96
463,334,56,96
461,334,57,97
460,335,57,97
460,337,55,96
459,340,54,94
459,342,52,93
459,343,52,93
458,344,52,92
458,345,52,92
458,346,52,93
457,346,52,95
457,347,52,96
459,348,52,95
462,349,51,95
464,350,51,94
466,350,52,94
467,351,53,93
469,351,54,93
469,352,55,93
469,353,57,92
469,354,58,92
467,354,60,93
466,355,62,95
464,355,64,96
460,357,65,94
455,360,65,93
451,362,66,91
449,363,64,91
447,363,63,91
445,364,61,91
441,364,62,91
436,364,62,92
432,364,63,92
428,365,62,92
424,366,61,92
420,367,60,92
415,367,61,92
410,368,63,92
405,368,64,92
400,368,65,94
395,369,67,96
390,369,68,98
387,370,68,97
384,370,68,97
381,371,68,96
378,372,69,95
375,372,71,95
372,373,72,94
367,375,74,93
363,376,77,93
358,378,79,92
355,378,79,92
352,378,80,93
349,378,80,93
348,378,80,94
346,379,80,96
345,379,80,97
344,379,81,98
344,379,81,98
343,379,82,99
342,379,82,99
342,380,83,100
341,380,83,100
340,381,83,101
339,381,83,102
338,382,83,103
338,382,83,104
338,382,82,105
338,382,82,106
336,384,83,105
335,385,85,103
333,387,86,102
334,387,85,102
334,387,84,101
335,387,83,101
336,386,82,102
338,384,81,103
339,383,80,104
341,382,80,104
342,381,81,104
344,380,81,104
350,379,82,103
356,378,83,103
362,377,84,102
371,375,83,103
379,372,82,105
388,370,81,106
402,369,82,104
415,367,82,103
429,366,83,101
437,365,85,100
446,363,86,100
454,362,88,99
467,359,87,99
481,357,85,100
494,354,84,100
500,353,85,99
507,353,86,99
513,352,87,98
514,351,88,98
515,350,90,99
516,349,91,99
516,347,91,99
517,346,90,99
517,344,90,99
517,344,90,98
518,343,89,98
518,343,89,97
519,340,89,98
519,338,88,99
520,335,88,100
520,335,89,99
520,334,89,97
520,334,90,96
522,332,90,97
525,329,90,97
527,327,90,98
534,322,89,97
541,318,89,97
548,313,88,96
550,310,88,97
552,306,89,97
554,303,89,98
556,300,89,96
558,296,88,95
560,293,88,93
563,290,87,94
565,287,87,95
568,284,86,96
568,281,87,97
569,278,87,97
569,275,88,98
569,270,89,99
570,266,90,99
570,261,91,100
571,258,90,100
572,255,90,99
573,252,89,99
575,247,89,100
577,243,88,101
579,238,88,102
582,236,86,101
585,234,85,99
588,232,83,98
591,229,83,99
595,226,83,101
598,223,83,102
601,220,83,101
604,218,84,100
607,215,84,99
608,213,84,99
609,212,84,100
610,210,84,100
613,208,83,101
615,207,82,103
618,205,81,104
619,206,81,104
620,206,81,103
621,207,81,103
623,207,80,103
625,207,80,102
627,207,79,102
628,206,80,103
630,206,81,105
631,205,82,106
633,206,81,105
634,206,80,103
636,207,79,102
638,207,80,102
639,208,80,103
641,208,81,103
644,208,80,103
647,207,78,102
650,207,77,102
651,207,77,101
652,208,78,101
653,208,78,100
656,207,78,101
659,205,77,102
662,204,77,103
663,204,78,103
665,204,79,102
666,204,80,102
668,203,79,102
669,203,79,102
671,202,78,102
672,201,78,103
673,199,78,105
674,198,78,106
675,198,77,105
675,199,75,103
676,199,74,102
674,198,74,102
671,198,73,102
669,197,73,102
666,196,74,102
663,196,75,101
660,195,76,101
656,194,76,101
653,192,76,100
649,191,76,100
647,190,75,100
646,190,75,100
644,189,74,100
642,189,75,99
639,188,75,98
637,188,76,97
638,187,75,97
638,185,74,96
639,184,73,96
639,182,73,97
640,180,73,97
640,178,73,98
640,177,73,98
639,175,73,99
639,174,73,99
638,175,73,97
638,176,72,94
637,177,72,92
637,176,72,91
637,176,71,91
637,175,71,90
634,174,71,91
632,172,72,92
629,171,72,93
627,171,72,91
626,171,71,89
624,171,71,87
622,170,71,88
621,168,70,90
619,167,70,91
618,167,69,90
617,167,69,89
616,167,68,88
615,167,68,88
613,168,67,87
612,168,67,87
609,167,67,88
607,166,67,88
604,165,67,89
603,166,66,87
603,168,65,86
602,169,64,84
599,169,65,85
596,169,65,85
593,169,66,86
593,170,64,85
594,171,61,83
594,172,59,82
593,173,58,82
591,173,58,82
590,174,57,82
589,174,54,83
587,175,52,85
586,175,49,86
583,177,49,86
581,178,50,86
578,180,50,86
577,180,48,87
575,181,46,87
574,181,44,88
571,182,46,88
569,183,47,89
566,184,49,89
565,184,48,89
565,185,47,90
564,185,46,90
562,187,47,89
560,189,47,89
558,191,48,88
557,192,48,88
555,192,49,88
554,193,49,88
553,194,49,88
553,196,50,89
552,197,50,89
551,199,51,87
551,201,51,84
550,203,52,82
549,204,52,81
547,204,53,81
546,205,53,80
546,205,52,81
547,204,50,83
547,204,49,84
547,204,49,83
546,205,50,83
546,205,50,82
547,206,49,81
547,207,49,81
548,208,48,80
550,208,47,81
551,208,45,83
553,208,44,84
553,208,44,83
553,209,44,82
553,209,44,81
555,211,45,80
556,212,46,78
558,214,47,77
559,214,47,77
561,213,48,76
562,213,48,76
566,214,48,76
570,214,48,77
574,215,48,77
576,216,48,77
578,216,48,78
580,217,48,78
581,217,48,78
582,217,47,77
583,217,47,77
585,217,46,78
588,218,44,78
590,218,43,79
591,219,42,78
593,220,41,78
594,221,40,77
595,221,40,78
596,221,40,78
597,221,40,79
596,222,41,78
595,224,43,78
594,225,44,77
595,225,44,77
595,224,43,77
596,224,43,77
597,225,44,77
598,226,45,78
599,227,46,78
601,227,45,79
602,228,43,79
604,228,42,80
604,228,43,79
603,229,45,79
603,229,46,78
605,229,46,78
608,230,46,78
610,230,46,78
611,231,45,78
613,231,44,78
614,232,43,78
615,232,43,78
616,233,43,77
617,233,43,77
617,233,44,77
618,232,45,77
618,232,46,77
620,232,46,77
621,233,46,77
623,233,46,77
626,233,47,77
629,232,48,77
632,232,49,77
634,232,49,77
636,232,49,77
638,232,49,77
642,233,48,76
645,233,48,75
649,234,47,74
651,234,46,74
653,235,44,74
655,235,43,74
656,236,43,74
657,236,43,74
658,237,43,74
659,238,43,73
661,239,43,73
662,240,43,72
664,241,43,72
665,241,43,72
667,242,43,72
669,243,42,71
671,244,41,71
673,245,40,70
674,245,40,70
676,246,40,70
677,246,40,70
679,247,40,70
680,247,40,70
682,248,40,70
684,247,42,71
685,247,43,72
687,246,45,73
688,245,45,74
689,245,46,74
690,244,46,75
691,244,45,76
693,243,45,77
694,243,44,78
695,243,43,79
697,242,42,79
698,242,41,80
699,242,41,81
701,242,41,82
702,242,41,83
703,242,41,83
705,243,41,83
706,243,41,83
707,243,41,83
709,244,41,83
710,244,41,83
711,245,41,83
713,246,41,83
714,247,41,83
715,247,41,83
715,247,41,83
716,247,41,83
717,247,41,83
718,246,41,84
719,246,41,84
720,247,41,84
722,247,41,84
723,248,41,84
724,248,41,84
724,249,41,84
725,249,41,84
727,249,41,84
729,248,42,84
731,248,42,84
733,248,42,84
734,249,41,84
736,249,41,84
737,249,41,84
738,249,41,85
739,249,41,85
741,249,40,86
743,250,40,86
745,250,39,87
745,250,39,87
746,250,39,87
746,250,39,87
746,250,40,87
747,250,41,88
747,250,42,88
748,251,42,88
748,251,42,88
749,252,42,88
750,252,42,88
751,253,42,88
752,253,42,88
754,253,42,88
755,253,41,88
757,253,41,88
758,253,41,88
759,253,41,88
760,253,41,88
760,253,41,88
761,253,41,88
761,253,41,88
761,253,41,88
762,254,41,88
762,254,41,88
763,254,41,88
765,255,41,88
766,255,41,88
768,255,41,88
769,256,41,88
771,256,41,88
772,256,41,88
773,256,41,88
774,256,41,88
775,256,41,89
775,257,41,89
776,257,41,90
777,257,41,90
778,258,41,90
779,258,41,90
779,258,42,90
780,258,43,90
780,258,44,90
782,259,44,90
783,261,44,90
785,262,44,90
787,262,43,89
788,263,42,88
790,263,41,87
791,263,41,87
793,264,41,87
794,264,41,87
794,264,41,87
794,264,41,87
794,264,41,87
794,264,41,88
794,264,41,89
794,264,41,90
794,265,41,90
794,265,41,90
794,266,41,90
794,266,41,90
794,266,41,90
794,266,41,90
793,267,41,90
792,268,41,90
791,269,41,90
790,270,41,90
788,270,41,90
787,271,41,90
786,271,42,90
786,272,44,90
785,272,45,90
784,272,45,90
784,272,45,90
783,272,45,90
783,272,44,90
783,272,42,90
783,272,41,90
782,273,41,90
782,274,41,91
781,275,41,91
780,275,41,91
780,276,41,91
779,276,41,91
778,276,41,91
777,277,41,91
776,277,41,91
776,277,41,92
775,278,41,92
775,278,41,93
774,279,41,93
773,279,42,93
772,280,42,93
771,280,42,93
771,281,42,93
770,281,42,93
769,282,42,93
768,282,42,93
767,283,42,93
766,284,42,93
766,284,42,93
765,285,42,93
764,286,42,93
764,286,42,93
763,287,42,93
763,287,42,93
764,288,42,94
764,288,42,94
764,289,42,94
764,290,42,94
764,291,42,94
764,292,42,94
763,292,42,94
763,293,42,94
763,294,42,94
762,294,41,95
762,295,41,95
762,295,41,96
762,296,41,96
762,296,41,97
762,297,41,97
763,298,42,97
763,299,42,97
763,300,42,97
762,300,42,98
762,301,42,98
762,302,42,99
762,302,42,99
762,303,42,100
762,304,42,100
762,304,42,100
762,305,42,100
763,306,42,100
764,306,42,100
765,307,42,100
766,307,42,100
766,308,42,100
767,308,42,100
767,308,42,100
768,309,42,100
768,309,42,100
768,310,42,100
768,310,42,100
768,311,42,100
768,312,42,100
768,312,43,100
768,313,43,100
767,312,45,102
767,312,46,104
766,311,48,106
767,312,47,106
767,312,46,106
768,313,45,106
768,313,45,106
769,313,44,106
769,313,44,106
768,313,44,106
768,312,44,107
767,312,44,107
767,312,44,107
766,312,44,107
766,312,44,107
766,312,44,107
765,312,44,107
765,312,44,107
765,312,44,107
765,312,44,107
765,312,44,107
765,312,44,107
765,312,44,107
765,312,44,107
764,311,44,107
763,309,44,107
762,308,44,107
761,308,44,107
761,307,44,107
760,307,44,107
760,306,44,108
760,306,43,108
760,305,43,109
759,305,43,109
759,305,43,109
758,305,43,109
758,304,43,110
757,303,43,110
757,302,43,111
756,302,43,111
754,301,43,111
753,301,43,111
753,301,44,111
753,301,44,111
753,301,45,111
752,300,45,111
752,300,45,111
751,299,45,111
751,299,45,111
751,298,45,111
751,298,45,111
751,298,45,111
751,298,45,111
751,298,45,111
751,297,45,111
750,296,45,111
750,295,45,111
751,295,45,111
751,294,45,111
752,294,45,111
753,293,45,111
753,292,45,111
754,291,45,111
755,290,45,111
755,290,45,111
756,289,45,111
757,288,45,111
757,288,45,111
758,287,45,111
760,286,44,111
761,286,44,111
763,285,43,111
764,284,43,111
764,283,43,111
765,282,43,111
766,281,43,111
768,281,43,111
769,280,43,111
770,279,43,111
771,277,43,111
772,276,43,111
773,276,43,110
775,276,43,109
776,276,43,108
777,274,43,108
778,273,43,108
779,271,43,108
780,271,43,108
780,270,43,108
781,270,43,108
783,269,43,108
784,269,43,108
786,268,43,108
786,268,43,107
787,267,43,106
787,267,43,105
788,267,43,105
789,266,43,105
790,266,43,105
790,266,43,104
791,265,44,103
791,265,44,102
791,265,44,102
791,264,44,102
791,264,44,102
790,263,44,101
790,263,44,100
789,262,44,99
789,262,44,99
788,262,44,99
788,262,44,99
787,261,44,99
787,260,44,99
786,259,44,99
785,259,44,99
784,258,44,99
783,258,44,99
782,259,44,97
782,260,44,95
781,261,44,93
780,260,44,93
778,260,45,93
777,259,45,93
776,258,45,93
774,258,45,93
773,257,45,93
772,256,45,93
770,256,45,93
769,255,45,93
767,254,45,94
766,253,46,95
764,252,46,96
763,251,45,97
763,249,45,99
762,248,44,100
760,246,44,101
759,245,44,101
757,243,44,102
756,243,44,102
756,243,44,102
755,243,44,102
754,243,43,102
754,243,43,102
753,243,42,102
751,242,42,102
749,242,42,102
747,241,42,102
746,241,42,102
745,240,42,102
744,240,42,102
744,240,42,102
743,240,42,102
743,240,42,102
741,240,42,102
740,239,42,102
738,239,42,102
737,239,42,102
736,239,42,102
735,239,42,102
734,239,42,102
732,240,42,102
731,240,42,102
730,240,42,102
730,239,42,102
729,239,42,102
727,239,42,102
726,239,42,102
724,239,42,102
723,239,42,102
722,239,42,102
721,239,42,102
720,239,42,102
719,239,42,102
718,239,42,102
716,239,42,103
714,238,42,105
712,238,42,106
711,238,42,106
709,238,43,106
708,238,43,106
706,238,43,106
704,238,43,106
702,238,43,106
701,238,43,106
701,238,43,106
700,238,43,106
699,238,43,106
697,238,43,106
696,238,43,106
694,238,43,106
692,238,43,106
690,238,43,106
689,238,43,106
688,238,43,106
687,238,43,106
685,238,43,106
682,238,43,106
680,238,43,106
678,238,43,106
677,239,43,106
675,239,43,106
674,239,43,106
673,238,43,106
672,238,43,106
671,238,43,106
669,238,43,106
668,238,43,106
667,238,43,106
666,237,43,106
665,237,43,106
665,236,43,107
664,234,43,107
664,233,43,108
664,233,43,108
663,233,43,108
663,233,43,108
663,233,43,108
663,232,43,108
663,232,43,108
662,231,43,108
660,230,43,108
659,229,43,108
659,229,43,108
659,229,43,108
659,229,43,108
658,228,43,108
658,227,43,108
657,226,43,108
657,226,43,108
657,226,43,108
657,226,43,108
657,226,43,108
657,226,43,108
657,226,43,108
657,226,43,108
657,226,43,108
657,226,43,108
657,226,43,108
657,226,43,108
657,226,43,108
657,226,43,108
657,226,43,108
657,226,43,108
658,226,43,108
658,227,43,108
659,227,43,108
659,227,43,109
659,228,43,110
659,228,43,111
660,229,43,111
660,229,43,111
661,230,43,111
661,231,43,112
660,231,44,112
660,232,44,113
660,233,44,113
660,233,44,113
660,234,44,113
661,235,44,114
661,236,44,114
662,237,44,115
663,238,44,115
663,238,44,115
664,239,44,115
664,240,44,116
665,241,44,117
665,242,44,118
666,243,44,118
667,243,44,118
668,244,44,118
668,246,44,117
669,247,45,117
669,249,45,116
669,250,45,117
670,252,45,118
670,253,45,119
671,254,45,119
671,256,45,119
672,257,45,119
672,259,45,120
673,261,45,121
673,263,45,122
673,264,45,122
674,266,45,122
674,267,45,122
674,268,45,122
675,270,45,122
675,271,45,122
674,274,47,123
674,277,49,123
673,280,51,124
674,282,51,124
674,284,51,124
675,286,51,124
676,288,50,124
676,289,49,125
677,291,48,125
677,293,48,125
677,295,48,125
677,297,48,125
677,299,49,126
676,302,49,126
676,304,50,127
675,307,50,127
675,311,51,127
674,314,51,127
673,317,52,125
672,321,52,123
671,324,53,121
670,327,53,121
669,331,54,122
668,334,54,122
666,337,54,122
665,339,54,122
663,342,54,122
661,344,54,122
660,345,55,123
658,347,55,123
655,350,55,123
653,354,55,124
650,357,55,124
648,359,56,125
646,361,56,125
644,363,57,126
641,365,57,128
638,367,58,131
635,369,58,133
632,371,58,133
630,374,58,133
627,376,58,133
625,378,58,133
624,379,58,133
622,381,58,133
619,384,59,134
615,387,61,135
612,390,62,136
610,392,62,136
608,394,62,135
606,396,62,135
602,399,62,136
598,402,62,136
594,405,62,137
592,407,62,137
589,408,62,137
587,410,62,137
585,411,62,139
582,413,63,141
580,414,63,143
578,417,63,143
575,419,63,143
573,422,63,143
572,424,63,143
571,426,63,143
570,428,63,143
568,430,65,143
565,431,66,144
563,433,68,144
562,434,69,145
561,434,71,145
560,435,72,146
558,435,75,147
555,435,77,147
553,435,80,148
550,434,87,149
547,434,94,149
544,433,101,150
544,433,104,150
544,432,106,151
544,432,109,151
545,430,113,152
545,428,118,153
546,426,122,154
548,424,125,154
550,423,128,154
552,421,131,154
556,419,132,152
560,418,134,151
564,416,135,149
571,411,135,150
577,407,135,152
584,402,135,153
589,398,134,154
594,394,133,155
599,390,132,156
606,384,127,157
612,378,122,157
619,372,117,158
621,368,115,158
622,364,112,159
624,360,110,159
625,356,108,159
625,351,105,159
626,347,103,159
625,341,102,159
625,334,100,158
624,328,99,158
625,324,97,158
625,320,95,157
626,316,93,157
627,312,91,155
629,307,90,154
630,303,88,152
632,301,87,151
633,298,87,151
635,296,86,150
637,294,85,149
640,292,84,148
642,290,83,147
646,286,81,146
650,283,78,144
654,279,76,143
657,277,74,142
661,274,71,141
664,272,69,140
668,268,68,139
673,265,67,139
677,261,66,138
680,258,65,138
683,256,64,138
686,253,63,138
688,252,63,137
691,251,63,136
693,250,63,135
695,247,62,135
698,244,60,135
700,241,59,135
702,239,59,135
704,238,58,135
706,236,58,135
708,234,57,136
711,232,57,136
713,230,56,137
714,229,57,137
716,227,57,137
717,226,58,137
719,226,58,137
721,226,58,137
723,226,58,137
726,225,58,135
729,223,58,133
732,222,58,131
733,222,58,130
735,222,58,129
736,222,58,128
740,222,56,125
743,222,55,123
747,222,53,120
749,221,53,120
750,219,53,120
752,218,53,120
754,218,52,120
756,217,50,119
758,217,49,119
761,215,48,119
763,213,47,119
766,211,46,119
767,211,46,119
768,211,47,119
769,211,47,119
770,210,47,120
771,208,47,121
772,207,47,122
772,207,47,122
773,206,47,122
773,206,47,122
773,206,48,122
774,205,50,122
774,205,51,122
774,205,51,120
775,205,52,119
775,205,52,117
775,205,51,116
776,205,50,114
776,205,49,113
776,204,48,113
775,202,47,113
775,201,46,113
775,199,45,114
776,198,45,115
776,196,44,116
776,195,44,116
775,195,44,116
775,194,44,116
775,193,43,116
776,193,43,116
776,192,42,116
776,192,42,116
776,192,42,116
776,192,42,116
774,192,43,115
771,191,43,113
769,191,44,112
768,190,44,112
767,189,44,112
766,188,44,112
764,188,45,111
762,187,47,110
760,187,48,109
759,186,48,109
759,185,48,109
758,184,48,109
758,183,48,109
757,182,48,109
757,181,48,109
758,182,46,108
758,182,45,106
759,183,43,105
757,182,45,105
755,182,46,104
753,181,48,104
751,180,49,104
750,178,50,104
748,177,51,104
746,176,50,104
745,174,49,104
743,173,48,104
741,172,48,104
739,171,48,104
737,170,48,104
736,169,48,104
734,168,48,104
733,167,48,104
732,166,48,103
730,164,47,103
729,163,47,102
728,162,47,102
728,162,47,102
727,161,47,102
726,161,47,102
724,160,47,102
723,160,47,102
722,160,47,101
722,159,47,100
721,159,47,99
720,158,47,100
719,157,47,100
718,156,47,101
718,155,47,101
718,155,47,101
718,154,47,101
718,153,46,102
719,153,46,102
719,152,45,103
718,152,47,103
716,153,50,103
715,153,52,103
714,153,53,103
713,153,54,103
712,153,55,103
712,154,54,102
713,155,53,100
713,156,52,99
711,156,52,99
710,156,52,99
708,156,52,99
708,155,51,101
708,155,50,102
708,154,49,104
706,154,49,104
704,155,49,104
702,155,49,104
702,156,48,103
701,158,47,102
701,159,46,101
699,159,46,101
698,160,46,101
696,160,46,101
694,160,46,101
693,161,46,101
691,161,46,101
691,161,45,100
692,161,45,100
692,161,44,99
693,162,43,97
693,164,42,96
694,165,41,94
694,166,41,93
693,168,41,93
693,169,41,92
693,169,41,91
694,170,40,91
694,170,40,90
694,170,40,90
693,169,40,90
693,169,40,90
692,168,40,91
692,166,40,93
691,165,40,94
691,164,40,95
691,164,40,96
691,163,40,97
690,163,41,97
689,164,42,97
688,164,43,97
687,164,44,97
686,163,45,98
685,163,46,98
685,163,46,98
685,163,46,98
685,163,46,98
686,164,46,97
687,165,45,96
688,166,45,95
691,167,44,94
695,169,42,94
698,170,41,93
699,170,41,93
701,170,41,93
702,170,41,93
702,170,42,93
703,171,42,93
703,171,43,93
703,172,43,92
704,172,44,92
704,173,44,91
704,172,44,92
703,172,43,93
703,171,43,94
703,171,43,94
703,171,43,94
703,171,43,94
703,171,43,95
703,171,44,95
703,171,44,96
703,171,44,96
703,171,44,96
703,171,44,96
702,172,44,95
702,174,45,94
701,175,45,93
701,176,44,94
701,176,44,96
701,177,43,97
700,178,43,97
699,178,43,98
698,179,43,98
698,179,43,99
698,179,42,99
698,179,42,100
696,181,43,100
694,183,43,100
692,185,44,100
691,187,45,101
691,188,45,101
690,190,46,102
689,192,46,102
689,193,46,102
688,195,46,102
688,197,46,102
687,199,46,102
687,201,46,102
687,203,46,101
687,204,46,101
687,206,46,100
687,207,46,100
687,207,45,100
687,208,45,100
686,208,46,101
686,208,46,102
685,208,47,103
685,208,47,103
685,207,48,104
685,207,48,104
685,206,48,105
686,206,47,105
686,205,47,106
687,206,47,106
687,206,47,106
688,207,47,106
688,207,47,106
688,207,47,106
688,207,47,106
688,207,48,106
689,207,48,107
689,207,49,107
689,207,49,108
689,206,50,109
689,206,50,110
691,206,49,109
692,206,48,108
694,206,47,107
695,205,47,108
696,205,47,110
697,204,47,111
698,203,47,112
699,202,47,112
700,201,47,113
702,201,48,112
703,201,48,111
705,201,49,110
706,201,49,110
707,202,50,110
708,202,50,110
709,203,52,109
709,203,55,108
710,204,57,107
711,202,57,108
713,201,57,110
714,199,57,111
716,198,56,111
718,198,56,112
720,197,55,112
722,197,55,112
725,196,55,112
727,196,55,112
728,195,55,113
730,194,56,114
731,193,56,115
734,192,56,116
738,191,56,117
741,190,56,118
743,190,56,119
744,190,57,119
746,190,57,120
748,190,57,120
749,191,57,120
751,191,57,120
754,191,58,120
757,192,59,120
760,192,60,120
762,192,60,120
764,192,60,120
766,192,60,120
769,192,60,121
772,192,60,121
775,192,60,122
777,192,60,122
778,192,61,123
780,192,61,123
782,192,60,124
784,193,60,125
786,193,59,126
788,193,58,127
791,192,58,128
793,192,57,129
794,193,57,129
795,195,57,129
796,196,57,129
796,198,58,127
797,200,59,126
797,202,60,124
797,204,61,124
797,205,62,124
797,207,63,124
797,207,64,125
797,207,66,126
797,207,67,127
797,207,67,129
797,207,67,130
797,207,67,132
797,207,66,133
797,207,66,135
797,207,65,136
796,207,64,137
796,206,63,138
795,206,62,139
794,206,62,141
793,206,62,142
792,206,62,144
791,206,62,144
789,207,61,144
788,207,61,144
786,208,61,144
783,209,61,144
781,210,61,144
779,211,62,144
776,211,64,143
774,212,65,143
772,212,66,144
770,212,68,144
768,212,69,145
765,212,68,145
763,212,67,146
760,212,66,146
758,212,67,148
756,211,67,149
754,211,68,151
751,210,69,153
748,210,69,154
745,209,70,156
743,210,71,157
742,211,71,157
740,212,72,158
738,213,72,159
737,213,72,160
735,214,72,161
733,215,72,163
731,215,73,164
729,216,73,166
726,217,73,166
724,219,73,166
721,220,73,166
718,223,75,166
714,225,78,167
711,228,80,167
709,230,81,167
708,231,82,167
706,233,83,167
704,234,84,168
701,235,84,170
699,236,85,171
696,237,84,172
693,238,84,173
690,239,83,174
689,240,83,174
687,242,83,174
686,243,83,174
684,245,84,176
681,246,84,179
679,248,85,181
677,250,86,181
674,251,88,181
672,253,89,181
669,253,91,184
666,254,92,188
663,254,94,191
660,256,93,192
657,258,93,193
654,260,92,194
652,262,92,195
650,263,92,195
648,265,92,196
646,267,95,199
643,269,97,201
641,271,100,204
641,272,100,204
640,274,100,205
640,275,100,205
640,277,99,207
641,278,97,209
641,280,96,211
642,284,94,210
642,288,92,210
643,292,90,209
644,294,90,210
645,296,90,210
646,298,90,211
646,301,92,212
646,303,93,213
646,306,95,214
646,306,96,216
646,306,96,218
646,306,97,220
644,309,101,221
643,311,104,223
641,314,108,224
639,316,109,225
637,318,110,226
635,320,111,227
635,321,111,229
635,321,111,230
635,322,111,232
636,323,111,234
636,323,112,236
637,324,112,238
638,325,112,239
638,326,111,240
639,327,111,241
640,329,111,241
642,330,112,242
643,332,112,242
646,333,114,241
649,334,116,241
652,335,118,240
652,333,122,242
652,332,125,244
652,330,129,246
651,328,133,248
651,327,137,251
650,325,141,253
651,325,142,254
652,325,143,254
653,325,144,255
654,325,145,257
654,325,145,258
655,325,146,260
656,325,149,262
657,326,151,263
658,326,154,265
660,326,154,266
662,327,154,267
664,327,154,268
673,326,150,269
681,324,146,271
690,323,142,272
696,322,139,272
702,320,135,272
708,319,132,272
713,317,131,274
718,316,129,275
723,314,128,277
729,312,131,277
734,309,133,278
740,307,136,278
742,306,140,277
744,305,144,277
746,304,148,276
747,304,154,275
747,303,160,274
748,303,166,273
747,303,170,272
747,303,174,272
746,303,178,271
746,304,179,271
745,306,180,271
745,307,181,271
743,307,183,273
742,306,184,274
740,306,186,276
738,307,187,275
735,307,187,274
733,308,188,273
725,309,189,271
716,311,191,268
708,312,192,266
699,313,195,264
689,313,198,261
680,314,201,259
668,314,204,258
657,315,208,257
645,315,211,256
628,314,213,255
611,314,214,254
594,313,216,253
581,312,218,253
567,310,219,253
554,309,221,253
532,306,223,254
511,302,224,255
489,299,226,256
476,299,225,254
463,298,224,253
450,298,223,251
439,295,224,252
429,292,226,254
418,289,227,255
412,288,225,254
405,287,224,253
399,286,222,252
397,282,221,253
395,278,220,253
393,274,219,254
389,271,220,252
384,267,220,250
380,264,221,248
376,261,223,246
371,259,226,245
367,256,228,243
365,253,229,242
364,249,230,240
362,246,231,239
359,240,232,238
356,235,233,238
353,229,234,237
350,225,236,237
346,222,237,238
343,218,239,238
338,212,239,239
333,206,239,241
328,200,239,242
325,195,239,242
322,191,239,242
319,186,239,242
316,176,239,248
313,166,239,255
310,156,239,261
305,137,240,274
301,117,242,287
296,98,243,300
295,93,242,302
294,88,242,304
293,83,241,306
292,79,241,304
292,74,240,303
291,70,240,301
292,70,240,298
292,70,239,296
293,70,239,293
293,70,240,293
293,70,242,293
293,70,243,293
296,68,242,294
298,65,242,295
301,63,241,296
304,63,241,296
306,63,240,296
309,63,240,296
313,60,241,297
316,57,242,299
320,54,243,300
323,54,242,297
326,55,240,294
329,55,239,291
332,56,239,288
334,56,239,285
337,57,239,282
341,64,237,273
346,71,235,265
350,78,233,256
352,79,232,253
355,81,232,251
357,82,231,248
359,82,232,248
360,82,232,248
362,82,233,248
365,82,232,249
369,83,232,250
372,83,231,251
375,83,230,251
379,83,229,251
382,83,228,251
383,82,229,253
384,81,230,254
385,80,231,256
383,81,231,255
382,81,230,255
380,82,230,254
377,84,230,253
373,86,231,251
370,88,231,250
370,92,228,246
369,96,226,242
369,100,223,238
368,103,223,235
368,107,223,232
367,110,223,229
365,117,222,225
364,123,221,220
362,130,220,216
358,131,221,215
354,133,223,215
350,134,224,214
346,135,224,215
342,135,224,217
338,136,224,218
336,136,224,218
335,135,224,218
333,135,224,218
331,136,224,218
330,137,224,218
328,138,224,218
325,139,224,218
321,141,224,218
318,142,224,218
315,142,224,218
312,143,224,218
309,143,224,218
307,141,223,224
306,140,223,230
304,138,222,236
304,140,221,235
304,143,221,233
304,145,220,232
304,145,220,232
303,146,220,232
303,146,220,232
299,148,221,232
294,150,223,233
290,152,224,233
290,150,223,235
289,147,223,237
289,145,222,239
289,146,222,240
288,147,221,242
288,148,221,243
292,145,220,249
295,143,218,256
299,140,217,262
301,141,217,262
303,141,217,262
305,142,217,262
308,144,218,261
310,146,218,260
313,148,219,259
317,148,219,256
320,148,218,252
324,148,218,249
326,150,219,246
329,151,220,242
331,153,221,239
334,154,221,234
337,156,221,229
340,157,221,224
342,156,220,225
345,154,220,227
347,153,219,228
351,151,217,229
354,150,216,229
358,148,214,230
361,146,213,233
365,144,211,235
368,142,210,238
369,139,210,240
371,137,210,242
372,134,210,244
374,131,210,246
376,129,211,249
378,126,211,251
380,123,210,253
382,121,209,255
384,118,208,257
386,119,208,253
389,121,207,248
391,122,207,244
391,122,208,242
391,122,208,240
391,122,209,238
392,124,209,235
394,126,209,232
395,128,209,229
396,130,210,225
397,132,211,222
398,134,212,218
400,133,209,218
401,133,207,217
403,132,204,217
404,129,204,218
406,127,203,219
407,124,203,220
410,124,201,220
414,123,200,220
417,123,198,220
418,121,199,223
418,118,199,226
419,116,200,229
422,116,200,229
425,116,199,230
428,116,199,230
431,117,199,227
434,119,198,224
437,120,198,221
440,123,199,217
442,127,200,214
445,130,201,210
449,132,199,207
453,133,196,203
457,135,194,200
459,136,194,197
461,137,194,193
463,138,194,190
465,136,195,190
468,134,197,191
470,132,198,191
473,129,196,193
475,125,195,196
478,122,193,198
483,119,191,201
489,116,189,204
494,113,187,207
498,112,185,209
501,110,183,210
505,109,181,212
508,108,179,213
512,106,178,215
515,105,176,216
520,106,176,216
524,106,176,216
529,107,176,216
532,107,176,216
534,108,177,216
537,108,177,216
543,109,176,212
548,111,175,208
554,112,174,204
556,110,174,206
558,109,173,208
560,107,173,210
563,106,172,211
565,106,171,213
568,105,170,214
572,103,169,215
576,102,169,215
580,100,168,216
583,100,166,217
587,100,165,217
590,100,163,218
594,99,162,218
597,97,162,219
601,96,161,219
602,95,160,219
604,95,160,219
605,94,159,219
607,93,159,219
609,93,158,220
611,92,158,220
612,91,159,220
613,89,160,220
614,88,161,220
616,88,161,219
618,87,161,219
620,87,161,218
623,84,161,218
626,80,161,218
629,77,161,218
631,74,160,218
632,72,159,219
634,69,158,219
636,69,158,219
638,68,158,219
640,68,158,219
644,68,157,217
648,68,157,214
652,68,156,212
656,68,154,210
660,67,151,208
664,67,149,206
667,64,149,208
670,61,149,211
673,58,149,213
676,58,147,211
680,58,145,210
683,58,143,208
683,57,144,209
684,56,146,210
684,55,147,211
686,56,147,211
689,56,147,212
691,57,147,212
694,57,148,211
696,58,149,210
699,58,150,209
703,58,149,208
707,57,147,208
711,57,146,207
714,58,146,206
717,59,146,205
720,60,146,204
722,59,145,205
723,57,143,206
725,56,142,207
731,58,139,205
736,60,136,204
742,62,133,202
746,63,131,202
749,65,130,201
753,66,128,201
757,66,128,201
761,66,128,201
765,66,128,201
767,64,129,204
768,61,129,207
770,59,130,210
773,60,129,209
775,61,128,209
778,62,127,208
780,63,128,206
783,63,129,204
785,64,130,202
787,65,130,200
790,65,131,198
792,66,131,196
794,66,131,195
797,66,132,195
799,66,132,194
803,66,132,194
806,66,132,194
810,66,132,194
811,67,132,193
813,67,132,192
814,68,132,191
820,69,130,189
827,69,128,188
833,70,126,186
838,72,123,184
842,75,121,181
847,77,118,179
851,78,117,179
855,78,117,178
859,79,116,178
864,79,114,177
868,80,112,177
873,80,110,176
877,79,109,176
880,77,109,177
884,76,108,177
889,74,109,178
894,72,110,180
899,70,111,181
901,69,112,181
903,67,112,182
905,66,113,182
908,66,114,181
911,66,115,179
914,66,116,178
915,65,119,176
916,63,121,175
917,62,124,173
920,62,124,172
924,62,123,170
927,62,123,169
931,61,122,167
934,60,121,166
938,59,120,164
943,58,119,163
947,58,117,161
952,57,116,160
957,56,114,161
962,55,112,163
967,54,110,164
974,51,109,166
982,49,108,167
989,46,107,169
993,46,107,169
998,46,107,169
1002,46,107,169
1010,44,107,169
1019,43,107,169
1027,41,107,169
1033,40,105,170
1038,39,103,170
1044,38,101,171
1048,37,101,173
1053,36,101,174
1057,35,101,176
1065,34,101,176
1073,33,101,176
1081,32,101,176
1086,32,101,176
1090,32,101,176
1095,32,101,176
1100,29,101,178
1105,25,101,179
1110,22,101,181
1113,20,101,181
1115,19,101,181
1118,17,101,181
1121,15,100,181
1124,14,100,182
1127,12,99,182
1130,11,97,182
1132,10,96,183
1135,9,94,183
1136,9,95,181
1137,9,96,180
1138,9,97,178
1140,9,95,178
1142,8,94,177
1144,8,92,177
1144,8,92,176
1145,8,91,174
1145,8,91,173
1144,8,92,173
1143,8,93,174
1142,8,94,174
1141,9,94,174
1141,10,94,174
1140,11,94,174
1140,12,93,174
1141,14,91,173
1141,15,90,173
1141,16,90,173
1142,16,90,173
1142,17,90,173
1142,17,90,173
1142,17,90,173
1142,17,90,173
1142,19,86,173
1143,21,83,173
1143,23,79,173
1141,23,79,173
1139,24,79,173
1137,24,79,173
1135,25,79,173
1132,26,79,173
1130,27,79,173
1127,28,79,173
1123,30,79,173
1120,31,79,173
1118,30,78,171
1116,30,77,168
1114,29,76,166
1110,30,76,163
1106,32,77,161
1102,33,77,158
1096,33,77,159
1089,34,78,159
1083,34,78,160
1078,34,78,160
1074,34,78,160
1069,34,78,160
1060,34,78,160
1052,35,77,161
1043,35,77,161
1039,36,75,159
1034,37,72,157
1030,38,70,155
1024,38,70,155
1017,39,70,155
1011,39,70,155
1004,40,69,154
996,42,67,152
989,43,66,151
984,43,66,151
979,43,66,151
974,43,66,151
967,43,65,150
959,42,63,149
952,42,62,148
947,42,62,147
943,43,62,145
938,43,62,144
934,43,62,144
930,44,62,144
926,44,62,144
920,43,62,144
913,42,62,144
907,41,62,144
903,41,62,144
898,40,62,144
894,40,62,144
888,39,61,144
883,38,59,144
877,37,58,144
873,37,58,144
868,36,58,144
864,36,58,144
860,35,58,144
856,33,58,144
852,32,58,144
845,32,58,144
839,32,58,144
832,32,58,144
828,31,58,144
824,31,58,144
820,30,58,144
815,30,56,142
810,29,55,141
805,29,53,139
802,30,53,138
800,30,54,137
797,31,54,136
794,30,54,136
790,28,54,136
787,27,54,136
783,26,54,136
779,25,54,136
775,24,54,136
773,24,54,136
772,25,54,136
770,25,54,136
768,24,54,136
765,24,54,136
763,23,54,136
761,22,54,136
758,20,54,136
756,19,54,136
754,20,53,134
753,21,51,132
751,22,50,130
747,21,51,129
742,19,52,129
738,18,53,128
735,18,53,128
731,17,52,128
728,17,52,128
724,17,52,128
720,16,52,128
716,16,52,128
714,16,52,128
712,16,52,128
710,16,52,128
708,15,52,128
706,14,52,128
704,13,52,128
700,13,52,126
697,12,52,125
693,12,52,123
690,12,52,123
688,12,52,123
685,12,52,123
681,12,52,123
678,12,52,123
674,12,52,123
671,12,52,123
668,12,52,122
665,12,52,122
663,12,52,121
660,12,53,120
658,12,53,119
655,11,53,119
652,11,53,119
649,10,53,119
647,10,53,119
646,10,53,119
644,10,53,119
642,10,53,119
639,10,53,119
637,10,53,119
635,11,53,119
634,11,53,119
632,12,53,119
631,13,52,118
631,13,52,116
630,14,51,115
628,15,51,114
626,15,51,114
624,16,51,113
622,17,51,112
621,17,52,111
619,18,52,110
617,18,52,110
616,18,52,110
614,18,52,110
612,19,52,110
609,19,52,110
607,20,52,110
605,19,52,110
604,19,52,110
602,18,52,110
599,18,52,110
597,19,52,110
594,19,52,110
592,18,52,111
590,18,52,111
588,17,52,112
587,17,51,112
586,18,49,112
585,18,48,112
583,18,48,112
582,18,48,112
580,18,48,112
578,18,48,112
577,18,48,112
575,18,48,112
573,18,48,112
571,19,48,112
569,19,48,112
568,19,47,111
568,20,47,109
567,20,46,108
566,20,46,108
565,19,45,107
564,19,45,107
562,20,46,107
560,20,46,107
558,21,47,107
557,21,47,107
555,21,47,107
554,21,47,107
553,21,47,107
551,22,47,107
550,22,47,107
550,22,47,107
549,23,47,107
549,23,47,107
549,24,46,107
548,24,45,107
548,25,44,107
549,26,44,107
550,27,44,107
551,28,44,107
551,29,44,107
550,31,44,107
550,32,44,107
551,34,44,107
553,35,44,107
554,37,44,107
554,38,44,107
555,40,44,107
555,41,44,107
556,42,44,107
558,44,44,107
559,45,44,107
561,47,45,107
563,49,46,106
565,51,47,106
566,53,47,106
568,54,47,106
569,56,47,106
571,57,47,106
574,59,47,106
576,60,47,106
577,60,47,106
579,61,47,106
580,61,47,106
581,59,47,106
583,58,47,106
584,56,47,106