1200,108,29,47
1200,108,29,47
1200,109,29,47
1200,109,29,47
1200,109,29,47
1200,109,29,47
1200,109,29,47
1200,109,29,47
1200,109,29,47
1200,109,29,47
1200,109,29,47
1200,109,29,47
1200,109,29,47
1200,109,29,47
1200,109,29,47
1200,109,29,47
1200,109,29,47
1200,109,29,47
1200,109,29,47
1200,109,29,47
1200,109,29,47
1200,109,29,47
1200,109,29,47
1200,109,29,47
1200,109,29,47
1200,109,29,47
1200,109,29,47
1200,109,29,47
1200,109,29,47
1200,109,29,47
1200,109,29,47
1200,109,29,47
1200,109,29,47
1200,109,29,47
1200,109,29,47
1200,109,29,47
1200,109,29,47
1200,109,29,47
1200,109,29,47
1200,109,29,47
1201,108,29,47
1201,108,29,47
1202,107,29,47
1202,107,29,47
1202,107,29,47
1202,107,29,47
1202,107,29,47
1202,107,29,47
1202,107,29,47
1202,107,29,47
1202,107,29,47
1202,107,29,47
1202,106,29,48
1202,106,29,48
1202,105,29,49
1202,105,29,49
1202,105,29,49
1202,105,29,49
1202,105,29,49
1202,105,29,49
1202,105,29,49
1202,105,30,49
1202,105,30,49
1202,105,31,49
1202,105,31,49
1202,105,31,49
1202,105,31,49
1202,105,31,49
1202,105,31,49
1202,105,31,49
1202,105,31,49
1202,105,31,49
1202,105,31,49
1202,105,31,49
1202,105,31,49
1202,105,31,49
1202,104,31,50
1202,103,31,51
1202,102,31,52
1202,102,31,52
1202,102,30,52
1202,102,30,52
1201,102,30,51
1200,102,30,50
1199,102,30,49
1199,102,30,49
1199,102,30,49
1199,102,30,49
1199,102,31,50
1198,102,31,50
1198,102,32,51
1197,102,33,51
1195,102,33,51
1194,102,34,51
1194,102,34,51
1194,102,34,51
1194,102,34,51
1194,102,34,51
1194,102,34,51
1194,102,34,51
1194,101,33,52
1193,101,33,52
1193,100,32,53
1193,100,32,53
1193,100,32,53
1193,100,32,53
1193,101,32,52
1192,101,32,50
1192,102,32,49
1191,101,33,50
1189,100,34,50
1188,99,35,51
1187,99,35,51
1187,99,36,51
1186,99,36,51
1186,99,36,51
1186,99,35,51
1186,99,35,51
1186,99,34,51
1186,99,32,51
1186,99,31,51
1186,99,31,51
1186,99,31,51
1186,99,31,51
1185,99,31,51
1184,99,31,52
1183,99,31,52
1182,99,31,52
1182,99,31,52
1181,99,31,52
1180,99,31,52
1180,98,31,52
1179,98,31,52
1179,98,31,52
1179,98,31,52
1179,98,31,52
1177,98,32,53
1176,97,33,53
1174,97,34,54
1173,97,34,54
1173,97,33,54
1172,97,33,54
1172,97,32,53
1172,97,31,52
1172,97,30,51
1171,97,30,51
1170,97,30,51
1169,97,30,51
1167,97,30,51
1166,97,30,51
1164,97,30,51
1164,96,30,52
1164,96,30,52
1164,95,30,53
1163,95,30,53
1163,95,30,53
1162,95,30,53
1161,95,31,53
1159,95,32,53
1158,95,33,53
1157,95,33,53
1156,94,33,53
1155,94,33,53
1154,94,33,53
1152,94,33,53
1151,94,33,53
1151,94,33,52
1150,94,33,51
1150,94,33,50
1149,94,33,50
1148,94,33,50
1147,94,33,50
1146,94,34,51
1144,93,34,51
1143,93,35,52
1142,93,35,53
1142,92,35,53
1141,92,35,54
1141,92,35,54
1140,92,34,54
1140,92,34,54
1139,92,34,54
1137,92,34,54
1136,92,34,54
1135,93,34,53
1135,93,34,51
1134,94,34,50
1133,93,34,50
1131,93,34,50
1130,92,34,50
1129,92,34,51
1129,92,34,51
1128,92,34,52
1127,92,34,52
1125,92,34,52
1124,92,34,52
1123,92,34,52
1122,91,34,52
1121,91,34,52
1120,91,34,52
1120,91,34,52
1119,91,34,52
1118,90,34,52
1116,90,34,52
1115,89,34,52
1114,89,34,52
1113,90,34,52
1112,90,34,52
1111,90,34,52
1109,89,34,52
1108,89,34,52
1107,89,34,52
1107,89,34,52
1106,89,34,52
1105,89,34,52
1103,89,34,52
1102,89,34,52
1101,89,34,52
1100,89,34,52
1099,89,34,52
1097,88,34,53
1096,88,34,53
1094,87,34,54
1093,87,34,54
1091,87,34,54
1090,87,34,54
1089,87,34,54
1089,86,34,54
1088,86,34,54
1087,86,34,54
1085,86,34,54
1084,86,34,54
1082,86,34,54
1081,86,34,54
1079,86,34,54
1079,86,34,54
1079,86,34,54
1079,86,34,54
1077,86,34,54
1075,85,34,54
1073,85,34,54
1072,85,34,54
1071,85,34,54
1070,85,34,54
1069,85,34,54
1068,86,34,54
1067,86,34,54
1066,85,34,55
1064,85,34,55
1063,84,34,56
1061,84,34,56
1060,84,34,56
1058,84,34,56
1057,84,34,56
1057,85,34,56
1056,85,34,56
1054,84,34,57
1052,83,35,59
1050,82,35,60
1049,83,34,58
1049,83,34,57
1048,84,33,55
1046,84,33,55
1043,84,34,56
1041,84,34,56
1040,83,34,57
1039,83,34,57
1038,82,34,58
1037,82,34,58
1036,83,34,58
1035,83,34,58
1033,83,34,58
1030,84,34,58
1028,84,34,58
1026,83,34,58
1025,83,34,58
1023,82,34,58
1021,82,34,58
1020,82,34,58
1018,82,34,58
1017,82,34,58
1017,82,34,58
1016,82,34,58
1014,82,34,58
1013,83,34,58
1011,83,34,58
1008,83,34,58
1006,83,34,58
1003,83,34,58
1002,83,34,58
1001,83,34,58
1000,83,34,58
998,83,34,58
997,82,34,58
995,82,34,58
994,82,34,58
992,81,34,58
991,81,34,58
989,80,35,59
988,80,35,59
986,79,36,60
984,79,36,60
982,79,36,60
980,79,36,60
979,79,36,60
977,80,36,60
976,80,36,60
974,79,36,60
971,79,36,60
969,78,36,60
968,79,36,60
966,80,36,60
965,81,36,60
964,81,36,60
962,80,36,60
961,80,36,60
959,80,36,60
958,80,36,60
956,80,36,60
954,79,36,60
951,79,36,60
949,78,36,60
947,78,36,60
945,78,36,60
943,78,36,60
941,78,36,60
940,77,36,60
938,77,36,60
937,77,36,60
936,78,36,60
935,78,36,60
933,78,36,60
931,78,36,60
929,78,36,60
927,77,36,61
925,77,36,62
923,76,36,63
921,75,36,63
919,75,36,63
917,74,36,63
916,74,35,63
914,73,35,64
913,73,34,64
911,73,34,64
910,74,34,64
908,74,34,64
906,74,34,64
904,74,34,64
902,74,34,64
900,74,34,64
897,74,34,64
895,74,34,64
893,74,34,64
890,74,34,64
888,74,34,64
886,73,35,65
885,71,36,65
883,70,37,66
881,70,37,66
879,70,37,66
877,70,37,66
874,71,37,66
871,71,37,66
868,72,37,66
867,72,37,66
866,71,37,66
865,71,37,66
862,71,37,66
859,70,37,66
856,70,37,66
854,69,37,66
852,69,37,66
850,68,37,66
849,68,37,66
847,68,37,66
846,68,37,66
842,68,37,66
838,69,37,66
834,69,37,66
833,69,37,66
832,69,37,66
831,69,37,66
829,68,37,66
827,67,37,66
825,66,37,66
822,66,37,67
820,65,37,67
817,65,37,68
816,64,37,68
816,64,37,68
815,63,37,68
812,64,37,68
808,64,37,68
805,65,37,68
803,65,37,68
801,66,37,68
799,66,37,68
797,65,37,68
795,64,37,68
793,63,37,68
792,63,37,68
791,63,37,68
790,63,37,68
788,63,37,68
787,62,37,68
785,62,37,68
783,61,38,69
780,60,38,69
778,59,39,70
776,59,40,70
774,59,41,70
772,59,42,70
770,60,42,70
768,60,42,70
766,61,42,70
765,60,42,70
765,59,42,70
764,58,42,70
763,58,42,70
762,58,42,70
761,58,42,70
759,57,42,70
756,57,42,70
754,56,42,70
753,56,42,70
751,56,42,70
750,56,42,70
748,56,42,70
747,57,42,70
745,57,42,70
744,57,42,70
743,56,42,70
742,56,42,70
741,55,42,70
740,55,42,70
739,54,42,70
737,54,42,70
735,54,42,70
733,54,42,70
731,53,42,70
730,53,42,70
728,52,42,70
726,52,42,70
725,52,42,70
723,52,42,70
722,51,42,70
721,51,42,70
720,50,42,70
718,50,42,70
717,50,42,70
715,50,42,70
713,50,43,72
711,49,43,73
709,49,44,75
708,49,44,75
706,49,44,75
705,49,44,75
703,48,44,75
700,47,44,75
698,46,44,75
697,46,44,75
695,45,44,75
694,45,44,75
693,46,44,75
691,48,44,75
690,49,44,75
688,49,44,75
685,49,44,75
683,49,44,75
682,47,44,75
680,45,44,75
679,43,44,75
677,43,44,75
675,42,44,75
673,42,44,75
672,42,44,75
671,42,44,75
670,42,44,75
669,41,44,75
667,41,44,75
666,40,44,75
663,41,44,74
661,41,44,73
658,42,44,72
656,42,45,73
653,41,46,73
651,41,47,74
650,40,46,75
648,40,45,77
647,39,44,78
645,39,46,80
642,39,47,81
640,39,49,83
639,38,49,84
637,36,50,84
636,35,50,85
634,35,50,85
633,34,49,84
631,34,49,84
630,34,49,84
629,34,49,84
628,34,49,84
626,33,49,84
623,33,49,84
621,32,49,84
619,32,50,84
616,32,51,84
614,32,52,84
613,31,52,84
611,30,52,84
610,29,52,84
608,29,52,84
605,28,53,84
603,28,53,84
601,28,53,84
600,28,53,84
598,28,53,84
597,27,53,84
596,27,53,84
595,26,53,84
593,26,53,85
591,25,53,85
589,25,53,86
588,25,53,86
587,24,53,86
586,24,53,86
584,24,53,86
581,23,53,86
579,23,53,86
577,22,53,87
576,21,54,89
574,20,54,90
573,20,54,90
572,19,54,90
571,19,54,90
569,18,54,90
567,18,54,90
565,17,54,90
564,16,54,90
563,16,54,90
562,15,54,90
559,15,55,91
557,14,56,91
554,14,57,92
553,14,57,92
553,13,57,92
552,13,57,92
551,12,57,92
551,12,57,92
550,11,57,92
549,10,57,95
549,10,56,97
548,9,56,100
546,8,56,100
545,8,56,100
543,7,56,100
543,7,56,100
543,7,56,100
543,7,56,100
542,7,56,100
540,6,56,100
539,6,56,100
539,5,55,102
538,5,55,103
538,4,54,105
538,3,55,107
537,2,57,108
537,1,58,110
538,1,58,110
538,1,58,110
539,1,58,110
540,1,58,110
541,1,58,110
542,1,58,110
543,1,59,110
544,1,61,110
545,1,62,110
