530,525,22,62
530,525,22,62
530,525,22,62
530,525,22,62
530,525,22,62
530,525,22,62
530,525,22,62
529,525,22,62
529,526,22,62
528,526,22,62
528,526,22,62
528,527,22,62
528,527,22,62
528,527,22,62
528,527,22,62
528,527,22,62
528,528,22,62
528,528,22,62
528,529,22,62
528,529,22,62
527,530,22,62
527,530,22,62
527,530,22,62
527,531,22,62
527,531,22,62
527,531,22,62
527,532,22,62
527,532,22,62
527,533,22,62
527,533,22,62
527,534,22,62
527,534,22,62
528,535,22,62
528,535,22,62
528,535,22,62
527,534,22,62
527,534,22,62
527,535,22,62
527,536,22,62
527,537,22,62
527,536,22,62
527,535,22,62
527,534,22,62
527,534,22,62
527,534,22,62
527,534,22,62
526,534,22,62
525,535,22,62
524,535,22,62
524,535,22,62
524,535,22,62
524,535,22,62
524,535,22,62
524,535,22,62
524,535,22,62
524,535,22,62
524,535,22,62
524,535,22,62
524,535,22,62
524,535,22,62
524,535,22,62
524,535,22,62
524,535,22,62
524,535,22,62
524,535,22,62
524,535,22,62
524,535,22,62
524,534,22,62
523,534,22,62
523,533,22,62
523,529,22,62
524,525,22,62
524,521,22,62
524,514,22,62
523,508,22,62
523,501,22,62
523,496,22,62
523,492,22,62
523,487,22,62
523,479,22,62
523,471,22,62
523,463,22,62
523,460,22,62
523,456,22,62
523,453,22,62
523,449,22,62
522,445,22,62
522,441,22,62
522,440,22,62
522,439,22,62
522,438,22,62
522,438,22,62
522,438,22,62
522,438,22,62
522,438,22,62
522,438,22,62
522,438,22,62
522,438,22,62
522,438,22,62
522,438,22,62
522,438,22,62
521,438,22,62
521,438,22,62
520,438,22,62
520,438,22,62
519,438,22,62
519,438,22,62
520,439,22,62
520,439,22,62
520,439,22,62
519,440,22,62
519,440,22,62
519,441,22,62
519,442,22,62
519,443,22,62
519,443,22,62
519,443,22,62
519,443,22,62
519,443,22,62
519,443,22,62
519,443,22,62
519,443,22,62
519,443,22,62
519,443,22,62
519,443,22,62
519,443,22,62
519,443,22,62
519,443,22,62
519,443,22,62
519,443,22,62
518,443,22,62
518,443,22,62
517,443,22,62
517,442,22,62
516,441,22,62
516,440,22,62
516,441,22,62
517,442,22,62
517,443,22,62
517,443,22,62
517,443,22,62
517,443,22,62
517,443,22,62
517,443,22,62
517,443,22,62
517,443,22,62
517,443,22,62
517,443,22,62
516,442,22,62
515,441,22,62
514,440,22,62
514,439,22,62
514,439,22,62
514,438,22,62
514,438,22,62
514,438,22,62
514,438,22,62
514,438,22,62
514,438,22,62
514,438,22,62
514,436,22,62
514,435,22,62
514,433,22,62
514,433,22,62
514,433,22,62
514,433,22,62
513,433,22,62
513,433,22,62
512,433,22,62
512,432,22,62
512,430,22,62
512,429,22,62
512,429,22,62
512,428,22,62
512,428,22,62
512,428,22,62
512,428,22,62
512,428,22,62
512,427,22,62
511,425,22,62
511,424,22,62
511,424,22,62
512,423,22,62
512,423,22,62
512,421,22,62
511,420,22,62
511,418,22,62
511,418,22,62
511,417,22,62
511,417,22,62
511,417,22,62
511,417,22,62
511,417,22,62
511,415,22,62
511,413,22,62
511,411,22,62
511,410,22,62
510,409,22,62
510,408,22,62
510,409,22,62
511,410,22,62
511,411,22,62
511,409,22,62
510,408,22,62
510,406,22,62
510,405,22,62
510,405,22,62
510,404,22,62
510,404,22,62
509,403,22,62
509,403,22,62
509,403,22,62
510,404,22,62
510,404,22,62
510,402,22,62
509,400,22,62
509,398,22,62
509,397,22,62
509,397,22,62
509,396,22,62
509,396,22,62
509,396,22,62
509,396,22,62
509,396,22,62
509,396,22,62
509,396,22,62
509,396,22,62
509,395,22,62
509,395,22,62
508,395,22,62
508,394,22,62
507,394,22,62
507,394,22,62
507,395,22,62
507,395,22,62
507,395,22,62
507,395,22,62
507,395,22,62
507,395,22,62
507,395,22,62
507,395,22,62
507,395,22,62
507,395,22,62
507,395,22,62
507,395,22,62
507,395,22,62
507,395,22,62
506,395,22,62
505,395,22,62
504,395,22,62
504,395,22,62
504,395,22,62
504,395,22,62
504,395,22,62
504,395,22,62
504,395,22,62
504,396,22,62
504,396,22,62
504,397,22,62
504,398,22,62
504,398,22,62
504,399,22,62
504,399,22,62
504,400,22,62
504,400,22,62
504,400,22,62
503,400,22,62
503,400,22,62
503,400,22,62
503,400,22,62
503,400,22,62
503,400,22,62
502,400,22,62
502,400,22,62
502,400,22,62
502,401,22,62
502,401,22,62
502,402,22,62
501,402,22,62
501,403,22,62
501,403,22,62
500,403,22,62
500,403,22,62
500,403,22,62
501,403,22,62
501,403,22,62
501,404,22,62
500,404,22,62
500,405,22,62
499,405,22,62
499,405,22,62
498,405,22,62
498,405,22,62
498,406,22,62
498,406,22,62
498,406,22,62
498,406,22,62
498,406,22,62
498,406,22,62
498,406,22,62
498,406,22,62
498,406,22,62
498,406,22,62
498,406,22,62
498,406,22,62
498,406,22,62
498,406,22,62
497,406,22,62
495,406,22,62
494,406,22,62
494,406,22,62
494,406,22,62
494,406,22,62
494,406,22,62
494,406,22,62
494,406,22,62
494,406,22,62
494,406,22,62
494,406,22,62
494,406,22,62
494,406,22,62
494,406,22,62
494,406,22,62
494,406,22,62
494,406,22,62
494,406,22,62
494,406,22,62
494,406,22,62
494,406,22,62
494,406,22,62
494,406,22,62
494,406,22,62
494,406,22,62
494,406,22,62
493,406,22,62
493,405,22,62
492,405,22,62
492,405,22,62
492,405,22,62
492,405,22,62
492,405,22,62
492,405,22,62
492,405,22,62
492,405,22,62
491,404,22,62
491,404,22,62
491,404,22,62
491,404,22,62
491,404,22,62
491,404,22,62
490,403,22,62
490,403,22,62
490,401,22,62
490,400,22,62
490,398,22,62
490,398,22,62
490,397,22,62
490,397,22,62
490,397,22,62
490,397,22,62
490,397,22,62
490,397,22,62
489,396,22,62
489,396,22,62
489,395,22,62
489,395,22,62
489,394,22,62
489,394,22,62
489,394,22,62
489,394,22,62
489,393,22,62
489,391,22,62
489,390,22,62
489,389,22,62
488,389,22,62
488,388,22,62
488,386,22,62
488,385,22,62
488,383,22,62
488,383,22,62
488,383,22,62
488,383,22,62
487,382,22,62
487,380,22,62
486,379,22,62
486,378,22,62
486,378,22,62
486,377,22,62
486,377,22,62
486,377,22,62
486,377,22,62
486,375,22,62
486,373,22,62
486,371,22,62
485,370,22,62
485,369,22,62
484,368,22,62
484,368,22,62
484,368,22,62
484,368,22,62
484,367,22,62
484,367,22,62
484,366,22,62
483,365,22,62
482,364,22,62
481,363,22,62
480,361,22,62
478,359,22,62
477,357,22,62
475,357,22,62
474,356,22,62
472,356,22,62
468,355,22,62
465,355,22,62
461,354,22,62
457,355,22,62
452,357,22,62
448,358,22,62
445,358,22,62
442,357,22,62
439,357,22,62
435,358,22,62
432,358,22,62
428,359,22,62
422,359,22,62
416,359,22,62
410,359,22,62
405,360,22,62
401,362,22,62
396,363,22,62
389,362,22,62
383,362,22,62
376,361,22,62
370,364,22,62
365,366,22,62
359,369,22,62
353,369,22,62
348,369,22,62
342,369,22,62
335,369,22,62
329,370,22,62
322,370,22,62
317,371,22,62
311,372,22,62
306,373,22,62
299,375,22,62
293,376,22,62
286,378,22,62
280,380,22,62
274,381,22,62
268,383,22,62
262,383,22,62
255,384,22,62
249,384,22,62
242,386,22,62
236,387,22,62
229,389,22,62
223,391,22,62
217,392,22,62
211,394,22,62
204,395,22,62
197,395,22,62
190,396,22,62
183,397,22,62
177,398,22,62
170,399,22,62
163,401,22,62
157,403,22,62
150,405,22,62
143,407,22,62
137,408,22,62
130,410,22,62
123,411,23,63
116,412,23,65
109,413,24,66
102,415,24,66
94,416,24,66
87,418,24,66
79,420,24,66
70,422,24,66
62,424,24,66
