795,489,25,45
795,489,25,45
795,489,25,45
795,489,25,45
795,489,25,45
795,489,25,45
795,489,25,45
795,489,25,45
795,489,25,45
795,489,25,45
795,489,25,45
795,489,25,45
795,489,25,45
796,489,25,45
796,490,25,45
797,490,25,45
797,490,25,45
797,490,25,45
797,490,25,45
797,490,25,45
797,490,25,45
797,490,25,45
797,490,25,45
797,490,24,45
797,490,24,45
798,491,24,44
798,491,24,44
799,492,24,43
799,492,24,43
799,492,24,43
799,492,24,43
799,492,24,43
799,492,24,43
799,492,24,43
800,493,24,43
801,493,24,43
802,494,24,43
802,494,24,43
802,494,24,43
802,494,24,43
802,494,24,43
802,494,24,43
802,494,24,43
802,494,24,43
802,494,24,43
802,494,24,43
802,494,25,43
802,494,25,43
802,494,26,43
802,494,26,43
802,494,26,43
802,494,26,43
802,494,25,43
803,494,25,43
803,494,24,43
803,494,25,44
803,494,25,44
803,494,26,45
803,494,26,45
803,494,26,45
803,494,26,45
804,494,26,45
804,494,26,45
805,494,26,45
806,495,26,45
806,495,26,45
807,496,26,45
807,496,26,45
807,496,26,45
807,496,26,45
807,496,26,45
807,496,26,45
807,496,26,45
807,496,26,45
807,496,26,45
807,496,26,45
807,496,26,45
807,496,26,45
807,496,26,45
808,496,26,45
810,496,26,45
811,496,26,45
811,496,26,45
811,496,26,45
811,496,26,45
811,496,26,45
811,496,26,45
811,496,26,45
811,496,26,45
811,496,26,45
811,496,26,45
811,496,26,45
811,496,26,45
811,496,26,45
811,496,26,45
811,496,26,45
811,496,26,45
811,496,26,45
811,496,26,45
811,496,26,45
811,496,26,45
811,496,26,45
811,496,26,45
811,496,26,45
811,496,26,45
811,496,26,45
811,496,26,45
811,496,26,45
811,496,26,45
811,496,26,45
811,496,26,45
811,496,26,45
811,496,26,45
811,496,26,45
811,496,26,45
811,496,26,45
811,496,26,45
811,496,26,45
811,496,26,45
811,496,26,45
811,496,26,45
811,496,26,45
811,496,26,45
811,496,26,45
811,496,26,45
811,496,26,45
811,496,26,45
811,496,26,45
811,496,26,45
811,496,26,45
811,496,26,45
811,496,26,45
811,496,26,45
811,496,26,45
811,496,26,45
811,496,26,45
811,496,26,45
811,496,26,45
811,496,26,45
811,496,26,45
811,496,26,45
811,496,26,45
811,496,26,45
811,496,26,45
811,496,26,45
811,496,26,45
811,496,26,45
811,496,26,45
811,496,26,45
811,496,26,45
811,496,26,45
811,496,26,45
811,496,26,45
811,496,26,45
811,496,26,45
811,496,26,45
811,496,26,45
811,496,26,45
811,496,26,45
811,496,26,45
811,496,26,45
811,496,26,45
811,496,26,45
811,496,26,45
811,496,26,45
811,496,26,45
811,496,26,45
811,496,26,45
811,496,26,45
811,497,26,45
811,498,26,45
811,499,26,45
811,499,26,45
811,499,26,45
811,499,26,45
811,499,26,45
811,499,26,45
811,499,26,45
811,499,26,45
811,499,26,45
811,499,26,45
811,500,26,45
811,500,26,45
811,501,26,45
811,501,26,45
811,501,26,45
811,501,26,45
811,501,26,45
811,501,26,45
811,501,26,45
811,502,26,45
810,502,26,45
810,503,26,45
810,503,26,45
810,503,26,45
810,503,26,45
810,503,26,45
810,503,26,45
810,503,26,45
810,503,26,45
810,503,26,45
810,503,26,45
810,503,26,45
810,503,26,45
810,503,26,45
810,503,26,45
810,503,26,45
810,503,26,45
809,504,26,45
809,504,26,45
808,505,26,45
808,505,26,45
808,505,26,45
808,505,26,45
808,505,26,45
808,505,26,45
808,505,26,45
808,506,26,45
808,507,26,45
808,508,26,45
808,508,26,45
808,508,26,45
808,508,26,45
808,508,26,45
807,509,26,45
807,509,26,45
807,509,26,45
807,509,26,45
807,509,26,45
807,509,26,45
807,509,26,45
807,509,26,45
807,509,26,45
807,509,26,45
807,509,26,45
806,509,27,46
804,509,27,48
803,509,28,49
803,507,28,49
802,505,28,49
802,503,28,49
803,501,27,48
804,499,27,46
805,497,26,45
805,493,26,45
804,490,26,45
804,486,26,45
803,483,26,45
802,479,26,45
801,476,26,45
801,473,26,45
801,470,26,45
801,467,26,45
800,463,26,45
800,459,26,45
799,455,26,45
799,452,26,45
800,448,26,45
800,445,26,45
799,443,26,45
799,440,26,45
798,438,26,45
797,434,26,45
797,431,26,45
796,427,26,45
796,425,26,45
797,424,26,45
797,422,26,45
797,419,26,45
796,415,26,45
796,412,26,45
796,411,26,45
796,409,26,45
796,408,26,45
795,406,26,45
795,405,26,45
794,403,26,45
794,402,26,45
793,400,26,45
793,399,26,45
793,398,26,45
792,398,26,45
792,397,26,45
792,396,26,45
792,395,26,45
792,394,26,45
792,394,26,45
792,394,26,45
792,394,26,45
791,395,26,45
789,397,26,45
788,398,26,45
788,398,26,45
788,398,26,45
788,398,26,45
788,398,26,45
788,398,26,45
788,398,26,45
788,398,26,45
788,398,26,45
788,398,26,45
788,398,26,46
787,399,26,46
787,399,26,47
787,400,26,47
787,401,26,47
787,402,26,47
787,400,26,47
786,399,26,47
786,397,26,47
786,395,26,47
785,392,26,47
785,390,26,47
785,388,26,47
784,385,26,47
784,383,26,47
784,382,26,47
783,382,26,47
783,381,26,47
783,381,26,47
783,381,26,47
783,381,26,47
783,381,26,47
783,381,26,47
783,381,26,47
783,381,26,47
782,382,26,47
782,382,26,47
781,382,26,47
781,383,26,47
780,383,26,47
780,384,26,47
781,385,26,47
781,386,26,47
781,386,26,47
781,386,26,47
781,386,26,47
781,387,26,47
781,389,26,47
781,390,26,47
781,390,26,47
781,390,26,47
781,390,26,47
781,392,26,47
781,393,26,47
781,395,26,47
780,395,26,47
779,395,26,47
778,395,26,47
778,396,26,47
777,396,26,47
777,397,26,47
777,397,26,47
777,397,26,47
777,397,26,47
777,398,26,47
777,399,26,47
777,400,26,47
777,401,26,47
777,401,26,48
777,402,26,48
777,403,26,48
776,403,26,48
776,404,26,48
776,404,26,48
776,404,26,48
776,404,26,48
775,405,26,48
775,407,26,48
774,408,26,48
774,409,26,48
774,409,26,48
774,410,26,48
774,410,26,49
774,410,26,50
774,410,26,51
774,411,26,51
774,412,26,51
774,413,26,51
774,413,26,51
774,413,26,51
774,413,26,51
773,417,26,49
773,420,26,48
772,424,26,46
772,427,26,43
772,429,26,41
772,432,26,38
772,437,26,33
772,441,26,29
772,446,26,24
771,448,26,24
771,451,26,23
770,453,26,23
770,458,26,19
770,462,26,16
770,467,26,12
770,454,26,12
770,442,26,12
770,429,26,12
769,429,26,16
768,430,26,19
767,430,26,23
767,431,26,25
767,432,26,28
767,433,26,30
767,434,26,33
766,435,26,36
766,436,26,39
766,436,26,43
766,437,26,46
766,437,26,50
766,439,26,50
765,440,26,50
765,442,26,50
765,442,26,51
765,442,26,52
765,442,26,53
764,443,26,53
764,445,26,53
763,446,26,53
763,446,26,53
763,446,26,53
763,446,26,53
763,447,26,53
762,449,26,53
762,450,26,53
762,451,26,53
762,451,26,53
762,452,26,53
762,453,26,53
762,454,26,53
762,455,26,53
762,456,26,53
762,457,26,53
762,458,26,53
762,458,26,53
762,459,26,54
762,459,26,54
761,460,26,54
761,461,26,54
760,462,26,54
760,464,26,54
759,465,26,54
759,467,26,54
759,467,26,54
759,467,26,54
759,467,26,54
759,469,26,54
759,471,26,54
759,473,26,54
759,473,26,55
760,474,26,56
760,474,26,57
759,474,26,57
759,474,26,57
758,474,26,57
758,475,26,57
758,476,26,57
758,477,26,57
758,478,26,57
757,480,26,57
757,481,26,57
757,482,26,57
757,484,26,57
757,485,26,57
757,486,26,57
757,487,26,57
757,488,26,57
757,488,26,57
757,488,26,57
757,488,26,57
757,489,26,57
757,491,26,57
757,492,26,57
757,494,26,57
756,495,26,57
756,497,26,57
756,497,26,58
756,497,26,59
756,497,26,60
756,498,26,60
755,499,26,60
755,500,26,60
755,502,26,60
754,503,26,60
754,505,26,60
754,505,26,60
754,505,26,60
754,505,26,60
754,506,26,60
754,508,26,60
754,509,26,60
754,510,26,60
753,511,26,60
753,512,26,60
753,513,26,60
752,514,26,60
752,515,26,60
752,516,26,60
751,517,26,60
751,518,26,60
751,519,27,60
751,521,28,60
751,522,29,60
750,523,29,60
750,524,29,60
749,525,29,60
749,527,29,60
749,528,29,60
749,530,29,60
749,532,29,61
749,535,29,62
749,537,29,63
749,539,29,63
749,540,29,63
749,542,29,63
749,544,29,63
748,546,29,63
748,548,29,63
748,548,29,63
748,548,29,63
748,548,29,63
748,550,29,63
747,551,29,63
747,553,29,63
747,554,29,63
747,556,29,63
747,557,29,63
747,558,29,64
747,558,29,64
747,559,29,65
747,560,29,65
747,562,29,65
747,563,29,65
747,564,29,65
747,566,29,65
747,567,29,65
747,569,29,65
747,570,29,65
747,572,29,65
747,573,29,65
747,575,29,65
747,576,29,65
746,577,29,65
746,577,29,65
745,578,29,65
745,579,29,65
745,581,29,65
745,582,29,65
745,582,29,66
745,582,29,68
745,582,29,69
745,583,29,69
745,585,29,69
745,586,29,69
745,588,29,69
745,589,29,69
745,591,29,69
745,592,29,69
745,593,29,69
745,594,29,69
745,596,29,69
745,599,29,69
745,601,29,69
745,601,29,69
745,601,29,69
745,601,29,69
745,602,29,69
745,604,29,69
745,605,29,69
746,606,29,69
746,608,29,69
747,609,29,69
747,610,29,69
748,610,29,69
748,611,29,69
748,612,29,69
748,614,29,69
748,615,29,69
748,616,29,69
749,617,29,69
749,618,29,69
749,620,29,69
749,621,29,69
749,623,29,69
749,623,29,70
749,623,29,70
749,623,29,71
750,625,29,71
750,627,29,71
751,629,29,71
751,629,29,71
751,629,29,71
751,629,29,71
751,629,30,71
751,629,32,71
751,629,33,71
751,630,33,71
752,631,33,71
752,632,33,71
752,632,33,72
752,633,33,72
752,633,33,73
752,633,33,73
752,634,33,73
752,634,33,73
752,634,33,73
752,634,33,73
752,634,33,73
753,630,33,73
754,625,33,73
755,621,33,73
755,614,33,73
754,607,33,73
754,600,33,73
754,594,33,73
755,589,33,73
755,583,33,73
755,577,33,73
754,572,33,73
754,566,33,73
754,561,33,73
755,556,33,73
755,551,33,73
755,547,33,73
755,544,33,73
755,540,33,73
755,538,33,72
755,535,33,72
755,533,33,71
755,530,33,71
755,528,33,71
755,525,33,71
755,524,33,71
755,524,33,71
755,523,33,71
756,520,33,71
756,517,33,71
757,514,33,71
757,514,33,71
757,513,33,71
757,513,33,71
757,511,33,71
757,510,33,71
757,508,33,71
757,507,33,71
757,505,33,71
757,504,33,71
757,502,33,71
757,501,33,71
757,499,33,71
757,498,33,71
757,498,33,71
757,497,33,71
757,496,33,71
757,494,33,71
757,493,33,71
757,490,33,71
757,488,33,71
757,485,33,71
757,484,33,71
757,483,33,71
757,482,33,71
757,481,33,71
757,479,33,71
757,478,33,71
757,476,33,71
757,474,33,70
757,472,33,70
757,470,32,70
757,467,31,70
757,465,30,70
757,463,30,70
758,460,30,70
758,458,30,70
758,456,30,70
758,454,30,70
758,452,30,70
758,450,30,70
758,449,30,70
758,447,30,70
758,445,30,70
758,443,30,70
758,441,30,70
758,439,30,70
757,438,30,70
757,436,30,70
757,434,30,69
758,433,30,69
758,431,30,68
758,429,30,68
758,428,30,68
758,426,30,68
758,425,30,68
757,424,30,68
757,423,30,68
757,423,30,68
758,423,30,68
758,423,30,68
758,423,29,68
759,423,29,68
759,423,28,68
759,422,29,68
758,422,29,68
758,421,30,68
758,421,30,68
758,421,30,68
758,421,30,68
758,421,30,68
758,421,30,68
758,421,30,68
758,420,30,68
758,420,30,68
758,419,30,68
758,418,30,68
759,418,30,68
759,417,30,68
759,417,30,68
759,417,30,68
759,417,30,68
759,417,30,68
759,417,30,68
759,417,30,68
759,417,30,68
759,417,30,68
759,417,30,68
759,417,30,67
760,417,30,66
760,417,30,65
760,417,30,65
761,416,30,65
761,416,30,65
761,415,30,65
761,413,30,65
761,412,30,65
761,411,30,65
761,410,30,65
761,409,30,65
761,407,30,65
761,406,30,65
761,404,30,65
761,402,30,65
761,401,30,65
761,399,30,65
761,397,30,65
761,395,30,65
761,393,30,65
761,392,30,65
762,392,30,65
762,391,30,65
762,390,30,65
762,390,30,65
762,389,30,65
762,388,30,65
762,387,30,65
762,386,30,65
762,386,30,65
762,386,30,65
762,386,30,65
762,386,30,65
762,386,30,65
762,386,30,65
762,386,30,65
762,386,30,65
762,386,30,65
762,385,30,65
763,385,30,65
763,384,30,65
763,384,30,65
763,384,30,65
763,384,30,65
763,383,30,65
763,383,30,65
763,382,30,65
763,382,30,65
763,381,30,65
763,381,30,65
763,381,30,65
763,381,30,65
763,381,30,65
763,381,30,65
763,381,30,65
763,381,30,65
763,381,30,64
763,381,30,64
763,381,30,63
764,379,30,64
764,378,30,64
765,376,30,65
765,376,30,65
765,376,30,65
765,376,30,65
765,376,30,65
765,376,30,65
765,376,30,65
766,376,30,65
766,375,30,65
767,375,30,65
767,375,30,65
767,375,30,65
767,375,30,65
767,374,30,65
768,372,30,65
768,371,30,65
768,371,30,65
768,371,30,65
768,371,30,65
768,371,30,65
769,370,30,65
769,370,30,65
770,370,30,65
771,369,30,65
772,369,30,65
772,369,30,65
772,369,30,65
772,369,30,65
773,368,30,65
773,368,30,65
774,367,30,65
774,367,30,65
774,367,30,65
774,367,30,65
774,367,30,65
775,366,30,65
775,366,30,65
775,365,30,65
775,365,30,65
775,364,30,65
775,364,30,65
775,363,30,65
775,363,30,65
775,363,30,65
775,363,30,65
775,363,30,65
776,363,30,65
777,362,30,65
778,362,30,65
778,361,30,65
777,361,30,65
777,360,30,65
777,360,30,65
777,360,30,65
777,360,30,65
777,359,30,65
777,357,30,65
777,356,30,65
777,356,30,65
777,356,30,65
777,356,30,65
777,356,30,65
778,355,30,65
778,355,30,65
778,355,29,65
778,355,29,65
778,355,28,65
778,354,28,65
777,354,28,65
777,353,28,65
777,352,28,65
777,352,28,65
777,351,28,65
777,351,28,65
777,351,28,65
777,351,28,65
776,351,28,65
776,350,28,65
775,350,28,65
775,350,28,65
775,350,28,65
775,350,28,65
775,350,28,65
775,350,28,65
775,350,28,65
774,349,28,65
774,347,28,65
773,346,28,65
773,346,28,65
773,346,28,65
773,346,28,65
773,346,28,65
773,346,28,65
773,346,28,65
772,346,28,65
772,346,28,65
771,346,28,65
771,346,28,65
772,346,28,65
772,346,28,65
772,345,28,65
772,345,28,65
772,344,28,65
772,344,28,65
772,344,28,65
772,344,28,65
772,344,28,65
772,344,28,65
772,344,28,65
771,344,28,65
771,344,28,65
770,344,28,65
770,343,28,65
770,342,28,65
770,341,28,65
771,341,28,65
771,340,28,65
772,340,28,65
772,340,28,65
772,340,28,65
772,340,28,65
772,339,28,65
771,339,28,65
771,338,28,65
771,337,28,65
771,336,28,65
771,335,28,65
771,335,28,65
771,335,28,65
771,335,28,65
771,335,28,65
771,335,28,65
771,335,28,65
771,335,28,65
771,335,28,65
771,335,28,65
771,334,28,65
771,334,28,65
771,333,28,65
771,333,28,65
771,333,28,65
771,333,28,65
771,333,28,65
771,333,28,65
771,333,28,65
771,332,28,65
771,332,28,65
771,331,28,65
771,331,28,65
771,331,28,65
771,331,28,65
771,330,28,65
772,330,28,65
772,329,28,65
772,329,28,65
772,329,28,65
772,329,28,65
772,329,28,65
772,329,28,65
772,329,28,65
772,329,28,65
772,329,28,65
772,329,28,65
772,329,28,65
772,329,28,65
772,329,28,65
772,328,30,65
772,327,31,65
772,326,33,65
772,326,33,65
772,326,33,65
772,326,33,65
773,326,33,65
774,325,33,65
775,325,33,65
775,324,33,65
776,324,33,65
776,323,33,65
776,323,33,65
775,324,33,65
775,324,33,65
775,323,33,65
775,322,33,65
775,321,33,65
775,321,33,65
775,321,33,65
775,321,33,65
776,321,33,65
777,321,33,65
778,321,33,65
778,321,33,65
778,321,33,65
778,321,33,65
779,320,33,66
780,320,33,66
781,319,33,67
781,318,33,67
781,318,33,67
781,317,33,67
781,317,33,67
782,316,33,67
782,316,33,67
782,316,33,67
783,316,33,67
783,316,33,67
783,315,33,67
784,315,33,67
784,314,33,67
784,314,33,67
785,314,33,67
785,314,33,67
785,313,33,67
785,312,33,67
785,311,33,67
786,310,33,67
786,310,33,67
787,309,33,67
787,309,33,67
787,309,33,67
787,309,33,67
787,309,33,67
787,309,33,67
787,309,33,67
787,308,33,67
788,307,33,67
788,306,33,67
788,306,33,67
788,306,33,67
788,306,33,67
788,305,33,67
788,304,33,67
788,303,33,67
789,303,33,67
790,303,33,67
791,303,33,67
791,302,33,67
792,301,33,67
792,300,33,67
792,300,33,67
792,300,33,67
792,300,33,67
792,300,33,67
792,300,33,67
792,300,33,67
792,299,33,67
793,299,33,67
793,298,33,67
794,297,33,67
794,297,33,67
795,296,33,67
796,295,33,67
796,294,33,67
797,293,33,67
797,292,33,67
797,292,33,67
797,291,33,67
798,291,33,67
798,290,33,66
799,290,33,66
799,290,33,66
799,290,33,66
799,290,33,66
799,289,33,66
800,287,33,66
800,286,33,66
800,286,33,66
801,286,33,66
801,286,33,66
801,285,33,66
801,284,33,66
801,283,33,66
801,282,33,66
802,282,33,66
802,281,33,66
802,281,33,66
802,281,33,66
802,281,33,66
802,280,33,66
803,280,33,66
803,279,33,66
803,279,33,66
803,279,33,66
803,279,33,66
803,278,33,66
804,276,33,66
804,275,33,66
804,274,33,66
805,273,33,66
805,272,33,66
805,271,33,66
806,270,33,66
806,269,33,66
806,268,33,66
807,268,33,66
807,267,33,66
807,267,33,66
807,267,33,66
807,267,33,66
807,266,33,66
808,264,33,66
808,263,33,66
807,262,33,66
806,261,33,66
805,260,33,66
805,260,33,66
805,260,33,66
805,260,33,66
805,259,33,66
806,258,33,66
806,257,33,66
806,256,33,66
806,254,33,66
806,253,33,66
806,253,33,66
806,253,33,66
806,253,33,66
806,252,33,66
806,251,33,66
806,250,33,66
806,249,33,66
806,247,33,66
806,246,33,66
806,246,33,66
806,246,33,66
806,246,33,66
806,246,33,66
806,246,33,66
806,246,33,66
806,244,33,66
805,243,33,66
805,241,33,66
805,240,33,66
805,240,33,66
805,239,33,66
805,239,33,66
805,239,33,66
805,239,33,66
805,238,33,66
804,236,33,66
804,235,33,66
804,234,33,66
804,234,33,66
804,233,33,66
804,233,33,66
804,233,33,66
804,233,33,66
803,232,33,66
803,231,33,66
802,230,33,66
802,230,33,65
802,229,33,65
802,229,33,64
802,229,33,64
802,229,33,64
802,229,33,64
802,228,33,64
802,227,33,64
802,226,33,64
801,226,33,65
801,225,33,65
800,225,33,66
800,225,33,66
800,225,33,66
800,225,33,66
800,224,33,66
800,224,33,66
800,223,33,66
800,222,33,66
800,221,33,66
800,220,33,66
799,220,33,66
799,219,33,66
798,219,33,66
798,219,33,66
798,218,33,66
798,218,33,66
798,217,33,66
798,217,33,66
798,216,33,66
798,216,33,66
797,216,33,66
797,216,33,66
797,216,33,66
797,216,33,66
797,216,33,66
797,216,33,66
797,216,33,66
797,216,33,66
797,216,33,66
797,216,33,66
797,216,33,66
797,216,33,66
797,216,33,66
797,216,33,66
797,216,33,66
797,215,33,66
797,215,33,66
797,215,33,66
797,214,33,66
797,214,33,66
797,214,33,66
797,213,33,66
797,213,33,66
797,213,33,66
797,213,33,66
797,213,33,66
796,213,34,66
795,213,34,66
794,213,35,66
794,212,35,66
794,212,35,66
794,211,35,66
794,211,35,66
794,211,35,66
794,211,35,66
794,211,35,66
794,211,35,66
794,211,35,66
794,211,35,66
794,211,35,66
794,211,35,66
794,211,35,66
794,211,35,66
794,211,35,66
794,210,35,66
794,209,35,66
794,208,35,66
794,208,35,66
794,208,35,66
794,208,35,66
794,208,35,66
794,208,35,66
794,208,35,66
794,207,35,67
794,207,35,67
794,206,35,68
794,206,35,68
794,206,35,68
794,206,35,68
794,205,35,68
793,205,35,68
793,204,35,68
793,202,36,68
792,200,37,68
792,198,38,68
792,197,38,69
792,195,38,69
792,194,38,70
792,192,38,70
792,191,38,70
792,189,38,70
792,187,38,70
792,186,38,70
792,184,38,70
792,182,38,70
793,180,38,70
793,178,38,70
793,175,38,70
793,172,38,70
793,169,38,70
793,165,38,70
792,161,38,70
792,157,38,70
793,153,38,70
793,148,38,70
794,144,38,70
794,141,38,70
793,138,38,70
793,135,38,70
793,134,38,70
792,134,38,70
792,133,38,70
792,133,38,70
792,133,38,70
792,133,38,70
792,133,38,71
792,133,38,72
792,133,38,73
792,135,38,73
793,136,38,73
793,138,38,73
793,140,38,73
792,141,38,73
792,143,38,73
792,145,38,73
792,147,38,73
792,149,38,73
792,152,38,73
792,156,38,73
792,159,38,73
792,161,38,73
792,162,38,74
792,164,38,74
792,166,38,74
793,167,38,74
793,169,38,74
793,171,38,74
793,172,38,74
793,174,38,74
793,176,38,74
793,179,38,73
793,181,38,73
793,182,38,73
792,183,38,73
792,184,38,73
792,185,38,72
792,185,38,72
792,186,38,71
792,186,38,71
792,186,38,71
792,186,38,71
792,185,38,72
792,185,38,72
792,184,38,73
793,182,38,73
794,181,38,73
795,179,38,73
796,178,38,73
796,178,38,73
797,177,38,73
797,176,38,73
797,176,37,73
797,175,37,73
797,174,37,73
797,173,37,73
797,172,37,73
797,172,37,72
797,171,37,72
797,171,37,71
796,170,37,71
795,170,37,71
794,169,37,71
794,168,37,71
794,167,37,71
794,166,37,71
794,166,37,71
793,165,38,71
793,165,38,71
792,165,38,71
791,164,38,71
790,164,38,71
790,164,38,71
790,164,38,71
790,164,38,71
789,163,38,71
788,163,38,71
787,162,38,71
786,162,38,71
785,162,38,71
784,162,38,71
783,162,38,71
783,163,38,71
782,163,38,71
780,163,38,71
779,163,38,71
777,163,38,71
