613,363,188,209
613,364,188,209
613,365,188,209
613,366,188,209
613,366,188,209
614,366,188,209
614,366,188,209
615,367,188,209
616,367,187,209
617,368,187,209
617,368,187,210
617,368,188,211
617,368,188,212
617,368,188,212
618,368,188,212
618,368,188,212
618,368,188,213
618,368,188,213
618,368,188,214
618,368,189,214
617,368,190,214
617,368,191,214
618,368,190,214
619,368,189,214
620,368,188,214
620,368,188,214
620,368,188,214
620,368,188,214
620,368,188,214
620,368,188,214
620,368,188,214
621,368,187,214
621,368,187,214
622,368,186,214
622,368,186,214
622,368,186,214
622,368,186,214
622,368,187,214
622,368,187,214
622,368,188,214
622,368,188,213
622,368,188,211
622,368,188,210
622,368,188,210
622,368,188,210
622,368,188,210
622,368,188,210
622,368,188,210
622,368,188,210
622,368,188,210
623,368,187,210
623,368,187,210
623,368,187,210
623,368,187,210
623,368,187,210
623,368,187,209
623,368,187,209
623,368,187,208
623,368,187,208
623,368,187,208
623,368,187,208
623,368,187,208
623,368,187,208
623,368,187,208
623,368,187,208
623,368,187,208
623,368,187,208
623,368,187,208
623,368,188,208
623,368,188,208
623,368,188,208
623,368,188,208
623,368,188,208
622,368,188,209
622,368,188,210
621,368,188,211
621,368,188,211
620,368,187,211
620,368,187,211
619,368,187,211
619,368,187,211
618,368,187,211
617,368,187,211
617,369,187,211
616,369,187,211
615,369,187,211
614,369,187,211
613,369,187,211
613,369,187,211
612,369,187,211
612,369,187,211
611,369,187,211
609,368,187,211
608,368,187,211
608,368,187,211
607,368,187,211
607,368,187,211
607,367,186,210
606,367,184,210
606,366,183,209
605,365,183,209
604,365,183,209
603,364,183,209
602,364,183,208
602,364,183,206
601,364,183,205
600,363,183,205
599,362,182,205
598,361,182,205
597,361,182,204
597,361,181,202
596,361,181,201
595,360,181,201
594,358,180,201
593,357,180,201
593,356,179,200
592,356,178,198
592,355,177,197
591,354,177,195
589,354,176,194
588,353,176,192
588,352,175,191
588,350,174,191
588,349,173,190
587,348,172,188
585,348,172,187
584,347,171,185
584,346,170,184
583,344,170,183
583,343,169,182
583,342,167,181
582,341,166,179
582,340,164,178
581,339,163,176
580,337,163,175
579,336,162,173
578,335,161,172
578,334,161,172
577,333,160,171
577,331,159,170
576,330,157,168
576,328,156,167
575,327,156,166
574,326,156,165
573,325,156,164
573,324,154,162
573,324,152,161
573,323,150,159
573,322,149,158
572,321,148,156
572,320,147,155
573,319,147,154
573,319,146,152
574,318,146,151
576,318,145,149
579,317,144,148
581,317,143,146
583,317,143,145
584,317,143,144
586,317,143,143
588,316,141,142
590,314,140,142
592,313,138,141
592,312,138,140
592,312,138,139
592,311,138,138
592,311,138,137
593,311,137,137
593,311,137,136
593,311,135,135
593,311,134,133
593,311,132,132
593,311,132,131
593,311,131,129
593,311,131,128
593,310,130,127
593,308,129,127
593,307,128,126
593,306,127,125
593,304,127,124
593,303,126,123
593,302,126,123
593,300,126,123
593,299,126,123
593,298,125,122
593,297,125,120
593,296,124,119
593,295,123,118
593,294,123,118
593,293,122,117
593,293,122,117
593,293,122,117
593,293,122,117
594,295,121,116
594,296,119,115
595,298,118,114
595,299,118,113
595,301,118,111
595,302,118,110
595,302,117,110
596,303,117,109
596,303,116,109
596,304,116,109
596,305,116,108
596,306,116,108
596,306,116,108
597,307,115,108
597,307,115,108
597,307,114,108
597,308,114,107
597,308,113,107
597,308,113,106
598,308,112,105
598,308,112,104
599,308,111,103
600,308,111,102
601,308,110,101
601,307,110,101
601,307,110,102
601,306,110,102
602,305,110,101
602,305,109,100
603,304,109,99
603,304,108,99
604,303,108,98
604,303,107,98
604,302,107,98
605,302,107,97
605,301,107,97
606,300,107,96
606,300,106,96
607,299,106,95
607,299,106,95
607,298,106,95
607,298,106,95
608,298,106,95
608,298,105,95
609,298,105,95
610,298,104,95
610,298,104,95
611,298,103,95
611,298,103,95
612,299,103,95
612,299,103,95
612,299,103,95
613,300,103,95
613,300,103,95
613,300,103,95
613,300,103,95
613,300,103,95
613,300,103,95
614,299,103,94
614,299,103,94
615,299,103,94
615,298,103,94
616,298,103,94
616,298,103,94
616,298,103,94
616,298,103,94
617,298,103,94
617,297,102,93
618,297,102,93
618,297,102,93
618,297,102,92
618,297,102,92
618,297,102,92
618,296,102,92
618,296,102,92
618,296,102,92
618,296,102,92
618,296,102,92
618,296,102,92
618,296,102,92
618,296,102,92
618,296,102,92
618,296,102,92
618,296,102,92
618,296,102,92
618,296,102,91
618,296,102,91
618,296,102,91
618,296,102,91
618,296,102,91
618,296,102,91
618,296,102,91
618,296,102,91
618,296,102,91
618,296,102,91
618,296,102,91
618,296,102,91
617,297,103,91
617,297,103,91
617,297,103,91
617,297,103,91
617,297,103,91
617,297,103,91
617,297,103,91
617,297,103,91
616,297,103,91
616,297,104,92
615,297,104,92
614,297,105,92
614,297,105,92
613,297,106,92
613,297,106,92
613,297,106,92
613,297,106,92
612,297,106,92
612,297,106,92
611,297,106,92
610,297,107,92
609,297,107,92
608,297,108,92
607,297,108,92
607,297,108,92
606,297,108,92
605,297,109,92
604,297,109,92
603,297,110,92
603,297,110,92
602,297,109,91
602,297,109,91
601,297,109,91
600,296,110,91
599,296,110,91
598,296,110,91
598,296,110,91
597,296,110,91
596,295,110,91
595,295,110,91
594,294,110,91
593,294,110,91
593,294,110,91
592,294,110,91
591,294,110,91
589,293,110,91
588,293,110,91
587,293,110,91
587,293,109,91
586,293,109,91
585,293,109,91
584,293,109,91
583,293,109,91
582,293,109,91
580,292,110,91
579,292,110,91
578,292,110,91
577,292,110,91
576,292,110,91
575,292,110,91
574,292,110,91
573,292,110,91
572,291,109,92
571,291,109,92
570,290,108,93
569,290,108,93
567,290,108,93
566,290,108,93
565,289,108,93
564,289,107,94
563,288,107,94
562,288,107,94
560,288,107,94
559,288,107,94
558,287,107,94
556,287,107,94
555,286,107,94
554,286,106,93
554,287,106,93
553,287,105,92
551,287,105,92
550,287,105,92
548,287,105,92
546,287,105,92
545,287,106,92
543,287,106,92
541,287,106,92
540,287,106,92
538,287,106,92
537,287,106,92
535,286,106,93
534,286,106,93
533,286,106,93
532,286,106,93
531,286,106,93
529,286,106,93
528,286,107,93
526,286,107,93
524,286,107,93
523,286,107,93
521,286,107,93
520,286,107,93
518,285,107,93
517,285,107,93
516,285,107,93
514,285,107,93
513,285,107,93
512,284,107,93
511,284,107,94
510,283,107,94
509,283,107,94
507,283,107,94
506,283,107,94
505,283,107,94
503,282,107,94
502,282,107,94
501,282,107,94
501,282,107,94
500,282,107,94
498,282,108,94
496,282,108,94
494,282,109,94
493,282,110,94
493,281,112,95
492,281,113,95
491,281,113,95
489,281,114,95
488,281,114,95
487,281,114,95
487,281,114,95
486,281,114,95
485,281,115,95
483,281,116,95
482,281,117,95
481,281,117,94
480,281,117,94
479,281,117,93
478,281,117,93
478,281,118,93
477,281,118,93
477,281,118,93
476,281,118,93
476,281,118,93
475,280,118,94
475,279,118,96
474,278,118,97
474,278,118,97
473,278,118,97
473,278,118,97
472,278,119,96
470,278,119,96
469,278,120,95
468,278,121,95
467,277,122,96
466,277,123,96
465,277,124,96
465,277,124,96
464,277,125,96
464,277,125,96
463,276,125,96
463,276,125,96
463,276,125,96
463,276,125,96
463,276,125,96
462,276,125,96
462,276,125,96
461,276,125,96
461,276,125,96
461,276,125,96
461,276,125,96
460,275,125,96
460,274,125,96
459,273,125,96
459,273,125,96
459,273,125,96
459,273,125,96
460,272,125,96
460,272,125,96
461,271,125,96
461,271,125,96
461,271,125,96
461,271,125,96
461,270,125,96
461,270,125,96
461,269,125,96
462,269,125,96
462,268,125,96
463,268,125,96
463,268,125,96
464,268,125,96
464,268,125,96
465,268,124,96
466,268,124,96
467,268,123,96
467,267,123,96
467,267,123,96
467,266,123,96
468,266,123,96
469,265,123,96
470,265,123,96
471,264,123,96
472,264,122,96
473,263,122,96
474,263,122,96
474,263,121,96
475,263,121,96
475,263,121,96
475,263,121,96
475,263,121,96
476,262,121,96
477,260,121,96
478,259,121,96
478,259,121,96
478,259,121,96
478,259,121,96
478,258,121,96
479,258,121,96
479,257,121,96
480,257,121,96
480,258,121,95
481,258,121,95
481,258,121,95
481,258,121,95
481,258,121,95
481,258,121,94
482,258,121,94
482,258,121,93
482,258,121,93
483,257,121,92
483,257,121,92
483,257,121,92
483,257,121,92
483,257,121,92
485,256,120,92
486,256,119,92
488,255,118,92
488,255,118,92
488,255,118,92
488,255,118,92
488,254,118,92
488,254,118,92
488,253,118,92
488,253,118,92
488,253,118,92
488,253,118,92
488,253,118,92
488,253,118,92
488,253,118,92
488,253,118,92
488,253,118,92
488,253,118,92
488,253,118,92
488,252,118,92
488,252,118,92
488,252,118,92
488,252,118,92
488,252,118,92
488,252,118,92
488,252,118,92
488,252,118,92
488,252,118,92
489,252,118,92
489,252,118,92
489,252,118,92
489,252,118,92
489,252,118,92
489,252,118,92
489,252,118,92
489,252,118,92
489,252,118,92
489,252,118,92
489,252,118,92
489,252,118,92
489,252,118,92
489,252,118,92
489,252,118,92
489,253,118,92
489,253,118,92
489,253,118,92
489,253,118,92
489,253,118,92
489,253,118,92
489,253,118,92
489,253,118,92
489,253,118,92
489,253,118,92
489,253,118,92
489,253,118,92
489,253,118,93
489,253,118,93
489,253,118,93
489,253,118,93
489,253,118,93
489,253,118,93
488,253,118,93
488,253,118,93
488,253,118,93
487,253,118,93
487,253,118,93
486,253,118,93
486,253,118,93
485,253,118,93
485,253,118,93
484,253,119,93
484,253,119,93
484,253,119,93
483,253,119,93
483,253,119,93
482,253,120,93
481,253,121,93
480,253,122,93
479,253,122,93
479,253,122,93
478,253,122,93
478,253,122,93
477,253,122,93
477,253,122,93
477,253,122,93
476,253,122,93
476,253,122,93
475,253,122,93
475,253,122,94
474,253,122,94
473,253,122,94
473,253,122,94
472,253,122,94
471,253,122,94
471,253,122,94
470,253,122,94
469,253,123,94
469,253,123,94
468,253,124,94
467,253,124,94
465,253,124,94
464,253,124,94
464,253,124,94
463,253,124,94
463,253,124,94
462,253,124,94
461,253,124,94
460,253,124,94
459,253,125,94
458,253,126,94
457,253,127,94
456,253,127,94
455,253,127,94
454,253,127,94
453,253,127,94
453,253,127,94
452,253,127,94
452,253,127,94
451,253,127,94
451,253,127,94
450,253,127,94
450,253,127,94
449,253,127,94
449,253,128,94
448,253,128,94
448,253,129,94
447,253,130,94
445,253,131,94
444,253,132,94
444,253,132,94
444,253,132,94
444,253,132,94
444,253,132,94
443,253,132,94
443,253,132,94
443,251,132,95
443,250,132,97
443,248,132,98
443,248,132,98
443,248,132,98
443,248,132,98
443,248,132,98
442,248,133,98
442,248,133,98
442,248,133,98
442,248,133,98
442,248,133,98
442,248,133,98
441,247,133,98
441,247,133,98
441,247,133,98
441,247,133,98
441,247,133,98
441,247,133,98
440,247,134,98
440,247,134,98
440,246,134,98
440,246,134,98
440,245,134,98
440,245,134,98
440,245,134,98
440,245,134,98
439,245,135,98
439,245,135,98
438,245,136,98
438,245,136,98
438,245,136,98
438,245,136,98
438,245,136,97
438,245,136,96
438,245,136,95
438,244,136,95
438,244,136,95
438,243,136,95
439,243,136,95
441,243,137,95
442,243,137,95
442,243,137,95
442,243,137,96
442,243,137,96
442,243,137,96
442,243,137,96
442,243,137,96
442,242,137,97
442,241,137,97
442,240,137,98
442,239,137,98
442,239,137,98
442,238,137,98
442,238,137,98
442,238,137,98
442,238,137,98
441,238,138,98
440,238,138,98
439,238,139,98
439,238,139,98
439,237,139,98
439,237,139,98
439,237,139,97
439,237,138,97
439,237,138,96
439,237,138,96
439,237,138,96
439,237,138,96
439,236,138,96
438,236,138,96
438,235,138,96
438,234,138,96
438,234,138,96
438,233,138,96
438,233,138,96
437,232,138,96
437,232,138,96
437,232,138,96
437,232,138,96
437,232,138,96
437,231,138,96
437,230,138,96
437,229,138,96
437,229,138,96
437,229,138,96
437,229,138,96
