537,350,97,218
536,353,97,218
535,357,97,218
534,360,97,218
534,362,97,219
534,363,97,221
534,365,97,222
534,366,97,222
534,368,97,222
534,369,97,222
534,373,97,222
533,377,97,222
533,381,97,222
533,384,97,222
532,386,97,222
532,389,97,222
532,391,97,222
532,393,97,222
532,395,97,222
532,397,97,222
533,400,97,222
533,402,97,222
532,404,97,224
532,406,97,226
531,408,97,228
530,410,97,228
530,413,98,228
529,415,98,228
529,418,98,228
528,420,99,228
528,423,99,228
528,425,99,228
528,427,99,228
528,429,99,228
528,432,99,228
527,434,99,228
527,437,99,228
527,439,99,228
527,440,99,228
527,442,99,228
526,444,99,228
526,445,99,228
525,447,99,228
524,447,100,228
524,447,100,228
523,447,101,228
523,448,101,228
523,448,101,228
523,449,101,228
522,449,102,228
522,449,102,228
521,449,103,228
521,449,103,228
521,450,103,229
521,450,103,229
521,450,103,229
521,451,103,229
521,451,103,229
520,451,104,229
519,451,105,229
518,451,106,229
518,452,106,229
518,452,107,229
518,453,107,229
518,453,107,229
518,453,107,229
518,453,107,229
518,453,107,229
517,453,108,229
517,453,108,229
517,453,108,229
517,453,108,229
517,453,108,229
516,453,109,230
514,454,111,232
513,454,112,233
513,454,112,233
513,454,112,233
513,454,112,233
513,454,112,233
513,455,112,233
513,455,112,233
513,455,112,233
513,455,112,233
513,455,112,233
513,455,112,233
512,455,112,233
512,455,112,233
512,452,112,233
512,450,112,233
512,447,112,233
512,443,112,233
512,440,112,233
512,436,112,233
512,433,112,233
513,429,112,233
513,426,112,233
513,424,112,233
513,421,112,233
513,419,112,233
513,416,112,233
513,414,112,233
513,411,112,233
513,409,113,233
512,408,115,233
512,406,116,233
512,406,116,233
512,406,116,233
512,406,116,233
512,406,116,233
512,406,116,233
512,406,116,233
512,406,116,233
512,406,116,233
512,406,116,233
512,406,116,233
512,406,116,233
512,406,116,233
512,406,116,233
512,406,116,233
512,406,116,233
512,406,117,233
512,406,117,233
512,406,118,233
512,406,118,233
512,406,118,233
512,406,118,233
512,406,119,233
512,406,119,233
512,406,120,233
512,406,120,233
512,406,120,233
512,406,120,233
512,406,120,233
513,406,120,233
513,406,120,233
513,406,120,233
514,406,120,233
514,406,120,233
515,406,120,233
515,406,120,233
516,406,120,233
516,406,120,233
516,406,120,233
516,406,120,233
516,406,120,233
517,405,120,233
517,405,120,233
518,405,120,233
518,405,120,233
519,405,120,233
519,404,120,233
520,404,120,233
520,403,120,233
520,401,120,233
521,400,120,233
521,398,120,233
522,397,120,233
522,397,120,233
523,396,120,233
523,396,120,233
523,396,120,233
523,396,120,233
524,396,120,233
525,396,120,233
526,396,120,233
526,396,120,233
526,396,120,233
526,396,120,233
526,396,120,233
527,396,120,233
527,396,120,233
527,396,120,233
528,396,120,233
528,396,120,233
529,396,120,233
530,396,120,233
531,396,120,233
531,396,120,233
532,396,120,233
532,396,120,233
532,396,120,233
533,397,120,233
533,397,120,233
534,397,120,233
535,397,120,233
536,397,120,233
537,397,120,233
537,398,120,233
538,398,120,233
539,398,120,233
539,397,120,233
540,397,120,233
541,397,120,233
542,396,120,233
543,396,120,233
543,396,120,233
543,396,120,233
543,396,120,233
544,396,120,233
546,396,120,233
547,396,120,233
548,396,120,233
549,396,120,233
550,396,120,233
551,396,120,233
552,396,120,233
553,396,120,233
553,396,120,233
553,396,120,233
553,396,120,233
554,395,120,233
555,394,120,233
556,393,120,233
556,393,120,233
557,393,120,233
557,393,120,233
558,393,120,233
558,393,120,233
559,393,120,233
560,392,120,233
561,392,120,233
562,391,120,233
562,391,120,233
563,391,120,233
563,391,120,233
564,391,120,233
565,391,120,233
566,391,120,233
566,390,120,233
567,390,120,233
567,389,120,233
567,389,120,233
568,389,120,233
568,389,120,233
568,388,120,233
568,388,120,233
568,387,120,233
569,387,120,233
570,386,120,233
571,386,120,233
572,386,120,233
572,386,120,233
573,386,120,233
574,386,120,233
576,386,120,233
577,386,120,233
577,386,120,233
578,386,120,233
578,386,120,233
579,385,120,233
579,385,120,233
580,384,120,233
581,384,120,233
582,383,120,233
583,383,120,233
584,383,120,232
585,383,120,232
586,383,120,231
587,383,120,231
587,383,120,231
588,383,120,231
589,382,120,231
590,382,120,231
591,381,120,231
592,381,120,231
592,380,120,231
593,380,120,231
594,380,120,231
595,379,120,231
596,379,120,231
597,379,120,231
597,379,120,231
598,379,120,231
599,378,120,231
599,378,120,231
600,377,120,231
601,377,120,231
602,376,120,231
603,376,120,231
604,376,120,231
605,376,120,231
606,376,120,231
607,376,120,231
607,375,120,231
608,375,120,231
609,375,120,231
611,375,120,231
612,375,120,231
612,375,120,231
613,375,120,231
613,375,120,231
614,376,120,231
614,376,120,231
615,377,120,231
616,377,120,231
617,378,120,231
618,378,120,231
619,379,120,231
619,380,120,231
620,381,120,231
621,381,119,232
623,381,119,232
624,381,118,233
625,382,118,233
626,383,118,233
627,384,118,233
628,385,118,233
629,386,118,233
630,387,118,233
631,388,118,233
632,389,118,233
633,390,118,233
634,390,118,233
636,391,118,233
637,391,118,233
638,392,118,233
638,393,118,233
639,394,118,233
640,395,117,233
642,395,115,233
643,396,114,233
644,396,114,233
644,396,114,233
645,396,114,233
646,396,114,233
647,396,114,233
648,396,114,233
650,396,114,233
651,396,114,233
653,396,114,233
654,396,113,233
656,395,111,233
657,395,110,233
657,394,110,233
658,392,110,233
658,391,110,233
659,391,110,233
661,391,110,233
662,391,110,233
663,390,110,233
663,390,110,233
664,389,110,233
665,388,110,233
665,388,110,233
666,387,110,233
667,386,110,233
668,386,110,233
669,385,110,233
669,385,110,233
670,385,110,233
670,385,110,233
671,384,110,233
671,382,110,233
672,381,110,233
673,381,109,233
674,381,108,233
675,381,107,233
676,380,107,233
677,379,107,233
678,378,107,233
679,377,107,233
680,377,107,233
681,376,107,233
681,376,106,233
681,376,106,233
681,376,105,233
682,374,105,233
682,373,105,233
683,371,105,233
683,370,105,233
684,370,105,233
684,369,105,233
684,368,105,233
685,367,105,233
685,366,105,233
686,365,105,233
686,364,105,233
687,363,105,233
687,362,105,233
687,362,105,233
687,361,105,233
688,361,105,232
688,360,104,231
689,360,104,230
689,359,104,230
690,358,104,230
690,357,104,230
690,356,104,230
691,354,104,230
691,353,104,230
692,352,103,229
693,351,103,229
694,350,102,228
694,349,102,228
694,347,102,228
694,346,102,228
695,345,102,227
695,343,102,227
696,342,102,226
696,341,102,226
696,339,102,225
696,338,102,225
696,337,102,225
696,335,102,225
696,334,102,225
696,332,102,225
696,330,102,225
696,328,102,225
696,327,102,225
696,326,102,225
696,325,102,225
696,324,102,223
697,322,102,222
697,321,102,220
697,319,102,220
698,316,102,220
698,314,102,220
698,312,102,220
698,310,102,220
698,308,102,220
698,306,102,219
697,305,102,219
697,303,102,218
697,302,102,217
696,301,102,215
696,300,102,214
696,298,102,213
697,297,102,213
697,295,102,212
697,293,102,212
697,290,102,212
697,288,102,212
697,287,102,211
697,286,103,209
697,285,103,208
697,282,103,208
696,280,103,208
696,277,103,208
696,275,103,207
696,274,103,207
696,272,103,206
695,270,103,205
695,268,103,205
694,266,103,204
694,264,103,204
693,263,103,204
693,261,103,204
693,261,103,202
693,261,103,200
693,261,103,198
693,261,103,198
692,260,103,198
692,260,103,198
692,259,103,198
692,259,103,197
692,258,103,197
692,257,103,197
691,257,103,197
691,256,103,197
690,257,103,196
690,257,103,195
689,258,103,194
689,259,103,193
688,261,103,191
688,262,103,190
688,263,103,189
687,265,103,189
687,266,103,188
687,268,103,188
687,269,103,188
687,271,103,188
686,272,102,187
686,273,102,185
685,274,101,184
685,276,101,183
684,277,101,183
684,279,101,182
684,280,101,182
683,282,101,182
683,283,101,182
683,284,101,181
682,285,100,179
682,286,100,178
682,286,99,178
682,286,99,178
682,286,98,178
681,287,98,177
680,289,98,175
679,290,98,174
679,290,98,174
679,291,98,174
679,291,98,174
679,292,98,173
679,292,97,172
679,293,97,171
679,295,97,170
678,296,97,168
678,298,97,167
678,298,97,167
677,298,97,167
677,298,97,167
677,299,97,166
676,299,96,165
676,300,96,164
676,302,95,162
676,303,94,161
676,305,93,159
676,306,93,158
676,308,93,157
676,309,93,156
675,311,93,156
673,313,93,156
672,315,93,156
672,317,93,156
672,319,93,156
672,321,93,156
671,323,93,155
671,326,93,154
670,328,93,153
670,331,93,152
669,333,92,150
669,336,92,149
669,338,91,149
669,340,91,149
669,342,90,149
669,345,90,148
668,347,90,147
668,350,90,146
668,352,90,146
668,354,89,146
668,356,89,146
667,359,89,145
667,361,89,143
666,364,89,142
665,366,89,142
665,369,88,142
664,371,88,142
664,373,88,141
664,374,88,139
664,376,88,138
664,379,88,137
663,381,88,136
663,384,88,135
663,386,88,135
663,387,87,135
663,389,87,135
663,391,87,134
662,393,87,134
662,395,87,133
662,397,86,133
663,399,84,133
663,401,83,133
663,403,83,131
662,406,83,130
662,408,83,128
662,411,83,128
661,413,83,128
661,416,83,128
660,418,83,128
660,421,83,128
659,423,83,128
660,426,82,126
660,428,82,125
661,431,81,123
661,434,80,122
660,436,80,121
660,439,79,120
660,441,79,120
660,443,79,120
660,445,79,120
660,447,79,119
660,449,79,119
660,451,79,118
659,453,79,116
659,454,79,115
658,456,79,113
658,458,79,113
658,461,79,113
658,463,79,113
657,465,79,113
657,468,79,113
656,470,79,113
656,472,78,112
656,474,78,112
656,476,77,111
656,478,77,111
656,481,77,111
656,483,77,111
655,485,77,111
655,487,77,111
654,489,77,111
654,492,77,110
653,494,77,108
653,497,77,107
653,499,77,107
653,502,77,107
653,504,77,107
653,506,77,107
653,509,77,107
653,511,77,107
653,514,76,106
652,516,76,105
652,519,75,104
652,521,75,103
651,524,75,103
651,526,75,102
651,529,74,102
651,531,74,102
651,534,73,102
651,537,73,102
651,540,73,102
651,543,73,102
651,545,73,102
650,547,73,102
650,549,73,102
650,552,73,101
650,555,73,100
650,558,73,99
650,561,73,99
650,563,73,99
650,566,73,99
650,568,72,99
650,571,72,98
650,573,71,98
650,576,71,98
649,578,71,98
649,581,71,98
649,582,71,97
649,582,71,96
649,583,71,95
649,583,71,95
649,583,71,95
649,583,71,95
649,583,71,95
649,583,71,95
649,583,71,95
649,583,70,94
649,583,70,93
649,583,69,92
649,582,69,92
649,581,68,92
649,580,68,92
649,579,68,91
648,577,68,91
648,576,68,90
648,575,68,89
647,574,68,89
647,573,68,88
647,572,68,88
647,571,68,88
647,570,68,88
647,569,67,87
647,568,67,85
647,567,66,84
647,566,66,84
646,565,66,84
646,564,66,84
646,563,66,84
646,562,66,84
646,561,66,84
646,559,66,83
646,558,66,83
646,556,66,82
646,555,65,82
646,555,64,82
646,554,63,82
646,553,63,81
645,552,63,80
645,551,63,79
645,550,63,79
645,550,63,79
645,549,63,79
644,548,63,79
644,547,63,78
643,546,63,78
643,545,63,78
643,544,63,78
643,543,63,78
643,542,63,78
643,542,63,78
643,541,63,78
643,539,63,78
643,538,63,78
643,536,63,78
643,536,62,77
643,535,62,76
643,535,61,75
643,534,61,75
643,532,61,75
643,531,61,75
643,531,61,75
643,530,61,75
643,530,61,75
643,529,61,75
643,528,61,75
643,527,61,75
642,525,61,75
642,523,61,75
641,521,61,75
641,521,61,74
640,521,61,73
640,521,61,72
640,520,61,72
640,520,61,72
640,519,61,72
640,518,61,72
640,517,61,72
640,516,61,72
640,515,61,72
639,515,60,72
639,514,60,72
639,514,60,72
639,513,60,72
639,513,60,72
639,512,59,71
639,512,59,69
639,511,58,68
639,511,58,68
639,510,58,68
639,510,58,68
639,509,58,68
638,508,58,68
638,507,58,68
638,506,58,68
638,505,58,68
638,504,58,68
638,503,58,68
637,503,58,68
637,502,58,68
636,502,58,68
635,501,58,68
634,501,58,68
634,500,58,68
634,500,58,68
634,499,58,68
634,499,58,68
633,498,58,68
633,498,58,68
633,497,58,68
633,497,58,68
633,496,58,68
633,496,58,68
633,496,58,68
633,496,58,68
633,495,58,68
632,495,58,68
632,494,58,68
632,494,58,68
631,493,58,68
631,493,58,68
631,493,58,68
631,493,58,68
631,493,58,68
631,493,58,68
631,493,58,68
631,493,58,68
630,493,58,68
629,492,58,68
628,492,58,68
628,492,58,68
628,492,58,68
628,492,58,68
628,492,58,68
628,491,58,68
628,491,58,68
628,491,58,67
628,491,57,66
628,491,57,65
628,491,57,65
628,491,57,65
628,491,57,65
628,491,57,65
628,491,57,65
628,491,57,65
628,491,57,65
628,491,57,65
628,491,57,65
628,491,57,65
628,491,57,65
628,491,57,65
628,491,57,65
628,490,57,65
628,490,57,65
628,490,57,65
628,490,57,65
628,490,57,65
628,489,57,65
628,488,57,65
628,487,57,65
628,487,57,65
628,487,57,65
628,487,57,65
628,487,57,65
628,487,57,65
628,487,57,65
628,487,57,65
628,487,57,65
628,487,57,65
628,487,57,65
628,487,57,65
628,487,57,65
628,487,57,65
628,487,57,65
628,487,57,65
628,487,57,65
628,487,57,65
628,487,57,65
628,487,57,65
628,487,57,65
628,487,57,65
628,487,57,65
628,487,57,65
628,487,57,65
627,488,57,65
627,488,57,65
626,489,57,65
626,489,57,65
626,489,57,65
626,489,57,65
626,489,57,65
626,489,57,65
626,489,57,65
626,489,57,65
626,489,57,65
626,489,57,65
626,489,57,65
626,489,57,65
626,489,57,65
626,489,57,65
626,489,57,65
626,489,57,65
626,489,57,65
626,489,57,65
626,489,57,65
626,489,57,65
626,489,57,65
626,489,57,65
626,489,57,65
626,489,57,65
626,489,57,65
626,489,57,65
626,489,57,65
626,489,57,65
626,489,57,65
626,489,57,65
626,489,57,65
626,489,57,65
626,489,57,65
626,489,57,65
626,489,57,65
626,489,57,65
626,489,57,65
626,489,57,65
626,489,57,65
626,489,57,65
626,489,57,65
626,489,57,65
626,489,57,65
626,489,57,65
626,489,57,65
626,489,57,65
626,488,57,65
625,488,57,65
625,487,57,65
625,487,57,65
625,487,57,65
625,487,57,65
625,487,57,65
625,487,57,65
625,487,57,65
625,487,57,65
625,487,57,65
625,487,57,65
625,487,57,65
625,487,57,65
625,487,57,65
625,487,57,65
625,487,57,65
625,487,57,65
625,487,57,65
625,487,57,65
625,487,57,65
625,486,57,65
625,486,57,65
625,485,57,65
625,485,57,65
625,484,57,65
625,484,57,65
625,483,57,65
625,483,57,65
625,482,57,65
625,482,57,65
625,482,57,65
625,482,57,65
625,482,57,65
625,482,57,65
625,482,57,65
625,482,57,65
625,482,57,65
625,482,57,65
625,481,57,65
625,481,57,65
625,480,57,65
625,480,57,65
625,480,57,65
625,480,57,65
624,480,57,65
624,480,58,65
623,480,58,65
623,480,58,65
623,480,58,65
623,480,58,65
623,480,58,65
623,480,58,65
623,480,58,65
623,480,58,65
623,480,58,65
623,480,58,65
623,480,58,65
623,480,58,65
623,480,58,65
623,480,58,65
623,480,58,65
623,480,58,65
622,479,58,65
622,478,58,65
621,477,58,65
621,477,58,65
621,477,58,65
621,477,58,65
621,477,58,65
621,477,58,65
621,477,58,65
621,477,58,65
621,477,58,65
621,477,58,65
621,477,58,65
621,477,58,65
621,477,58,65
621,477,58,65
621,477,58,65
621,477,58,65
621,477,58,65
621,477,58,65
621,477,58,65
620,477,58,65
620,477,58,65
619,477,58,65
619,477,58,65
619,477,58,65
619,477,58,65
619,477,58,65
618,477,58,65
618,477,58,65
618,477,58,65
617,476,58,65
617,476,58,65
617,476,58,65
617,476,58,65
617,476,58,65
616,475,58,65
616,475,58,65
615,474,58,65
615,474,58,65
615,474,58,65
615,474,58,65
615,474,58,63
614,474,57,62
614,474,57,60
614,474,57,60
614,474,57,60
614,474,57,60
614,474,57,60
614,474,57,60
614,474,57,60
614,474,57,60
613,474,57,60
613,474,57,60
613,474,57,60
613,474,57,60
613,474,57,60
613,473,57,60
612,473,57,60
612,472,57,60
612,472,57,60
612,472,57,60
612,472,57,60
612,471,57,60
611,471,57,60
611,470,57,60
611,470,57,60
611,470,57,60
611,470,57,60
611,470,56,60
611,470,56,60
611,470,55,60
611,469,55,60
610,469,55,60
610,468,55,60
610,468,55,60
610,468,55,60
610,468,55,60
610,468,55,60
610,468,55,60
610,468,55,60
609,468,55,60
608,467,55,60
607,467,55,60
607,467,55,59
606,467,55,58
606,467,55,57
606,467,55,57
606,467,55,57
606,467,55,57
606,467,55,57
606,466,54,56
606,466,54,56
606,466,54,56
606,466,54,56
606,466,54,56
606,465,54,56
606,464,54,56
606,463,54,56
606,463,54,56
606,463,54,56
606,463,54,56
606,462,54,56
606,462,54,56
606,461,54,56
606,461,54,56
606,461,54,56
606,461,54,56
606,461,54,56
606,461,54,56
606,461,54,56
606,460,54,56
606,459,54,56
606,458,54,56
606,458,54,56
606,458,54,56
606,458,54,56
606,457,54,55
605,457,53,55
605,456,53,54
605,456,53,54
605,456,53,54
605,456,53,54
605,456,53,54
605,456,53,54
605,456,53,54
605,455,53,54
605,455,53,54
605,454,53,54
605,453,53,54
604,452,53,54
604,451,53,54
604,451,52,54
604,451,51,53
604,451,50,53
604,451,50,53
604,451,50,53
604,451,50,53
604,451,50,53
603,450,50,53
603,450,50,53
603,450,50,53
603,450,50,53
603,450,50,53
603,449,50,53
603,448,50,53
603,447,50,53
603,447,50,53
603,446,50,53
603,446,50,53
603,446,50,53
603,446,50,53
603,446,50,53
603,445,50,52
602,445,49,52
602,444,49,51
602,444,49,51
602,444,49,51
602,444,49,51
602,443,49,51
602,443,49,51
602,442,49,51
602,442,49,51
602,441,49,51
602,441,49,51
602,441,49,51
602,441,49,51
602,441,49,51
602,440,49,51
601,440,49,51
601,439,49,51
601,438,49,51
601,438,48,50
601,437,48,50
601,437,48,50
601,437,48,50
601,437,48,50
601,437,48,50
601,437,48,50
601,437,48,50
601,437,48,50
601,436,48,50
601,436,48,50
600,436,48,49
600,436,48,49
599,436,48,48
599,435,48,48
599,435,48,48
599,434,48,48
599,434,48,48
598,433,48,48
598,433,48,48
598,433,48,48
598,432,48,48
598,432,48,48
598,432,48,48
598,431,48,48
598,431,48,48
598,431,48,48
598,431,48,48
598,431,48,48
598,431,48,48
598,431,48,48
598,431,48,48
598,430,47,48
598,430,46,47
598,429,45,47
598,429,45,47
598,429,45,47
598,429,45,47
598,429,45,47
597,429,46,47
597,429,46,47
597,429,46,47
596,429,46,47
596,429,46,47
596,429,46,47
596,429,46,47
596,429,46,47
596,429,46,47
595,428,46,46
595,428,46,46
