509,184,135,98
509,184,135,98
509,184,135,98
509,184,135,98
509,184,135,98
509,184,135,98
509,184,135,98
508,184,135,98
508,184,135,98
507,184,135,98
507,184,135,98
507,184,135,98
507,184,135,98
507,184,135,98
506,183,135,98
506,183,135,98
505,183,135,99
505,183,135,99
504,183,135,100
504,183,135,100
503,183,135,100
503,183,135,100
503,183,135,100
503,183,135,100
503,183,135,100
502,183,136,100
501,183,137,101
500,183,138,101
500,183,138,101
500,183,138,101
500,183,138,101
499,183,139,101
499,183,139,101
498,183,140,101
498,183,140,101
498,183,140,101
498,183,140,101
498,183,140,102
498,183,140,102
498,183,140,103
498,183,140,103
497,183,141,103
497,183,141,103
497,184,141,103
496,184,142,103
496,185,142,103
496,185,142,103
496,185,142,103
496,185,142,103
495,185,143,103
495,185,143,103
494,185,144,103
494,185,145,103
493,185,145,103
493,185,146,103
493,185,146,103
493,185,146,103
493,185,146,103
493,185,146,103
493,185,146,104
493,185,146,104
493,185,147,104
493,186,148,103
493,186,149,103
493,186,149,103
493,186,149,103
493,186,149,103
493,186,150,103
493,186,150,103
493,186,151,103
493,186,151,103
493,186,152,103
493,186,152,103
493,186,152,104
493,186,153,104
493,186,153,105
493,186,153,105
493,186,153,106
493,186,153,106
493,186,153,106
494,186,153,106
494,186,153,106
494,186,153,106
494,186,154,107
494,186,154,107
494,186,154,107
495,186,154,107
495,186,154,107
496,186,155,107
496,186,155,107
497,186,156,107
497,186,157,107
497,186,157,108
497,186,158,108
497,186,158,108
497,186,158,108
497,186,158,108
498,186,158,108
498,186,158,108
499,186,158,108
500,186,158,108
500,186,158,108
501,186,158,108
502,186,158,108
502,186,158,109
503,186,158,109
503,187,158,109
504,187,158,109
504,188,158,109
504,188,159,109
504,188,159,109
504,188,160,109
505,188,160,109
506,188,160,109
507,188,160,109
507,188,160,109
508,189,160,109
508,189,160,109
509,189,160,109
509,189,160,109
510,189,160,109
511,189,160,109
512,189,160,109
513,189,160,109
513,189,160,109
514,189,160,110
514,189,160,110
515,189,160,110
515,189,160,110
516,189,160,110
517,189,160,110
517,189,160,110
518,189,160,110
519,189,160,111
519,189,160,111
520,189,160,112
521,189,160,112
521,189,160,113
522,189,160,113
522,189,160,113
523,189,160,113
523,189,160,113
523,189,160,113
524,189,160,114
524,189,160,114
525,189,160,114
526,190,160,114
527,190,160,114
527,190,160,114
528,191,160,114
528,191,160,114
529,192,160,114
529,192,160,114
530,193,160,114
531,193,160,115
531,193,161,115
532,193,161,116
533,193,161,116
533,193,161,117
534,193,161,117
534,193,161,117
534,194,161,118
534,194,161,118
535,195,161,118
536,195,162,119
537,196,162,119
538,197,162,119
538,197,162,119
539,198,162,119
540,198,161,119
541,198,161,120
542,198,160,120
542,199,160,120
542,201,160,120
542,202,160,120
542,203,160,120
543,204,160,120
543,205,160,120
543,206,160,120
544,207,160,120
544,208,160,120
545,209,160,120
547,210,160,120
548,211,160,120
548,212,160,121
547,212,160,121
547,213,160,122
547,214,160,122
548,215,160,123
548,216,160,123
549,217,160,124
550,218,160,124
551,219,160,125
551,220,160,125
552,222,160,125
552,223,160,125
552,225,160,125
553,226,160,126
553,228,160,126
553,230,161,127
553,231,161,127
553,233,162,128
554,234,162,128
554,236,162,128
555,237,162,128
555,238,162,129
556,238,162,130
556,239,162,131
557,241,162,131
557,242,162,131
558,244,162,131
558,245,162,131
559,247,162,131
559,248,162,131
560,250,162,131
561,251,162,131
562,253,162,131
562,253,162,132
562,254,162,133
562,254,162,134
562,255,162,134
563,257,162,134
563,258,162,134
565,259,161,135
566,260,159,135
568,261,158,136
568,262,158,137
568,262,158,137
568,263,158,138
568,264,158,138
568,266,158,138
568,267,158,138
568,268,158,138
569,269,158,138
569,270,158,138
570,271,158,138
570,272,158,138
571,273,158,138
572,274,158,138
572,274,158,138
573,275,158,138
573,276,158,138
573,277,158,139
573,278,158,139
574,279,158,139
574,280,158,139
575,281,158,139
576,282,158,139
576,283,158,139
577,284,158,139
578,285,158,140
578,286,158,140
579,287,158,141
580,287,157,142
582,288,156,142
583,288,155,143
583,289,155,143
584,290,155,143
584,291,155,143
586,292,154,143
587,293,154,143
589,294,153,143
590,295,153,143
590,297,153,143
591,298,153,143
591,298,153,144
592,298,153,144
592,298,153,145
594,299,153,146
595,299,152,146
597,300,152,147
597,301,152,147
597,302,153,147
597,303,153,147
598,303,153,147
598,303,153,148
599,303,153,148
600,304,153,148
602,305,153,148
603,306,153,148
603,306,153,148
604,307,153,148
604,307,153,148
605,307,153,148
605,308,153,149
606,308,153,149
607,308,153,149
607,309,153,149
608,309,153,149
608,309,153,149
608,310,153,149
608,310,153,149
608,311,154,150
608,311,156,150
608,312,157,151
608,312,157,151
608,313,157,151
608,313,157,151
608,313,157,151
609,314,157,152
609,314,157,152
610,315,157,152
610,315,157,152
611,316,157,152
611,317,157,152
611,317,157,153
611,318,157,153
611,318,157,154
611,318,157,154
611,318,157,155
611,318,157,156
611,319,158,156
611,319,158,157
611,320,158,157
611,320,158,158
611,321,158,158
611,322,159,158
612,323,160,158
612,324,161,158
612,324,161,159
612,324,162,159
612,324,162,160
613,325,162,160
613,326,162,161
614,327,162,161
615,327,162,161
615,328,162,161
616,328,162,161
616,329,162,161
616,330,163,161
616,331,163,161
617,332,164,162
617,332,164,163
618,333,165,164
618,333,165,165
619,333,165,166
619,333,165,167
620,334,165,167
621,336,165,167
622,337,165,167
623,338,165,167
623,338,165,168
624,339,165,168
625,340,165,168
626,342,165,168
627,343,165,168
627,343,166,169
628,343,167,171
628,343,168,172
629,344,168,172
630,344,168,173
631,345,168,173
632,346,169,174
632,347,170,174
633,348,171,175
634,349,171,175
634,349,171,175
635,350,171,175
636,351,171,175
637,352,171,176
638,353,171,176
639,353,172,177
639,354,172,177
640,354,173,178
641,355,173,178
642,357,173,178
643,358,173,178
644,358,174,179
644,359,174,180
645,359,175,181
646,360,175,181
647,360,175,181
648,361,175,181
648,362,176,182
649,362,177,182
649,363,178,183
650,365,178,183
652,366,179,184
653,368,179,184
653,368,180,185
653,368,181,186
653,368,182,187
655,368,182,188
656,368,182,190
658,368,182,191
658,369,182,191
659,369,182,192
659,370,182,192
660,370,182,193
661,371,183,193
662,371,183,194
662,371,184,195
662,371,186,197
662,371,187,198
663,372,187,198
665,372,187,198
666,373,187,198
666,374,187,199
667,375,188,199
667,376,188,200
667,376,189,201
667,376,191,202
667,376,192,203
668,376,192,204
669,377,192,205
670,377,192,206
671,377,192,207
672,378,192,208
673,378,192,209
673,378,193,209
673,378,194,210
673,378,195,210
674,378,195,211
675,378,195,212
676,378,195,213
676,378,196,213
676,379,197,213
676,379,198,213
676,380,198,213
677,380,198,213
677,381,198,213
678,381,198,214
680,381,198,215
681,381,198,216
681,382,199,216
681,383,199,216
681,384,200,216
682,384,200,216
682,385,200,216
683,385,200,216
683,385,200,216
683,385,200,217
683,385,200,217
684,385,201,217
685,385,202,218
686,385,203,218
686,385,203,218
687,385,203,218
687,385,203,218
687,385,203,218
688,385,203,218
688,385,203,218
688,385,203,218
688,385,204,218
688,385,204,218
688,385,204,218
689,384,204,218
689,384,204,218
689,383,204,219
689,383,204,220
689,382,204,221
690,382,204,221
690,382,204,221
691,382,204,221
691,382,204,221
691,382,204,221
691,382,204,221
692,381,204,221
692,379,204,221
693,378,204,221
693,378,204,221
693,378,204,221
693,378,204,221
693,376,204,221
693,375,204,221
693,373,204,221
693,373,204,220
693,373,204,219
693,373,204,218
693,372,204,218
694,372,204,218
694,371,204,218
694,370,204,217
694,370,204,216
694,369,204,215
695,368,204,215
695,368,204,215
696,367,204,215
696,367,203,213
697,367,203,212
697,367,202,210
697,367,202,210
697,367,202,210
697,367,202,210
697,365,202,210
696,362,202,210
696,360,202,210
