648,382,19,81
648,382,19,80
648,382,19,78
648,382,19,77
648,382,19,77
648,382,19,77
648,382,19,77
648,382,19,77
648,382,19,77
648,382,19,77
647,382,19,78
647,382,20,80
646,382,20,81
646,382,20,81
645,381,20,81
645,381,20,81
645,381,20,81
644,380,20,81
644,380,20,81
644,380,20,80
644,380,20,78
644,380,20,77
644,380,20,78
644,380,20,78
644,380,20,79
644,380,20,79
644,380,20,80
644,380,20,80
644,380,20,80
644,380,20,80
644,380,20,80
643,380,20,81
643,380,20,82
642,380,20,83
642,380,20,83
641,380,20,83
641,380,20,83
640,380,20,81
640,380,20,78
639,380,20,76
638,380,21,76
638,380,21,76
637,380,22,76
637,380,21,77
636,380,21,78
636,380,20,79
636,380,20,80
635,380,19,81
635,380,19,82
635,380,19,82
636,380,19,82
636,380,19,82
636,380,19,82
636,380,19,81
636,380,19,81
637,380,19,79
637,380,19,78
638,380,19,76
638,380,19,77
639,381,19,77
639,381,19,78
639,381,19,79
639,381,19,80
639,381,19,81
640,381,19,81
641,382,19,81
642,382,19,81
643,382,19,81
643,383,19,80
644,383,19,80
644,383,19,80
644,383,19,80
644,383,19,80
645,383,19,79
646,383,19,77
647,383,19,76
648,382,19,76
649,382,19,76
650,381,19,76
650,381,19,76
651,381,20,76
651,381,20,76
653,382,19,73
655,382,19,70
657,383,18,67
658,383,18,68
659,383,18,68
660,383,18,69
662,383,18,70
664,382,18,71
666,382,18,72
666,382,18,73
667,382,18,74
667,382,18,75
668,382,18,76
670,382,18,77
671,382,18,78
672,382,18,78
673,383,18,78
674,383,18,78
674,382,18,79
674,381,18,81
674,380,18,82
675,380,17,82
675,380,17,82
676,380,16,82
676,380,16,81
676,380,16,81
676,380,16,80
676,380,16,79
677,380,16,79
677,380,16,78
677,380,16,78
677,380,16,78
677,380,16,78
677,380,16,78
677,380,16,78
677,380,16,78
677,380,16,78
677,380,16,78
677,380,16,78
677,380,17,77
677,380,18,76
677,380,19,75
677,380,19,75
677,380,19,76
677,380,19,76
677,380,19,77
676,380,19,77
676,380,19,78
676,380,19,79
676,380,19,79
676,380,19,80
676,380,19,81
675,380,19,82
675,380,19,83
675,380,19,83
675,380,19,83
675,380,19,83
674,380,19,84
674,379,18,84
673,379,18,85
673,379,18,85
673,379,18,85
673,379,18,85
671,378,18,83
670,378,18,81
668,377,18,79
667,377,18,79
667,377,18,79
666,377,18,79
665,377,18,80
664,376,19,80
663,376,19,81
662,376,19,81
661,376,18,82
660,376,18,82
659,376,18,82
658,376,18,82
657,376,18,82
656,376,18,81
655,376,19,81
654,376,19,80
653,375,19,80
652,375,19,80
651,374,19,80
650,374,19,80
649,374,19,80
648,374,19,80
647,374,19,81
646,374,19,81
645,374,19,82
644,374,19,83
642,375,19,83
641,375,19,84
640,375,19,84
638,375,19,84
637,375,19,84
636,375,19,84
634,375,19,84
633,375,19,84
631,375,19,82
630,374,19,80
628,374,19,78
627,374,19,78
626,374,19,78
625,374,19,78
624,374,19,79
622,375,19,80
621,375,19,81
620,375,19,81
619,376,19,81
618,376,19,81
617,376,19,81
616,377,19,82
615,377,19,82
613,377,19,81
612,376,19,81
610,376,19,80
609,376,19,79
608,376,19,77
607,376,19,76
607,376,19,76
607,376,19,76
607,376,19,76
604,379,19,74
601,383,19,71
598,386,19,69
598,386,18,69
598,386,17,69
598,386,16,69
595,386,21,70
593,387,25,70
590,387,30,71
588,387,30,71
586,388,31,71
584,388,31,71
581,391,32,67
578,394,34,64
575,397,35,60
572,399,37,60
570,400,38,59
567,402,40,59
565,404,40,57
562,407,40,55
560,409,40,53
558,411,40,53
555,412,40,53
553,414,40,53
552,415,40,53
551,415,39,52
550,416,39,52
548,417,38,52
547,417,37,53
545,418,36,53
545,418,34,53
544,418,33,53
544,418,31,53
542,418,31,55
540,418,31,57
538,418,31,59
537,419,31,59
536,419,32,60
535,420,32,60
533,420,32,60
531,421,33,61
529,421,33,61
528,421,33,62
526,422,34,62
525,422,34,63
524,423,34,63
523,423,33,63
522,424,33,63
521,424,32,63
519,425,32,63
518,425,31,63
517,426,32,63
516,427,32,64
515,428,33,64
514,429,33,64
513,430,34,64
512,431,34,64
511,432,34,64
510,433,34,63
509,434,34,63
509,435,34,63
509,435,34,64
509,436,34,64
508,437,35,65
508,438,35,65
507,439,36,66
508,440,35,65
508,440,35,64
509,441,34,63
509,442,35,64
510,442,35,64
510,443,36,65
511,444,35,65
513,444,34,65
514,445,33,65
514,445,33,65
515,446,34,66
515,446,34,66
516,447,34,65
516,447,35,65
517,448,35,64
517,449,35,64
518,449,36,64
518,450,36,64
519,450,36,65
520,450,35,66
521,450,35,67
522,451,34,66
522,451,33,66
523,452,32,65
523,452,32,65
523,452,32,65
523,452,32,65
524,453,33,65
524,453,34,64
525,454,35,64
526,454,35,64
527,455,35,65
528,455,35,65
528,455,35,65
528,455,36,65
528,455,36,65
528,455,36,65
528,455,36,65
528,455,36,65
529,455,36,65
531,455,36,64
532,455,36,64
532,455,36,64
532,455,36,64
532,455,36,64
533,455,36,64
534,454,36,64
535,454,36,64
536,454,36,64
536,455,36,64
537,455,36,64
537,455,36,64
537,455,36,64
537,455,36,64
538,455,36,64
538,455,37,64
539,455,37,64
540,455,36,64
542,455,34,64
543,455,33,64
543,455,33,64
543,455,33,64
543,455,33,64
544,455,33,64
546,455,34,64
547,455,34,64
547,455,34,64
547,455,34,64
547,455,34,64
548,455,34,63
549,456,34,61
550,456,34,60
550,456,34,60
550,456,34,60
550,456,34,60
549,457,35,59
549,458,35,59
548,459,36,58
548,459,36,58
548,459,36,58
548,459,36,58
547,459,37,57
546,459,39,57
545,459,40,56
545,459,40,56
545,459,40,56
545,459,40,56
544,458,40,56
544,458,41,56
543,457,41,56
543,456,41,57
543,454,41,59
543,453,41,60
543,451,41,62
543,450,42,63
543,448,42,65
544,446,42,66
544,444,41,66
545,442,41,67
546,440,40,69
548,438,38,72
549,436,37,74
550,434,36,76
550,432,34,77
551,430,33,79
552,428,32,81
554,426,30,82
555,424,29,84
555,423,28,84
556,422,26,85
556,421,25,85
557,420,24,85
558,419,22,85
559,418,21,85
559,417,21,85
560,417,21,85
560,416,21,85
559,415,21,85
559,415,20,85
558,414,20,85
557,413,21,85
555,413,23,84
554,412,24,84
553,412,24,84
551,412,23,84
550,412,23,84
548,411,23,84
545,411,23,84
543,410,23,84
541,410,23,84
540,409,23,84
538,409,23,84
536,408,23,83
533,408,22,82
531,407,22,81
529,406,22,81
526,406,22,81
524,405,22,81
523,405,22,82
521,404,22,83
520,404,22,84
518,404,22,84
517,403,22,84
515,403,22,84
514,402,22,85
512,402,22,86
511,401,22,87
510,401,22,87
510,400,22,87
509,400,22,87
509,399,22,88
509,398,22,88
509,397,22,89
510,396,21,89
512,395,19,88
513,394,18,88
514,393,18,87
514,393,18,86
515,392,18,85
515,392,18,83
516,392,18,82
516,392,18,80
517,391,18,81
517,390,18,82
518,389,18,83
519,389,18,83
519,388,18,83
520,388,18,83
521,387,18,83
522,387,18,83
523,386,18,83
524,385,18,84
524,385,18,84
525,384,18,85
526,384,18,85
528,383,18,85
529,383,18,85
529,383,18,82
530,383,18,79
530,383,18,76
531,382,18,77
532,380,18,78
533,379,18,79
533,379,18,79
534,380,18,79
534,380,18,79
535,379,18,80
535,378,18,82
536,377,18,83
537,377,18,84
537,377,18,84
538,377,18,85
539,377,18,85
539,376,18,85
540,376,18,85
541,375,18,85
542,375,18,85
543,374,18,85
543,374,18,83
544,374,18,82
544,374,18,80
545,374,18,80
546,374,18,80
547,374,18,80
548,374,18,80
549,374,18,80
550,374,18,80
551,374,18,80
551,374,19,80
552,374,19,80
553,374,19,81
554,374,20,81
555,374,20,82
556,374,20,82
557,374,20,81
558,374,20,81
559,374,20,80
560,373,20,79
561,373,20,78
562,373,20,78
562,374,20,79
563,374,20,79
564,374,20,80
565,374,20,80
566,374,20,81
567,374,20,82
567,374,20,83
568,374,20,84
569,374,20,84
569,375,20,85
570,375,20,85
571,375,20,85
571,374,20,85
572,374,20,85
572,374,20,85
572,374,20,85
572,374,20,85
574,374,20,84
576,374,20,82
578,374,20,81
578,374,20,81
579,374,20,81
579,374,20,81
580,374,20,81
581,374,20,81
582,374,20,81
583,374,20,82
583,375,20,83
584,375,20,84
584,375,20,84
585,376,20,84
585,376,20,84
586,376,20,84
588,376,20,84
589,376,20,84
590,376,20,83
591,376,20,82
592,376,20,81
592,376,20,81
592,376,20,81
592,376,20,81
593,376,20,81
594,376,20,81
595,376,20,81
596,376,19,82
597,376,19,82
598,376,18,83
599,376,18,84
600,377,17,85
601,377,17,86
601,377,17,86
601,377,17,86
601,377,17,86
602,377,17,86
602,378,17,86
603,378,17,86
603,377,17,86
604,377,17,86
604,376,17,86
605,376,17,84
605,377,17,83
606,377,17,81
607,377,17,81
607,377,17,81
608,377,17,81
608,377,17,82
609,377,17,83
609,377,17,84
610,377,17,84
611,377,17,85
612,377,17,85
613,377,18,71
614,378,18,57
615,378,19,43
616,378,19,43
616,378,20,43
617,378,20,43
618,378,20,46
619,377,20,48
620,377,20,51
621,377,19,53
623,376,17,55
624,376,16,57
625,376,16,60
626,376,16,64
627,376,16,67
628,376,16,68
628,376,16,69
629,376,16,70
630,376,16,71
631,375,16,73
632,375,16,74
633,374,16,75
635,374,16,77
636,373,16,78
637,373,16,78
638,372,16,78
639,372,16,78
640,372,16,78
641,372,17,78
642,372,17,78
643,372,17,78
644,372,18,78
645,372,18,78
646,372,19,78
646,372,19,78
647,372,20,78
648,372,21,78
649,372,21,78
650,372,22,78
652,372,21,78
655,372,21,78
657,372,20,78
657,371,20,78
658,371,21,78
658,370,21,78
659,370,22,78
659,370,22,78
660,370,23,78
662,370,22,79
664,370,20,80
666,370,19,81
667,370,19,81
668,370,19,82
669,370,19,82
669,370,20,82
669,370,20,82
669,370,21,82
670,369,21,83
672,369,20,83
673,368,20,84
675,368,20,84
676,367,20,84
678,367,20,84
678,367,20,84
678,367,20,84
678,367,20,84
680,367,20,84
681,366,20,84
683,366,20,84
684,366,20,84
686,366,20,84
687,366,20,84
687,366,20,84
687,366,20,84
687,366,20,84
690,366,20,81
692,367,20,77
695,367,20,74
696,367,20,75
698,367,20,76
699,367,20,77
700,367,20,77
701,367,20,77
702,367,20,77
702,367,20,77
702,367,20,77
702,367,20,77
704,367,20,79
705,367,20,81
707,367,20,83
708,367,20,83
709,367,20,84
710,367,20,84
711,367,20,85
711,366,20,86
712,366,20,87
713,366,20,87
715,366,20,87
716,366,20,87
717,366,20,85
719,365,20,84
720,365,20,82
721,365,20,82
722,364,20,82
723,364,20,82
724,365,20,81
724,366,20,81
725,367,20,80
726,367,20,80
728,366,20,80
729,366,20,80
731,366,20,80
732,366,20,80
734,366,20,80
735,366,20,80
737,366,20,80
738,366,20,80
739,366,20,80
741,366,21,80
742,366,21,80
743,366,21,80
744,367,21,80
745,367,21,80
746,367,21,81
747,367,21,82
748,367,21,83
749,367,21,83
750,367,21,83
751,367,21,83
752,367,21,84
752,367,21,84
753,367,21,85
754,367,21,85
756,367,21,85
757,367,21,85
758,367,21,84
760,367,21,84
761,367,21,83
762,367,21,82
763,367,20,82
764,367,20,81
764,367,20,81
764,367,20,81
764,367,20,81
763,367,20,81
761,367,20,81
760,367,20,81
758,367,20,78
755,367,20,75
753,367,20,72
749,367,20,72
744,367,21,72
740,367,21,72
735,366,21,74
729,366,22,75
724,365,22,77
718,365,21,77
713,364,21,77
707,364,20,77
702,364,19,78
696,363,19,79
691,363,18,80
686,363,18,81
680,362,18,82
675,362,18,83
672,362,18,83
668,363,18,84
665,363,18,84
663,363,18,84
660,362,18,84
658,362,18,84
657,361,19,85
656,361,19,85
655,360,20,86
656,360,20,84
656,360,20,83
657,360,20,81
658,360,20,81
659,359,20,81
660,359,20,81
662,359,20,81
663,360,20,81
665,360,20,81
667,360,20,81
668,360,21,81
670,360,21,81
672,360,21,79
673,360,21,78
675,360,21,76
677,360,21,77
678,359,21,77
680,359,21,78
681,360,21,78
682,360,21,78
683,361,21,78
685,361,21,79
686,360,21,81
688,360,21,82
689,360,21,82
691,361,21,82
692,361,21,82
694,360,21,83
696,360,21,84
698,359,21,85
699,358,21,86
701,358,21,86
702,357,21,87
704,357,21,87
706,357,21,87
708,357,21,87
710,357,21,85
712,356,21,83
714,356,21,81
715,356,21,81
717,356,21,81
718,356,21,81
720,356,21,81
722,356,21,81
724,356,21,81
725,355,21,81
727,355,21,81
728,354,21,81
729,354,21,79
729,353,21,78
730,353,21,76
730,353,21,76
730,353,21,76
730,353,21,76
728,353,21,76
727,353,21,76
725,353,21,76
723,352,21,77
722,352,21,79
720,351,21,80
718,350,21,81
715,350,21,82
713,349,21,83
711,349,21,83
708,349,20,84
706,349,20,84
702,348,20,84
699,348,20,84
695,347,20,84
692,346,20,84
689,346,20,84
686,345,20,84
683,344,20,82
679,344,20,81
676,343,20,79
672,342,20,79
669,342,20,79
665,341,20,79
662,341,20,79
659,340,20,79
656,340,20,79
653,339,20,80
650,339,20,80
647,338,20,81
645,338,20,81
643,337,20,81
641,337,20,81
639,337,20,80
637,336,20,80
635,336,20,79
633,335,20,79
631,334,20,79
629,333,20,79
628,333,20,79
626,332,20,79
625,332,20,79
624,332,20,79
622,331,20,79
621,331,20,79
620,331,18,79
620,330,17,79
619,330,15,79
618,330,15,79
617,330,15,79
616,330,15,79
614,330,15,79
612,329,15,79
610,329,15,79
609,328,15,79
607,327,15,79
606,326,15,79
605,325,15,79
604,325,15,79
603,324,15,79
601,324,15,79
600,325,15,79
598,325,15,79
597,325,15,79
595,326,15,79
594,326,15,79
593,326,16,76
591,326,18,74
590,326,19,71
588,325,20,72
587,325,21,73
585,324,22,74
583,324,22,74
582,324,22,74
580,324,22,74
579,323,21,75
579,323,19,77
578,322,18,78
577,322,18,79
576,322,18,80
575,322,18,81
574,322,18,81
573,323,18,81
572,323,18,81
572,323,18,81
571,323,17,81
571,323,17,81
571,323,17,81
571,323,17,81
571,323,17,81
572,323,17,79
572,323,17,78
573,323,17,76
574,323,17,76
576,323,17,76
577,323,17,76
579,323,17,77
580,323,18,77
582,323,18,78
584,323,18,78
585,324,18,78
587,324,18,78
589,324,18,78
591,324,18,78
593,324,18,78
595,324,18,78
597,324,18,78
599,324,18,78
600,324,18,77
602,324,18,77
603,324,18,76
605,324,18,76
607,324,18,76
609,324,18,76
611,324,17,77
612,324,17,79
614,324,16,80
615,324,16,81
615,324,17,82
616,324,17,83
616,324,17,83
616,324,17,83
616,324,17,83
617,324,17,83
618,324,17,83
619,324,17,83
620,324,17,82
621,323,17,80
622,323,17,79
623,323,17,79
625,322,17,79
626,322,17,79
628,323,17,79
629,323,17,79
631,324,17,79
632,324,18,79
633,324,20,79
634,324,21,79
636,324,21,77
639,324,20,74
641,324,20,72
643,324,20,74
644,323,20,75
646,323,20,77
648,323,20,77
649,322,20,78
651,322,20,78
653,323,20,78
654,323,20,79
656,324,20,79
658,324,19,80
660,324,19,82
662,324,18,83
664,324,18,83
665,324,19,83
667,324,19,83
669,324,18,84
672,324,18,84
674,324,17,85
675,324,18,85
675,324,19,85
676,324,20,85
679,324,19,83
681,325,18,81
684,325,17,79
685,325,17,79
687,324,17,80
688,324,17,80
690,324,18,81
691,325,19,82
693,325,20,83
695,326,20,82
696,327,20,81
698,328,20,80
700,328,20,78
701,328,20,75
703,328,20,73
706,328,20,73
708,329,20,73
711,329,20,73
712,329,20,74
714,329,20,76
715,329,20,77
717,329,20,78
719,329,20,79
721,329,20,80
723,330,20,80
725,330,20,80
727,331,20,80
729,331,19,81
731,331,19,81
733,331,18,82
735,331,18,83
738,331,18,83
740,331,18,84
742,331,18,83
743,331,18,83
745,331,18,82
747,331,18,82
748,331,18,82
750,331,18,82
752,331,18,82
753,332,18,82
755,332,18,82
757,332,18,82
758,332,18,82
760,332,18,82
762,333,18,82
764,333,18,82
766,334,18,82
768,334,18,80
771,334,18,78
773,334,18,76
776,334,18,76
778,334,18,76
781,334,18,76
783,334,18,76
784,335,18,76
786,335,18,76
787,335,18,77
787,335,18,77
788,335,18,78
788,335,18,78
787,335,18,79
787,335,18,79
786,335,18,79
785,335,18,79
784,335,18,79
782,335,18,79
780,334,18,79
778,334,18,79
775,333,18,79
772,333,18,79
769,332,18,79
765,332,18,79
760,331,18,79
756,331,18,79
751,330,18,79
745,330,18,79
740,329,18,79
735,328,18,79
731,328,18,79
726,327,18,79
721,327,18,79
715,326,18,79
710,326,18,79
706,326,18,79
701,326,18,79
697,326,18,79
694,326,18,79
690,325,18,79
687,325,18,79
684,324,18,77
682,324,18,76
679,323,18,74
677,323,18,74
675,322,18,74
673,322,18,74
671,322,18,75
669,321,18,77
667,321,18,78
665,321,18,78
664,320,18,79
662,320,18,79
660,320,18,79
659,321,18,79
657,321,18,79
656,320,17,79
655,320,16,80
654,319,15,80
653,319,15,80
651,319,15,80
650,319,15,80
649,318,15,80
647,317,15,80
646,316,15,80
644,316,15,80
643,316,15,80
641,316,15,80
639,316,15,79
638,316,15,77
636,316,15,76
635,316,15,77
633,316,15,77
632,316,15,78
631,316,15,78
629,315,15,79
628,315,15,79
626,315,15,79
624,314,15,79
622,314,15,79
620,314,15,79
619,315,15,79
617,315,15,79
615,315,16,77
613,315,16,76
611,315,17,74
610,315,16,75
608,314,15,75
607,314,14,76
606,314,14,77
604,314,14,77
603,314,14,78
601,314,14,79
599,314,14,79
597,314,14,80
595,314,14,80
593,315,14,81
591,315,14,81
589,315,14,82
588,315,14,82
586,315,14,83
583,315,14,83
581,315,14,83
578,315,14,83
576,315,14,82
573,315,14,81
571,315,14,80
569,315,14,80
567,315,14,80
565,315,14,80
563,315,15,80
562,315,17,81
560,315,18,81
559,316,18,80
559,317,17,80
558,318,17,79
558,318,17,79
558,318,17,79
558,318,17,79
559,318,17,79
561,318,17,79
562,318,17,79
564,318,17,79
566,318,17,79
568,318,17,79
570,318,17,79
573,317,17,79
575,317,17,79
577,318,17,79
580,318,17,79
582,319,17,79
584,319,17,79
586,318,17,80
588,318,17,80
590,318,17,81
591,319,17,82
593,319,17,83
594,319,17,83
594,319,17,83
595,319,17,83
595,319,17,83
595,319,17,83
595,319,17,83
593,319,17,81
590,319,17,79
588,319,17,77
585,319,17,77
583,320,17,77
580,320,17,77
577,320,17,77
575,320,17,77
572,320,17,77
570,320,17,77
567,321,17,77
565,321,17,77
563,321,17,77
560,322,17,77
558,322,17,77
557,322,17,77
555,322,17,77
554,322,17,77
554,322,17,77
554,322,17,77
554,322,17,77
554,322,17,77
554,322,17,77
554,322,17,77
555,322,17,77
557,323,17,77
558,323,17,77
559,323,17,79
561,323,17,80
562,323,17,82
563,323,17,83
565,323,17,84
566,323,17,85
568,323,17,85
570,323,16,85
572,323,16,85
573,323,16,85
573,323,16,85
574,323,16,85
575,323,16,83
576,323,16,82
577,323,16,80
577,323,16,78
577,323,16,77
577,323,16,75
577,323,16,75
577,323,16,75
577,323,16,75
577,325,16,68
578,326,16,61
578,328,16,54
578,328,16,54
578,328,16,54
578,328,16,54
577,328,16,54
576,328,16,54
575,328,16,54
573,328,16,53
572,328,16,53
570,328,16,52
568,328,17,52
567,328,17,52
565,328,18,52
564,330,18,49
563,331,18,46
562,333,18,43
560,333,18,43
558,334,19,43
556,334,19,43
555,334,19,45
553,334,19,46
552,334,19,48
550,334,19,48
549,333,19,48
547,333,19,48
545,333,19,48
544,334,19,48
542,334,19,48
540,335,19,48
538,335,19,48
536,336,19,48
534,336,19,48
533,336,19,48
531,336,19,48
529,336,18,49
528,337,17,50
526,337,16,51
524,337,16,51
523,338,16,51
521,338,16,51
520,339,16,48
519,339,16,46
518,340,16,43
516,340,16,43
515,340,16,43
513,340,16,43
511,340,17,43
508,341,18,43
506,341,19,43
504,341,19,43
502,342,19,43
500,342,19,43
498,342,19,43
495,342,19,43
493,342,19,43
490,343,19,42
487,343,19,41
484,344,19,40
481,344,19,40
478,345,19,40
475,345,19,40
473,345,19,40
471,345,19,40
469,345,19,40
467,345,19,40
464,346,19,40
462,346,19,40
461,346,19,40
460,347,19,40
459,347,19,40
459,347,19,40
458,347,19,40
458,347,19,40
458,347,19,40
458,347,19,40
458,347,19,40
459,347,19,40
460,347,19,40
461,347,19,40
462,347,19,40
462,347,19,40
463,347,19,40
464,347,19,41
465,347,19,41
466,347,19,42
468,347,19,42
469,346,19,42
471,346,19,42
472,346,19,42
473,346,19,42
474,346,19,42
475,346,19,42
477,346,19,42
478,346,19,42
479,346,20,41
481,346,20,40
482,346,21,39
483,345,21,39
485,345,21,39
486,344,21,39
488,344,21,39
489,343,21,39
491,343,21,39
493,343,21,39
495,343,21,39
497,343,21,39
499,343,21,39
500,343,21,39
502,343,21,39
504,343,21,39
507,342,21,39
509,342,21,39
511,342,21,39
513,341,21,39
515,341,21,39
517,341,21,39
519,340,21,39
521,340,21,39
524,339,20,51
528,338,18,63
531,337,17,75
532,337,17,75
533,337,17,75
534,337,17,75
536,336,17,76
539,336,17,78
541,335,17,79
541,335,17,79
541,335,17,79
541,335,17,79
542,334,17,80
542,334,16,82
543,333,16,83
540,332,16,83
537,332,16,83
534,331,16,83
530,331,16,81
525,331,16,79
521,331,16,77
516,331,16,77
511,331,16,77
506,331,16,77
499,331,16,78
493,331,16,78
486,331,16,79
479,331,16,79
471,332,16,79
464,332,16,79
456,332,16,79
448,333,16,79
440,333,16,79
434,333,16,79
428,334,16,79
422,334,16,79
418,334,16,79
413,333,16,79
409,333,16,79
407,333,16,79
404,333,16,79
402,333,16,79
401,333,16,79
400,332,16,79
399,332,16,79
399,332,16,79
399,332,16,79
399,332,16,79
400,332,16,80
402,331,16,81
403,331,16,82
404,330,16,83
406,328,16,83
407,327,16,84
409,327,16,82
411,326,16,80
413,326,16,78
414,326,16,78
415,326,16,79
416,326,16,79
417,326,16,79
419,325,16,79
420,325,16,79
421,325,16,79
423,325,16,79
424,325,16,79
426,325,16,79
427,324,16,79
429,324,16,79
431,323,16,79
432,323,16,79
434,322,16,79
436,322,16,78
437,321,16,76
439,321,16,75
440,321,16,75
442,320,16,75
443,320,16,75
444,320,16,75
445,320,16,75
446,320,16,75
447,320,16,76
449,319,16,78
450,319,16,79
451,318,16,80
453,318,16,80
454,317,16,81
455,317,16,79
455,318,16,77
456,318,16,75
457,317,16,75
458,316,16,75
459,315,16,75
460,315,16,75
462,315,16,75
463,315,16,75
464,315,16,75
465,315,16,75
466,315,16,75
467,315,16,75
469,314,16,75
470,314,16,75
471,314,16,75
472,314,16,75
473,314,16,75
475,314,16,75
476,313,16,75
478,313,16,75
479,312,16,75
480,312,16,75
481,311,16,75
483,311,16,75
484,310,16,76
486,310,16,76
487,310,16,76
488,311,16,76
489,311,16,76
490,311,16,76
491,311,16,76
492,311,16,76
493,311,16,76
494,311,16,76
495,311,16,76
496,311,16,75
497,310,16,75
498,310,16,74
500,309,16,74
501,309,16,74
503,308,16,74
504,308,16,75
505,307,16,75
506,307,16,76
507,307,16,77
507,307,16,78
508,307,16,79
509,307,17,79
511,308,19,79
512,308,20,79
513,308,20,79
514,308,20,79
515,308,20,79
517,308,20,79
518,308,20,79
520,308,20,79
521,308,20,77
521,307,20,74
522,307,20,72
524,307,20,73
525,308,20,74
527,308,20,75
528,308,20,75
529,308,20,75
530,308,20,75
532,308,19,76
534,308,18,76
536,308,17,77
537,308,17,78
538,307,17,79
539,307,17,80
541,307,16,78
543,307,16,77
545,307,15,75
546,307,15,75
547,307,15,75
548,307,15,75
550,307,15,75
551,307,15,75
553,307,15,75
554,307,15,75
554,307,15,75
555,307,15,75
557,307,15,75
558,308,15,75
560,308,15,75
561,308,15,75
563,308,15,75
564,308,15,75
565,308,15,75
565,307,15,75
566,307,15,75
565,307,15,75
565,307,15,75
564,307,15,75
563,307,15,75
561,307,15,75
560,307,15,75
558,308,15,75
557,308,15,75
555,309,15,75
552,309,15,76
550,309,15,78
547,309,15,79
545,309,15,79
544,308,15,79
542,308,15,79
540,308,15,78
538,308,15,77
536,308,15,76
535,308,15,76
533,308,15,76
532,308,15,76
531,308,15,77
529,309,15,77
528,309,15,78
527,309,15,79
525,310,15,80
524,310,15,81
524,311,15,80
524,311,15,79
524,312,15,78
524,312,16,78
523,312,17,78
523,312,18,78
523,312,18,76
523,312,18,75
523,312,18,73
524,312,17,74
524,312,17,76
525,312,16,77
525,312,16,77
525,312,16,77
525,312,16,77
526,312,16,78
526,312,15,80
527,312,15,81
527,312,15,81
527,312,15,81
527,312,15,81
527,312,15,81
527,312,15,81
527,312,15,81
