527,312,15,81
527,312,15,81
527,312,15,81
527,312,15,81
527,312,15,80
527,312,15,80
527,312,15,79
527,312,15,79
527,312,15,79
527,312,15,79
527,313,15,79
527,314,15,79
527,315,15,79
526,315,16,79
526,315,16,79
525,315,17,79
524,315,17,78
524,316,17,77
523,316,17,76
523,315,17,76
522,315,17,76
522,314,17,76
521,314,17,76
520,314,17,76
519,314,17,76
518,314,17,76
518,315,17,76
517,315,17,76
516,315,17,76
515,316,17,76
514,316,17,76
513,316,17,78
513,315,17,79
512,315,17,81
511,315,17,80
510,315,17,78
509,315,17,77
509,315,16,77
509,315,15,77
509,315,14,77
509,315,14,77
508,315,14,77
508,315,14,77
507,315,14,77
506,315,14,77
505,315,14,77
505,315,14,77
505,315,14,77
505,315,14,77
504,316,15,77
504,316,15,77
503,317,16,77
503,317,16,77
503,317,16,77
503,317,16,77
503,317,16,77
503,317,16,77
503,317,16,77
502,317,16,77
501,316,16,77
500,316,16,77
500,316,16,77
500,316,16,77
500,316,16,77
500,316,16,78
500,316,16,80
500,316,16,81
499,316,17,80
499,316,17,80
498,316,18,79
498,316,18,78
498,316,18,76
498,316,18,75
498,316,18,75
498,316,18,75
498,316,18,75
498,316,18,75
498,316,18,75
498,316,18,75
498,316,18,75
498,316,18,75
498,316,18,75
498,316,18,75
498,316,18,75
498,316,18,75
498,316,18,75
498,316,18,75
498,316,18,75
498,316,18,75
498,316,18,75
498,316,18,75
499,316,18,75
499,316,18,75
500,316,18,75
500,316,18,75
500,316,18,75
500,316,18,75
500,316,18,75
500,316,18,75
500,316,18,75
500,316,18,75
500,316,18,75
500,316,18,75
501,315,18,76
501,314,18,78
502,313,18,79
502,313,18,79
502,313,18,79
502,313,18,79
502,313,18,79
502,313,18,79
502,313,18,79
503,313,18,78
503,312,18,77
504,312,18,76
504,312,18,76
504,312,18,76
504,312,18,76
506,312,18,76
507,311,18,76
509,311,18,76
510,310,18,76
510,310,18,76
511,309,18,76
512,308,18,76
514,308,18,76
515,307,18,76
516,307,18,76
517,306,18,76
518,306,18,76
518,306,18,76
518,306,18,76
518,306,18,76
519,306,18,77
521,307,18,79
522,307,18,80
522,307,18,80
522,307,18,80
522,307,18,80
524,306,18,80
526,306,18,80
528,305,18,80
528,305,18,80
528,305,18,80
528,305,18,80
529,305,18,80
529,304,18,80
530,304,18,80
531,304,18,80
532,303,18,80
533,303,18,80
534,303,18,80
535,304,18,80
536,304,18,80
537,304,18,80
539,303,18,80
540,303,18,80
541,303,18,78
541,303,18,77
542,303,18,75
542,303,18,75
542,303,18,75
542,303,18,75
543,303,18,76
545,303,18,77
546,303,18,78
546,303,18,79
547,303,18,80
547,303,18,81
549,303,16,81
551,303,15,81
553,303,13,81
554,303,13,81
554,303,13,81
555,303,13,81
555,303,13,81
555,303,13,81
555,303,13,81
556,303,14,80
557,303,16,79
558,303,17,78
558,303,17,78
558,303,17,78
558,303,17,78
559,303,17,78
561,304,17,78
562,304,17,78
563,304,17,78
564,305,17,78
565,305,17,78
566,305,17,78
568,305,17,78
569,305,17,78
570,305,17,78
570,306,17,78
571,306,17,78
572,306,17,78
573,307,17,78
574,307,17,78
574,308,17,78
575,308,17,78
575,309,17,78
576,309,17,79
577,310,17,81
578,310,17,82
579,310,17,82
580,311,17,82
581,311,17,82
582,311,16,82
584,311,15,82
585,311,14,82
586,311,14,81
587,312,14,80
588,312,14,79
589,312,14,79
590,312,14,79
591,312,14,79
592,312,15,80
593,312,15,80
594,312,16,81
595,312,16,81
596,312,16,81
597,312,16,81
598,312,16,81
599,313,16,81
600,313,16,81
601,313,16,81
602,314,16,81
603,314,16,81
604,314,16,80
606,315,16,78
607,315,16,77
609,315,16,78
610,315,15,79
612,315,15,80
612,315,15,80
612,315,15,80
612,315,15,80
611,316,15,80
610,317,15,80
609,318,15,80
607,318,15,81
605,318,15,82
603,318,15,83
601,318,15,83
598,319,15,83
596,319,15,83
594,319,15,81
591,319,15,80
589,319,15,78
587,319,15,78
585,320,15,78
583,320,15,78
582,320,15,79
580,321,15,80
579,321,15,81
578,321,16,82
578,321,16,82
577,321,17,83
578,321,17,83
579,320,17,83
580,320,17,83
581,321,17,81
582,321,17,80
583,322,17,78
584,322,17,78
586,322,17,78
587,322,17,78
589,322,16,79
590,322,15,80
592,322,14,81
593,322,14,82
593,323,14,83
594,323,14,84
595,323,14,84
596,324,14,84
597,324,14,84
598,324,14,84
599,323,14,84
600,323,14,84
601,323,14,84
603,323,14,84
604,323,14,84
605,322,14,84
607,322,14,84
608,321,14,84
609,322,15,83
609,323,16,82
610,324,17,81
611,324,17,81
612,324,17,81
613,324,17,81
614,324,17,82
615,325,17,83
616,325,17,84
617,325,17,81
619,325,17,78
620,325,17,75
622,325,17,76
623,325,16,76
625,325,16,77
626,325,16,78
627,325,16,78
628,325,16,79
629,325,16,80
630,326,16,80
631,326,16,81
632,327,16,81
634,328,17,81
635,329,17,81
635,329,17,81
636,329,17,81
636,329,17,81
637,329,17,81
638,329,17,81
639,329,17,81
640,329,17,80
641,328,17,80
642,328,17,79
643,328,17,79
645,328,17,79
646,328,17,79
647,328,17,80
647,328,17,80
648,328,17,81
649,328,17,81
651,328,17,81
652,328,17,81
654,328,17,79
656,328,17,76
658,328,17,74
659,328,18,76
659,328,20,77
660,328,21,79
661,328,20,79
662,329,20,79
663,329,19,79
664,329,19,80
666,329,19,81
667,329,19,82
668,329,18,82
670,329,18,82
671,329,17,82
672,329,17,82
672,330,17,82
673,330,17,82
674,329,17,82
675,329,17,82
676,328,17,82
677,328,17,82
679,327,17,82
680,327,17,82
681,327,17,82
681,327,17,82
682,327,17,82
682,327,19,82
683,326,21,82
683,326,23,82
684,326,23,82
685,326,23,82
686,326,23,82
686,326,25,82
686,326,26,82
686,326,28,82
691,326,25,80
695,326,22,78
700,326,19,76
700,326,19,76
700,326,19,76
700,326,19,76
702,326,18,77
704,325,17,78
706,325,16,79
707,325,16,79
709,324,16,79
710,324,16,79
711,324,16,79
712,323,16,79
713,323,16,79
714,323,16,79
716,322,16,79
717,322,16,79
718,322,16,79
719,322,16,79
720,322,16,79
721,322,16,79
722,321,16,79
723,321,16,79
724,320,17,80
725,320,18,80
726,319,19,81
727,319,19,80
729,319,19,79
730,319,19,78
732,318,19,78
733,318,19,78
735,317,19,78
736,316,19,78
737,316,19,78
738,315,19,78
740,315,18,77
742,314,17,77
744,314,16,76
745,313,16,77
746,313,16,77
747,312,16,78
748,312,16,78
749,312,16,78
750,312,16,78
751,311,16,75
753,311,16,72
754,310,16,69
755,309,16,70
756,309,16,71
757,308,16,72
758,307,16,73
759,306,16,75
760,305,16,76
761,304,16,76
761,304,16,76
762,303,16,76
764,303,16,74
766,302,16,73
768,302,16,71
770,301,16,70
771,301,16,68
773,300,16,67
775,300,16,68
776,299,16,68
778,299,16,69
780,298,16,70
782,298,16,70
784,297,16,71
785,296,16,72
787,296,16,74
788,295,16,75
789,295,17,75
791,295,17,75
792,295,18,75
793,294,19,75
795,294,21,76
796,293,22,76
798,292,22,73
799,291,21,70
801,290,21,67
803,289,20,68
805,289,20,69
807,288,19,70
809,288,19,70
810,287,19,70
812,287,19,70
814,286,19,70
817,284,19,70
819,283,19,70
821,283,19,70
822,283,19,70
824,283,19,70
826,283,19,70
827,282,19,70
829,282,19,70
830,280,19,72
832,278,19,74
833,276,19,76
835,275,19,76
836,274,19,76
838,273,19,76
839,273,19,76
841,272,19,76
842,272,19,76
844,272,19,73
845,272,19,71
847,272,19,68
849,272,19,68
850,271,19,68
852,271,19,68
854,269,18,68
857,268,16,68
859,266,15,68
860,266,15,68
862,266,15,68
863,266,15,68
864,266,15,68
865,267,15,68
866,267,15,68
867,267,15,68
867,267,15,68
868,267,15,68
868,273,15,62
868,280,15,55
868,286,15,49
869,286,15,49
871,286,15,49
872,286,15,49
NaN,NaN,NaN,NaN
NaN,NaN,NaN,NaN
NaN,NaN,NaN,NaN
NaN,NaN,NaN,NaN
NaN,NaN,NaN,NaN
NaN,NaN,NaN,NaN
NaN,NaN,NaN,NaN
NaN,NaN,NaN,NaN
NaN,NaN,NaN,NaN
NaN,NaN,NaN,NaN
NaN,NaN,NaN,NaN
NaN,NaN,NaN,NaN
NaN,NaN,NaN,NaN
NaN,NaN,NaN,NaN
NaN,NaN,NaN,NaN
NaN,NaN,NaN,NaN
NaN,NaN,NaN,NaN
NaN,NaN,NaN,NaN
NaN,NaN,NaN,NaN
NaN,NaN,NaN,NaN
NaN,NaN,NaN,NaN
NaN,NaN,NaN,NaN
NaN,NaN,NaN,NaN
NaN,NaN,NaN,NaN
NaN,NaN,NaN,NaN
NaN,NaN,NaN,NaN
NaN,NaN,NaN,NaN
NaN,NaN,NaN,NaN
NaN,NaN,NaN,NaN
NaN,NaN,NaN,NaN
NaN,NaN,NaN,NaN
NaN,NaN,NaN,NaN
NaN,NaN,NaN,NaN
NaN,NaN,NaN,NaN
NaN,NaN,NaN,NaN
NaN,NaN,NaN,NaN
NaN,NaN,NaN,NaN
NaN,NaN,NaN,NaN
NaN,NaN,NaN,NaN
NaN,NaN,NaN,NaN
NaN,NaN,NaN,NaN
NaN,NaN,NaN,NaN
NaN,NaN,NaN,NaN
NaN,NaN,NaN,NaN
868,240,15,22
867,239,16,23
866,238,18,25
865,237,19,26
864,237,19,27
862,237,18,29
861,237,18,30
861,237,19,32
860,237,19,33
860,237,20,35
859,236,19,37
859,236,18,39
858,235,17,41
857,234,17,43
857,234,17,45
856,233,17,47
855,233,17,50
855,232,17,52
854,232,17,55
853,232,17,56
853,232,17,58
852,232,17,59
852,232,17,61
851,231,17,64
851,231,17,66
850,230,17,66
850,230,17,66
849,229,17,66
848,228,17,67
848,227,16,68
847,226,16,69
846,227,16,69
846,227,16,69
845,228,16,69
844,227,16,70
844,227,15,70
843,226,15,71
842,225,15,71
842,224,15,71
841,223,15,71
840,223,15,71
839,222,15,71
838,222,15,71
837,223,15,70
836,223,15,68
835,224,15,67
834,224,16,67
834,224,16,67
833,224,17,67
832,223,17,69
830,221,16,70
829,220,16,72
828,219,16,72
828,218,16,72
827,217,16,72
826,218,16,69
824,219,15,67
823,220,15,64
822,220,15,66
821,219,15,67
820,219,15,69
819,218,15,69
818,216,15,69
817,215,15,69
815,215,15,69
814,216,15,69
812,216,15,69
811,216,15,69
809,216,15,69
808,216,15,69
807,216,15,69
805,215,15,69
804,215,15,69
803,215,15,69
801,214,15,69
800,214,15,69
798,213,15,69
797,213,15,69
795,212,15,69
793,213,15,66
792,213,15,64
790,214,15,61
788,213,15,63
787,213,15,65
785,212,15,67
783,212,15,67
782,211,15,67
780,211,15,67
778,211,15,67
775,210,15,67
773,210,15,67
771,211,15,66
770,211,15,66
768,212,15,65
766,212,15,65
764,212,15,65
762,212,15,65
760,211,15,66
757,210,15,68
755,209,15,69
753,209,15,69
750,208,15,69
748,208,15,69
746,208,14,67
744,209,14,66
742,209,13,64
740,210,13,64
737,210,13,64
735,211,13,64
733,210,13,66
730,209,13,67
728,208,13,69
726,208,13,69
723,207,13,69
721,207,13,69
719,207,13,69
716,207,13,68
714,207,13,68
711,208,13,67
709,209,13,66
706,210,13,65
704,209,13,66
701,209,13,68
699,208,13,69
696,208,13,69
694,208,13,69
691,208,13,69
688,208,13,67
685,208,13,65
682,208,13,63
680,209,13,64
677,209,13,64
675,210,13,65
672,209,13,65
670,209,13,65
667,208,13,65
665,207,13,68
662,207,13,71
660,206,13,74
657,207,13,72
654,208,13,71
651,209,13,69
648,210,13,67
646,211,13,66
643,212,13,64
640,211,13,66
638,211,13,68
635,210,13,70
632,210,13,70
629,209,13,70
626,209,13,70
623,210,13,69
621,210,13,67
618,211,13,66
615,211,13,66
613,212,13,66
610,212,13,66
607,212,13,67
605,212,13,67
602,212,13,68
599,211,13,69
597,210,13,70
594,209,13,71
591,209,13,71
589,209,13,71
586,209,13,71
584,211,13,71
581,212,13,71
579,214,13,71
576,214,13,71
574,213,13,71
571,213,13,71
568,213,13,71
566,213,13,71
563,213,13,71
561,213,13,71
558,213,13,71
556,213,13,71
553,214,13,68
551,216,13,66
548,217,13,63
546,217,13,65
544,217,13,66
542,217,13,68
540,216,13,70
537,216,13,72
535,215,13,74
533,215,13,74
531,215,13,74
529,215,13,74
528,215,13,73
527,216,13,71
526,216,13,70
527,217,13,70
528,217,13,70
529,218,13,70
531,227,13,61
533,237,13,52
535,246,13,43
539,247,13,39
543,249,13,36
547,250,13,32
NaN,NaN,NaN,NaN
NaN,NaN,NaN,NaN
NaN,NaN,NaN,NaN
NaN,NaN,NaN,NaN
NaN,NaN,NaN,NaN
NaN,NaN,NaN,NaN
NaN,NaN,NaN,NaN
NaN,NaN,NaN,NaN
NaN,NaN,NaN,NaN
NaN,NaN,NaN,NaN
NaN,NaN,NaN,NaN
NaN,NaN,NaN,NaN
NaN,NaN,NaN,NaN
NaN,NaN,NaN,NaN
623,217,13,24
629,218,13,26
634,220,13,28
640,221,13,30
645,221,13,33
650,222,13,37
655,222,13,40
659,221,13,45
663,221,13,49
667,220,13,54
668,219,13,57
670,219,13,61
671,218,13,64
672,219,13,64
672,221,13,64
673,222,13,64
672,223,13,64
672,223,13,64
671,224,13,64
670,224,13,64
668,224,13,64
667,224,13,64
666,223,13,65
665,222,13,67
664,221,13,68
663,221,13,68
662,221,13,68
661,221,13,68
660,223,13,66
658,224,13,63
657,226,13,61
656,227,13,62
655,227,13,63
654,228,13,64
653,228,13,65
652,228,13,65
651,228,13,66
650,227,13,66
649,226,13,67
648,225,13,67
647,225,13,68
646,225,13,68
645,225,13,69
644,226,13,68
642,227,13,66
641,228,13,65
640,229,13,65
639,229,13,65
638,230,13,65
637,230,13,66
635,230,13,68
634,230,13,69
633,230,14,69
631,229,15,69
630,229,16,69
629,229,16,69
628,228,16,69
627,228,16,69
626,230,16,67
624,231,16,64
623,233,16,62
622,233,16,64
620,233,16,65
619,233,16,67
618,233,16,69
617,233,16,70
616,233,16,72
614,234,16,73
613,234,16,74
611,235,16,75
611,235,16,75
611,235,16,75
611,235,16,75
613,236,16,73
616,237,16,72
618,238,16,70
620,238,16,70
623,239,16,70
625,239,16,70
629,239,16,71
632,240,16,72
636,240,16,73
640,241,16,73
644,241,16,73
648,242,16,73
652,243,16,73
657,244,16,73
661,245,16,73
666,245,16,71
671,246,16,69
676,246,16,67
681,246,16,68
687,246,16,68
692,246,16,69
696,247,16,70
700,247,16,72
704,248,16,73
708,249,16,74
713,250,16,75
717,251,16,76
720,252,16,77
724,252,16,77
727,253,16,78
730,254,16,78
734,254,16,78
737,255,16,78
740,256,16,75
742,256,16,73
745,257,16,70
748,257,16,70
751,257,16,70
754,257,16,70
755,258,16,67
757,260,16,65
758,261,16,62
760,262,16,63
763,262,16,64
765,263,16,65
766,264,16,65
766,265,16,66
767,266,16,66
768,266,15,68
770,267,15,69
771,267,14,71
772,268,14,71
774,268,14,71
775,269,14,71
776,270,14,67
778,271,14,63
779,272,14,59
781,272,14,61
782,273,14,63
784,273,14,65
785,273,14,68
787,273,14,72
788,273,14,75
789,273,15,75
789,274,16,75
790,274,17,75
792,275,17,72
793,276,17,69
795,277,17,66
796,278,17,66
798,278,17,66
799,279,17,66
799,279,17,69
800,279,17,71
800,279,17,74
800,280,17,74
800,281,17,74
800,282,17,74
799,282,17,77
798,283,17,80
797,283,17,83
795,284,18,83
793,286,19,83
791,287,20,83
789,288,20,83
786,289,20,83
784,290,20,83
782,290,20,83
781,291,20,83
779,291,20,83
777,291,20,81
774,292,20,80
772,292,20,78
770,293,20,78
769,293,20,78
767,294,20,78
765,295,20,75
762,296,20,72
760,297,20,69
759,298,20,70
757,298,20,71
756,299,20,72
754,300,20,73
753,300,20,75
751,301,20,76
749,302,20,78
748,302,20,79
746,303,20,81
743,304,20,82
741,305,20,83
738,306,20,84
736,307,21,85
733,309,22,85
731,310,23,86
730,311,22,82
729,311,20,77
728,312,19,73
726,312,19,75
724,313,19,77
722,313,19,79
720,313,19,81
718,314,19,84
716,314,19,86
714,315,19,84
712,317,20,83
710,318,20,81
708,319,20,80
707,321,21,78
705,322,21,77
703,323,21,78
701,324,22,78
699,325,22,79
697,325,23,81
694,326,23,82
692,326,24,84
691,328,24,85
689,330,24,86
688,332,24,87
687,333,23,83
687,335,23,80
686,336,22,76
684,337,22,77
682,337,22,79
680,338,22,80
678,339,22,82
677,340,22,84
675,341,22,86
674,341,22,87
674,341,22,88
673,341,22,89
672,341,21,88
672,342,20,86
671,342,19,85
670,344,19,85
668,346,19,85
667,348,19,85
666,349,19,85
666,351,19,85
665,352,19,85
663,351,19,88
662,351,18,90
660,350,18,93
659,350,18,93
657,349,18,93
656,349,18,93
655,351,18,90
653,354,18,87
652,356,18,84
651,357,18,84
649,358,18,84
648,359,18,84
646,359,19,86
645,358,19,89
643,358,20,91
642,358,20,87
641,358,20,84
640,358,20,80
640,360,19,80
639,362,18,80
639,364,17,80
638,365,17,82
637,365,18,84
636,366,18,86
635,365,19,89
634,365,19,91
633,364,20,94
633,364,20,89
633,364,20,83
633,364,20,78
632,366,20,78
632,369,20,78
631,371,20,78
631,371,20,81
630,370,19,84
630,370,19,87
630,369,20,87
630,369,20,88
630,368,21,88
631,369,21,84
632,371,21,80
633,372,21,76
633,374,21,77
634,375,21,78
634,377,21,79
633,377,21,82
633,378,21,86
632,378,21,89
632,377,21,91
633,377,21,94
633,376,21,96
634,377,21,91
635,377,20,86
636,378,20,81
637,380,19,84
637,383,19,86
638,385,18,89
639,386,18,89
640,386,17,89
641,387,17,89
641,387,19,87
641,386,21,86
641,386,23,84
643,387,22,82
644,389,22,81
646,390,21,79
647,392,21,80
648,393,21,80
649,395,21,81
651,396,21,83
653,397,21,86
655,398,21,88
656,397,21,85
658,397,21,81
659,396,21,78
661,397,21,78
662,399,21,79
664,400,21,79
666,401,21,81
667,402,21,83
669,403,21,85
671,404,21,85
674,404,20,86
676,405,20,86
678,406,20,85
681,406,20,83
683,407,20,82
685,409,20,83
688,411,20,83
690,413,20,84
692,414,20,86
693,416,20,88
695,417,20,90
698,417,20,88
700,416,20,86
703,416,20,84
706,417,20,85
708,417,20,85
711,418,20,86
714,420,20,87
717,423,20,87
720,425,20,88
722,426,20,90
724,428,20,93
726,429,20,95
728,429,22,95
731,429,24,95
733,429,26,95
736,431,26,92
740,433,26,88
743,435,26,85
744,437,26,87
746,438,26,88
747,440,26,90
749,440,25,94
752,440,24,97
754,440,23,101
756,440,23,98
759,440,23,95
761,440,23,92
763,442,23,90
765,445,23,88
767,447,23,86
769,448,23,91
772,449,23,95
774,450,23,100
776,450,23,100
778,449,23,100
780,449,23,100
782,450,24,97
785,450,24,95
787,451,25,92
789,453,25,92
791,456,25,92
793,458,25,92
795,459,24,94
796,461,24,97
798,462,23,99
799,462,25,102
799,461,26,104
800,461,28,107
801,462,28,109
802,462,28,110
803,463,28,112
805,466,27,107
807,468,26,101
809,471,25,96
810,471,25,98
812,472,25,101
813,472,25,103
814,473,25,102
816,473,25,101
817,474,25,100
818,475,25,97
820,476,26,93
821,477,26,90
822,479,26,91
823,482,27,91
824,484,27,92
825,485,27,95
826,486,27,99
827,487,27,102
828,487,26,104
830,487,25,107
831,487,24,109
832,488,24,109
833,488,24,109
834,489,24,109
835,492,24,107
836,494,24,104
837,497,24,102
837,498,24,104
837,500,23,105
837,501,23,107
