367,477,51,123
402,461,49,117
438,445,47,111
473,429,45,105
506,419,46,108
539,408,48,110
572,398,49,113
597,391,51,114
623,385,54,115
648,378,56,116
669,376,55,109
691,375,55,103
712,373,54,96
731,372,54,95
750,370,55,93
769,369,55,92
779,365,59,96
789,361,63,101
799,357,67,105
805,355,69,104
811,353,70,102
817,351,72,101
824,348,69,96
830,345,66,91
837,342,63,86
836,337,66,88
836,332,70,89
835,327,73,91
830,321,75,92
824,316,76,94
819,310,78,95
810,303,78,94
802,297,78,94
793,290,78,93
786,285,71,92
779,279,64,90
772,274,57,89
757,266,59,93
741,258,62,98
726,250,64,102
713,245,64,102
701,239,64,103
688,234,64,103
678,229,62,101
668,225,61,100
658,220,59,98
654,216,52,96
650,213,46,95
646,209,39,93
638,205,41,95
631,201,44,97
623,197,46,99
619,193,50,100
615,188,55,101
611,184,59,102
609,181,58,101
608,177,56,99
606,174,55,98
610,172,51,96
614,170,47,93
618,168,43,91
619,163,45,93
621,159,46,96
622,154,48,98
624,150,50,101
626,145,51,103
628,141,53,106
631,138,51,105
634,134,50,103
637,131,48,102
642,129,45,100
648,128,41,97
653,126,38,95
653,122,42,95
654,119,46,94
654,115,50,94
654,113,55,95
653,112,60,95
653,110,65,96
655,110,64,91
657,111,64,86
659,111,63,81
668,111,57,78
678,111,50,76
687,111,44,73
689,111,46,74
691,112,47,75
693,112,49,76
695,114,51,74
696,116,54,72
698,118,56,70
703,121,51,68
708,123,45,65
713,126,40,63
708,128,43,67
703,129,45,71
698,131,48,75
691,135,55,76
683,140,63,77
676,144,70,78
672,150,65,75
667,155,60,72
663,161,55,69
660,166,51,67
656,172,46,65
653,177,42,63
645,185,48,66
636,192,53,68
628,200,59,71
619,209,61,73
610,217,64,75
601,226,66,77
591,237,66,70
580,248,67,64
570,259,67,57
558,269,70,63
547,279,72,68
535,289,75,74
526,301,73,81
516,314,71,87
507,326,69,94
502,339,65,88
498,353,62,81
493,366,58,75
486,378,60,71
480,389,62,67
473,401,64,63
466,413,64,77
460,424,64,90
453,436,64,104
449,448,61,108
444,459,58,111
440,471,55,115
436,485,57,106
431,500,59,97
427,514,61,88
424,524,65,87
421,535,69,86
418,545,73,85
417,554,72,99
416,563,71,113
415,572,70,127
415,585,72,121
415,597,74,114
415,610,76,108
417,620,73,98
420,630,71,89
422,640,68,79
427,642,66,77
432,643,65,76
437,645,63,74
441,650,66,70
445,655,69,65
449,660,72,61
455,667,77,54
460,673,82,46
466,680,87,39
477,685,86,34
487,690,84,30
498,695,83,25
503,694,84,26
509,694,84,27
514,693,85,28
521,691,88,29
528,690,90,29
535,688,93,30
547,687,90,32
560,685,86,34
572,684,83,36
586,676,78,44
600,668,73,52
614,660,68,60
618,650,77,70
623,640,85,81
627,630,94,91
635,625,97,96
642,620,101,101
650,615,104,106
662,613,106,105
673,612,107,103
685,610,109,102
699,603,105,97
714,597,101,93
728,590,97,88
731,584,101,96
734,577,105,105
737,571,109,113
746,565,108,115
754,560,106,118
763,554,105,120
775,551,102,115
786,547,99,111
798,544,96,106
808,538,94,100
818,533,91,95
828,527,89,89
830,522,97,95
831,517,105,101
833,512,113,107
838,510,116,110
843,508,120,112
848,506,123,115
860,505,117,112
873,504,112,108
885,503,106,105
891,500,106,102
898,497,106,100
904,494,106,97
900,489,111,104
896,483,115,110
892,478,120,117
892,475,121,116
891,472,121,115
891,469,122,114
895,466,117,111
898,463,113,107
902,460,108,104
902,454,106,101
903,449,105,97
903,443,103,94
896,438,107,97
888,433,111,101
881,428,115,104
876,423,118,106
871,419,121,108
866,414,124,110
869,412,118,106
872,409,111,103
875,407,105,99
874,403,106,99
872,398,106,99
871,394,107,99
867,389,111,104
863,384,115,109
859,379,119,114
857,377,119,113
854,374,118,113
852,372,118,112
856,369,111,110
860,366,103,108
864,363,96,106
862,357,96,107
861,350,95,107
859,344,95,108
851,337,100,109
844,331,105,109
836,324,110,110
831,321,110,110
825,317,110,110
820,314,110,110
819,310,101,108
819,306,92,107
818,302,83,105
807,295,84,107
797,289,85,110
786,282,86,112
772,276,88,112
758,271,91,113
744,265,93,113
730,259,92,113
716,253,92,114
702,247,91,114
695,244,83,114
689,240,76,113
682,237,68,113
669,231,67,115
657,225,67,117
644,219,66,119
630,213,68,122
615,207,71,126
601,201,73,129
591,199,74,124
580,198,74,119
570,196,75,114
570,193,67,112
570,190,59,110
570,187,51,108
566,183,53,109
562,178,54,111
558,174,56,112
553,170,62,113
549,166,69,113
544,162,75,114
542,158,78,114
541,155,80,113
539,151,83,113
544,150,75,112
549,150,67,110
554,149,59,109
559,146,60,112
565,143,60,114
570,140,61,117
570,137,65,120
570,133,69,122
570,130,73,125
573,129,73,123
577,127,74,121
580,126,74,119
589,126,66,118
598,125,59,116
607,125,51,115
613,124,49,117
619,123,48,118
625,122,46,120
626,120,50,122
626,117,54,123
627,115,58,125
628,114,63,125
630,114,68,125
631,113,73,125
637,115,69,122
642,117,65,118
648,119,61,115
656,120,61,116
663,122,60,118
671,123,60,119
672,122,63,121
672,121,65,122
673,120,68,124
677,120,68,124
680,121,68,124
684,121,68,124
692,123,63,121
700,126,59,117
708,128,54,114
712,130,55,116
716,131,57,117
720,133,58,119
721,134,62,120
722,134,67,120
723,135,71,121
727,136,72,122
730,136,72,122
734,137,73,123
742,139,69,120
749,142,66,117
757,144,62,114
762,144,62,117
767,143,61,121
772,143,61,124
771,140,61,127
770,138,61,131
769,135,61,134
769,134,59,132
769,132,56,129
769,131,54,127
771,131,49,125
772,131,45,122
774,131,40,120
769,127,40,124
763,122,41,127
758,118,41,131
751,114,42,131
744,110,42,131
737,106,43,131
728,104,43,124
720,102,43,118
711,100,43,111
701,95,44,116
692,91,46,120
682,86,47,125
678,81,46,125
673,77,46,124
669,72,45,124
667,67,45,119
666,63,44,114
664,58,44,109
661,53,46,111
657,49,47,114
654,44,49,116
651,39,50,116
649,34,50,117
646,29,51,117
646,25,47,113
646,21,42,109
646,17,38,105
642,12,41,110
639,8,45,114
635,3,48,119
633,2,48,114
632,2,49,108
630,1,49,103
628,1,48,95
625,1,48,87
623,1,47,79
619,1,49,80
615,1,51,80
611,1,53,81
610,1,50,74
609,1,46,66
608,1,43,59
605,1,40,58
601,1,36,56
598,1,33,55
595,1,37,53
591,1,40,50
588,1,44,48
585,1,41,42
582,1,37,36
579,1,34,30
575,1,33,30
572,1,31,31
568,1,30,31
564,1,31,33
560,1,31,34
556,1,32,36
556,1,31,30
556,1,31,25
556,1,30,19
561,1,27,21
566,1,25,24
571,1,22,26
572,1,31,27
573,1,40,29
574,1,49,30
584,1,47,25
594,1,44,21
604,1,42,16
620,1,41,21
636,1,39,25
652,1,38,30
667,1,35,34
683,1,31,38
698,1,28,42
711,1,31,39
723,1,35,35
736,1,38,32
746,1,35,37
755,1,31,41
765,1,28,46
771,1,30,53
776,1,31,60
782,1,33,67
782,1,35,64
783,1,38,61
783,1,40,58
787,1,39,59
790,1,38,61
794,1,37,62
799,1,39,70
803,1,41,79
808,1,43,87
810,1,44,89
812,1,46,92
814,1,47,94
817,1,46,92
820,1,45,91
823,1,44,89
826,1,41,94
830,1,38,99
833,1,35,104
834,1,36,107
835,1,37,110
836,1,38,113
837,1,38,108
837,1,38,102
838,1,38,97
835,1,41,98
831,1,45,98
828,1,48,99
825,1,50,101
822,1,51,104
819,1,53,106
817,1,53,105
815,2,52,105
813,2,52,104
810,2,49,101
807,3,47,99
804,3,44,96
801,5,42,97
799,6,41,98
796,8,39,99
790,9,44,101
783,9,50,102
777,10,55,104
772,13,56,99
766,16,57,95
761,19,58,90
756,21,55,89
750,22,51,88
745,24,48,87
744,26,49,88
742,29,51,88
741,31,52,89
741,34,48,87
742,38,44,86
742,41,40,84
745,46,41,82
749,50,42,81
752,55,43,79
755,60,52,78
757,66,60,77
760,71,69,76
776,77,65,76
791,84,62,75
807,90,58,75
817,95,56,78
826,101,55,82
836,106,53,85
841,114,55,83
845,122,56,82
850,130,58,80
853,139,53,77
857,148,47,73
860,157,42,70
850,166,54,70
839,174,65,70
829,183,77,70
826,191,80,69
824,200,84,68
821,208,87,67
822,216,80,66
822,224,72,64
823,232,65,63
816,237,61,63
808,243,57,62
801,248,53,62
783,251,62,64
765,255,70,66
747,258,79,68
737,263,81,70
726,269,82,72
716,274,84,74
705,279,79,71
695,283,73,68
684,288,68,65
677,293,66,72
671,299,63,78
664,304,61,85
656,308,63,87
649,313,64,89
641,317,66,91
643,322,61,87
645,326,56,84
647,331,51,80
652,334,53,77
656,336,55,74
661,339,57,71
669,344,59,79
678,348,61,86
686,353,63,94
702,357,62,93
718,362,61,91
734,366,60,90
745,370,63,84
756,375,65,79
767,379,68,73
785,383,67,83
804,388,67,94
822,392,66,104
831,397,69,107
841,401,72,110
850,406,75,113
861,409,65,107
872,413,56,101
883,416,46,95
883,413,52,93
883,411,58,91
883,408,64,89
877,405,76,96
871,403,89,103
865,400,101,110
866,398,98,111
867,395,96,113
868,393,93,114
865,390,86,110
861,386,78,107
858,383,71,103
855,379,74,107
852,374,78,112
849,370,81,116
838,367,89,115
826,364,97,115
815,361,105,114
818,359,90,112
820,357,74,111
823,355,59,109
813,350,62,110
803,345,64,110
793,340,67,111
784,335,78,111
774,329,89,110
765,324,100,110
762,322,97,109
760,319,93,107
757,317,90,106
754,313,80,107
751,308,70,109
748,304,60,110
741,298,66,111
734,293,73,111
727,287,79,112
716,283,88,109
706,280,97,107
695,276,106,104
697,274,95,104
699,271,84,104
701,269,73,104
698,265,68,106
695,260,63,107
692,256,58,109
691,250,61,112
689,244,65,114
688,238,68,117
681,234,75,115
673,230,82,113
666,226,89,111
667,225,78,108
669,224,67,105
670,223,56,102
664,219,55,106
657,216,54,110
651,212,53,114
643,210,61,114
635,209,69,114
627,207,77,114
621,206,79,110
616,204,81,105
610,203,83,101
607,204,77,100
603,206,71,100
600,207,65,99
596,205,63,102
591,203,61,106
587,201,59,109
582,199,63,111
578,197,66,114
573,195,70,116
570,195,71,113
566,196,71,111
563,196,72,108
565,198,66,107
566,199,59,107
568,201,53,106
572,200,56,107
575,200,59,108
579,199,62,109
586,200,66,111
593,200,70,112
600,201,74,114
608,202,75,111
617,204,77,107
625,205,78,104
631,208,74,104
637,211,71,104
643,214,67,104
651,213,62,108
659,213,56,113
667,212,51,117
670,212,54,120
674,211,58,123
677,211,61,126
681,214,60,123
686,218,59,120
690,221,58,117
691,222,51,112
693,224,44,108
694,225,37,103
693,226,39,107
692,228,42,110
691,229,44,114
687,229,51,116
684,230,57,118
680,230,64,120
677,232,66,116
675,233,69,113
672,235,71,109
670,236,68,107
668,236,64,106
666,237,61,104
664,237,58,109
661,236,56,114
659,236,53,119
655,236,56,122
651,235,60,124
647,235,63,127
645,237,63,126
642,238,63,126
640,240,63,125
638,243,58,121
637,245,53,116
635,248,48,112
632,248,48,113
628,249,47,113
625,249,47,114
622,248,52,117
618,246,56,120
615,245,61,123
612,248,64,120
608,250,67,117
605,253,70,114
602,255,71,111
598,257,72,108
595,259,73,105
594,257,66,108
594,255,60,112
593,253,53,115
590,252,56,118
586,250,59,121
583,249,62,124
581,250,63,124
579,251,64,124
577,252,65,124
576,253,62,122
576,255,59,120
575,256,56,118
573,255,54,117
572,255,52,115
570,254,50,114
568,253,53,116
567,251,57,119
565,250,60,121
563,250,64,122
562,251,69,122
560,251,73,123
558,253,73,120
556,255,73,116
554,257,73,113
552,257,69,111
551,256,66,110
549,256,62,108
548,254,60,113
548,251,59,117
547,249,57,122
546,248,59,125
545,248,61,127
544,247,63,130
542,247,64,130
541,248,64,129
539,248,65,129
540,248,60,126
540,247,55,124
541,247,50,121
540,245,50,121
540,244,50,122
539,242,50,122
538,242,53,123
538,242,55,125
537,242,58,126
536,242,61,127
535,242,63,129
534,242,66,130
534,244,67,128
534,246,67,127
534,248,68,125
533,248,65,123
532,249,62,121
531,249,59,119
530,247,57,120
530,246,55,120
529,244,53,121
528,244,54,124
527,244,56,126
526,244,57,129
525,243,59,133
525,243,61,136
524,242,63,140
524,242,64,141
524,243,64,143
524,243,65,144
525,243,61,142
526,242,57,141
527,242,53,139
527,242,51,136
528,241,49,132
528,241,47,129
527,240,48,131
526,239,48,133
525,238,49,135
524,239,50,137
524,239,52,139
523,240,53,141
520,241,55,141
516,241,56,142
513,242,58,142
512,243,58,141
510,244,58,139
509,245,58,138
505,244,58,136
502,242,57,134
498,241,57,132
493,240,56,131
489,240,56,130
484,239,55,129
480,237,57,133
476,234,59,138
472,232,61,142
469,233,64,143
465,234,67,144
462,235,70,145
459,235,69,145
457,234,68,144
454,234,67,144
455,233,64,144
455,231,60,145
456,230,57,145
454,227,55,143
451,224,53,141
449,221,51,139
448,219,52,139
446,218,52,138
445,216,53,138
443,216,55,138
440,215,56,139
438,215,58,139
436,215,57,140
435,214,56,140
433,214,55,141
428,211,59,143
422,209,64,145
417,206,68,147
417,205,64,143
417,203,61,139
417,202,57,135
412,200,60,132
407,198,62,130
402,196,65,127
