950,321,28,51
951,325,28,51
953,328,28,51
954,332,28,51
957,336,27,50
961,341,25,49
964,345,24,48
966,347,24,48
968,350,24,47
970,352,24,47
974,354,24,46
977,357,23,46
981,359,23,45
983,361,23,45
985,362,23,45
987,364,23,45
989,365,23,45
992,367,23,45
994,368,23,45
996,370,23,44
999,371,23,42
1001,373,23,41
1003,374,24,41
1006,376,24,40
1008,377,25,40
1010,379,25,39
1013,382,25,38
1015,384,25,37
1018,385,24,37
1021,386,24,38
1024,387,23,38
1025,388,24,37
1027,389,25,35
1028,390,26,34
1030,391,27,34
1032,393,27,34
1034,394,28,34
1037,395,28,34
1039,397,28,34
1042,398,28,34
1042,398,29,34
1043,399,30,33
1043,399,31,33
1043,400,31,33
1042,400,30,33
1042,401,30,33
1040,402,30,32
1037,403,31,31
1035,404,31,30
1032,404,32,31
1029,405,32,31
1026,405,33,32
1024,406,33,32
1021,407,33,31
1019,408,33,31
1015,408,33,31
1012,409,34,32
1008,409,34,32
1006,409,33,33
1003,410,33,33
1001,410,32,34
998,410,32,35
994,410,31,36
991,410,31,37
987,410,30,38
983,409,30,40
979,409,29,41
975,407,29,42
971,405,28,43
967,403,28,44
962,400,29,45
957,396,31,46
952,393,32,47
948,390,32,47
945,387,33,46
941,384,33,46
939,381,31,46
936,379,29,45
934,376,27,45
931,374,26,44
927,373,26,42
924,371,25,41
920,370,25,40
915,370,26,39
911,369,26,38
907,369,26,36
902,370,25,35
898,370,25,33
894,371,25,33
890,371,24,33
886,372,24,33
881,373,25,34
875,375,26,36
870,376,27,37
864,378,28,38
858,381,29,40
852,383,30,41
847,386,30,42
843,388,31,43
838,391,31,44
833,395,32,43
829,398,34,42
824,402,35,41
819,404,34,38
814,406,32,35
809,408,31,32
806,408,30,30
802,409,28,29
799,409,27,27
796,407,26,28
793,405,26,28
790,403,25,29
786,402,25,32
781,401,25,35
777,400,25,38
774,401,25,35
770,401,24,33
767,402,24,30
762,401,25,32
758,399,26,34
753,398,27,36
750,397,26,37
746,395,26,38
743,394,25,39
740,393,25,40
736,393,24,40
733,392,24,41
731,390,23,42
729,388,22,44
727,386,21,45
723,385,22,45
719,384,23,46
715,383,24,46
712,382,24,46
709,380,25,46
706,379,25,46
706,378,24,45
705,378,22,45
705,377,21,44
702,376,22,44
699,374,23,45
696,373,24,45
693,372,25,44
691,372,26,44
688,371,27,43
687,370,26,43
687,370,26,43
686,369,25,43
685,369,25,41
685,368,24,40
684,368,24,38
684,367,24,38
684,367,25,39
684,366,25,39
685,365,25,38
686,363,24,37
687,362,24,36
688,360,25,36
690,357,26,35
691,355,27,35
692,353,27,34
694,351,28,33
695,349,28,32
697,348,28,32
698,348,29,31
700,347,29,31
702,346,28,31
703,346,28,30
705,345,27,30
708,344,26,31
712,344,24,32
715,343,23,33
717,342,22,34
719,342,21,34
721,341,20,35
723,340,20,34
725,338,21,33
727,337,21,32
730,336,20,32
732,334,19,32
735,333,18,32
738,332,18,31
740,331,18,31
743,330,18,30
745,329,18,31
746,329,18,31
748,328,18,32
749,328,19,32
751,329,20,31
752,329,21,31
755,328,20,31
758,327,18,30
761,326,17,30
763,326,17,31
765,325,17,33
767,325,17,34
769,325,17,33
771,325,17,33
773,325,17,32
775,324,17,32
776,324,17,33
778,323,17,33
779,323,18,34
781,322,18,34
782,322,19,35
785,321,18,34
787,321,17,34
790,320,16,33
791,320,17,33
793,319,17,33
794,319,18,33
795,318,18,33
797,318,18,33
798,317,18,33
800,316,18,32
802,316,18,32
804,315,18,31
805,314,19,31
806,314,19,32
807,313,20,32
809,312,19,32
811,311,19,31
813,310,18,31
814,309,18,31
816,309,18,31
817,308,18,31
819,308,18,31
821,308,18,30
823,308,18,30
824,308,19,30
825,307,19,30
826,307,20,30
828,308,20,30
829,308,20,30
831,309,20,30
833,308,21,30
834,308,21,31
836,307,22,31
837,308,23,30
837,310,23,28
838,311,24,27
840,311,24,26
842,312,25,26
844,312,25,25
846,312,25,24
849,313,25,24
851,313,25,23
853,313,24,23
855,313,24,24
857,313,23,24
860,312,22,24
863,312,22,25
866,311,21,25
868,311,21,25
869,311,20,24
871,311,20,24
872,310,20,24
873,310,21,25
874,309,21,25
875,308,20,25
877,308,20,25
878,307,19,25
879,307,19,25
880,306,19,24
881,306,19,24
881,305,19,24
880,305,19,25
880,304,19,25
880,303,19,25
880,303,19,24
880,302,19,24
880,301,18,25
879,299,18,27
879,298,17,28
878,297,17,28
877,297,17,28
876,296,17,28
875,296,18,27
873,296,19,27
872,296,20,26
871,295,19,27
869,295,19,27
868,294,18,28
867,293,19,28
865,292,19,27
864,291,20,27
863,291,20,27
862,290,19,26
861,290,19,26
859,290,19,26
858,289,19,26
856,289,19,26
854,289,19,26
853,289,19,26
851,289,19,26
850,290,18,26
848,290,18,25
847,291,17,25
845,291,18,25
842,292,18,25
840,292,19,25
838,292,19,25
837,291,18,26
835,291,18,26
833,291,18,26
831,290,19,25
829,290,19,25
827,290,19,24
826,291,18,24
824,291,18,23
822,290,18,23
820,290,18,23
818,289,18,23
816,289,18,24
813,288,18,24
811,288,18,25
809,288,17,24
808,287,17,24
806,287,16,23
804,287,15,23
801,287,15,23
799,287,14,23
797,286,14,24
794,286,15,24
792,285,15,25
790,284,15,24
787,284,14,23
785,283,14,22
782,282,15,23
778,281,15,24
775,280,16,25
773,280,16,24
770,279,16,24
768,279,16,23
765,279,16,23
763,280,15,23
760,280,15,23
758,280,14,22
757,281,13,22
755,281,12,21
752,281,13,21
748,280,14,21
745,280,15,21
742,280,15,21
740,280,15,22
737,280,15,22
735,280,15,21
734,280,14,21
732,280,14,20
730,280,14,20
727,280,14,19
725,280,14,19
723,280,15,20
720,279,15,21
718,279,16,22
716,279,15,21
714,278,15,20
712,278,14,19
709,278,14,21
707,277,15,23
704,277,15,25
702,278,15,24
701,278,14,23
699,279,14,22
696,278,14,22
694,278,14,23
691,277,14,23
689,277,14,23
686,277,15,23
684,277,15,23
682,277,14,23
680,277,14,22
678,277,13,22
676,277,13,22
673,276,13,23
671,276,13,23
669,276,13,22
668,275,12,22
666,275,12,21
664,275,13,21
663,275,13,21
661,275,14,21
660,275,14,21
659,274,13,21
658,274,13,21
657,274,13,20
656,274,12,20
655,274,12,19
653,274,12,20
652,274,13,20
650,274,13,21
649,274,13,20
647,274,13,20
646,274,13,19
645,274,13,19
644,273,13,19
643,273,13,19
642,273,13,20
641,272,12,20
640,272,12,21
638,272,13,22
637,272,14,22
635,272,15,23
635,272,15,23
634,272,15,23
634,272,15,23
633,272,15,23
633,271,15,23
632,271,15,23
632,271,14,23
633,271,14,22
633,271,13,22
632,271,14,22
632,272,14,23
631,272,15,23
631,272,14,22
631,271,14,20
631,271,13,19
631,271,13,19
630,271,14,19
630,271,14,19
630,271,14,20
630,271,13,20
630,271,13,21
629,271,14,21
628,271,14,21
627,271,15,21
626,271,15,21
626,271,16,21
625,271,16,21
625,270,15,21
626,270,14,21
626,269,13,21
625,269,13,21
625,268,12,21
624,268,12,21
623,268,12,21
623,267,13,21
622,267,13,21
622,267,13,20
622,268,12,19
622,268,12,18
622,268,12,17
621,267,11,17
621,267,11,16
620,267,11,16
620,267,11,17
619,267,11,17
618,267,11,17
618,266,12,16
617,266,12,16
617,266,11,17
616,265,11,18
616,265,10,19
615,265,10,18
615,264,11,18
614,264,11,17
613,264,11,17
613,264,12,16
612,264,12,16
612,264,12,16
612,264,11,16
612,264,11,16
611,264,11,16
611,265,11,15
610,265,11,15
610,265,11,16
610,264,11,17
610,264,11,18
611,263,11,19
611,261,10,20
612,260,10,21
612,260,10,20
611,261,11,20
611,261,11,19
611,261,11,18
612,261,11,18
612,261,11,17
612,261,11,17
613,260,11,17
613,260,11,17
614,260,11,17
614,260,12,16
615,260,12,16
615,259,12,18
616,259,12,19
616,258,12,21
617,257,12,21
618,257,11,22
619,256,11,22
620,257,10,20
621,257,10,18
622,258,9,16
622,257,10,17
623,257,11,18
623,256,12,19
624,256,12,19
625,256,12,19
626,256,12,19
627,256,12,18
627,256,11,18
628,256,11,17
629,256,11,17
629,255,11,17
630,255,11,17
631,255,11,17
633,255,10,16
634,255,10,16
635,255,10,16
635,256,11,16
636,256,11,16
637,256,11,16
637,257,11,16
638,257,11,16
639,258,11,16
641,258,10,16
642,259,10,16
642,259,10,17
643,259,10,19
643,259,10,20
644,260,10,19
644,262,11,19
645,263,11,18
646,264,11,18
646,264,10,18
647,265,10,18
648,266,10,17
649,266,10,17
650,267,10,16
651,268,10,16
651,268,10,17
652,269,10,17
653,270,10,16
653,270,10,16
654,271,10,15
655,272,10,15
655,272,10,14
656,273,10,14
657,274,10,14
657,274,9,15
658,275,9,15
659,275,9,15
659,276,10,15
660,276,10,15
660,277,10,15
661,278,10,14
661,279,10,14
662,279,10,14
663,280,10,15
664,280,10,15
664,281,10,15
664,281,11,16
664,282,11,16
665,283,11,15
665,283,12,14
666,284,12,13
667,284,11,13
667,285,10,13
668,285,9,13
668,285,9,14
669,285,10,15
669,285,10,16
670,286,10,16
670,287,9,17
671,288,9,17
671,289,9,17
672,289,10,16
672,290,10,16
673,291,9,16
673,291,9,15
674,292,8,15
674,292,8,16
674,293,9,16
674,293,9,17
674,294,9,16
675,294,10,15
675,295,10,14
675,296,10,14
675,297,10,13
675,298,10,13
676,298,9,13
677,299,9,13
678,299,8,13
678,300,8,14
677,300,9,14
677,301,9,15
678,302,9,15
678,302,9,14
679,303,9,14
678,303,10,14
678,304,11,14
677,304,12,14
678,304,11,14
679,305,11,15
680,305,10,15
680,305,10,15
681,306,9,16
681,306,9,16
681,306,9,16
682,307,10,15
682,307,10,15
682,307,10,15
681,307,11,16
681,307,11,16
681,307,11,16
681,308,11,16
681,308,11,16
681,309,11,16
682,309,10,16
682,310,10,16
682,310,10,16
683,310,10,16
683,310,10,16
684,310,10,16
684,310,9,15
685,310,9,15
685,310,10,16
685,309,10,18
685,309,11,19
686,310,10,17
686,311,10,15
687,312,9,13
687,312,9,14
687,312,10,15
687,312,10,16
687,312,10,16
688,312,9,17
688,312,9,17
688,313,9,17
689,313,8,16
689,314,8,16
689,314,9,15
688,314,9,15
688,314,10,14
687,315,11,14
686,315,12,13
685,316,13,13
686,317,12,14
687,317,10,15
688,318,9,16
688,318,9,16
687,318,10,17
687,318,10,17
687,319,10,17
686,319,10,16
686,320,10,16
686,320,10,17
685,321,10,19
685,321,10,20
685,322,11,18
684,323,11,17
684,324,12,15
684,324,11,16
685,324,11,17
685,324,10,18
686,324,9,18
686,325,9,18
687,325,8,18
687,326,9,18
686,326,11,17
686,327,12,17
687,328,12,17
688,328,11,16
689,329,11,16
689,329,11,16
690,330,12,16
690,330,12,16
691,330,12,16
693,330,13,16
694,330,13,16
696,331,12,15
697,331,12,15
699,332,11,14
699,332,13,15
698,333,15,15
698,333,17,16
700,333,16,16
702,334,15,15
704,334,14,15
705,334,14,14
706,334,13,14
707,334,13,13
707,334,13,13
707,335,12,12
707,335,12,12
706,335,13,14
705,334,14,15
704,334,15,17
704,334,15,17
705,334,15,16
705,334,15,16
705,334,15,16
705,334,15,16
705,334,15,16
705,334,16,16
704,334,16,16
704,334,17,16
704,334,17,17
703,333,16,18
703,333,16,19
702,333,16,20
701,334,17,20
700,334,17,21
701,334,16,21
703,335,15,20
704,335,14,20
703,335,14,20
703,336,14,19
702,336,14,19
702,336,13,18
702,336,13,18
702,336,12,17
701,336,13,18
701,336,13,18
700,336,14,19
700,336,13,20
700,336,12,20
700,336,11,21
700,337,11,21
699,337,12,21
699,338,12,21
698,338,12,21
697,337,12,22
696,337,12,22
696,338,12,22
695,338,11,21
695,339,11,21
694,340,11,21
694,340,12,21
693,341,12,21
693,341,12,21
693,341,12,21
693,341,12,21
692,342,12,21
690,342,13,22
689,343,13,22
688,343,13,23
688,344,14,23
687,344,14,24
687,345,14,23
686,346,13,23
686,347,13,22
685,347,13,22
684,347,13,23
683,347,13,23
682,347,13,23
681,348,12,24
680,348,12,24
679,349,12,24
679,349,13,24
678,350,13,24
677,351,13,24
676,351,13,24
675,352,13,24
675,352,13,24
676,352,14,24
676,352,14,24
676,353,14,24
677,354,13,25
677,355,13,25
677,356,13,25
676,356,14,26
676,357,14,26
677,357,14,26
678,358,13,26
679,358,13,26
680,358,13,26
680,357,14,27
681,357,14,27
682,357,14,27
682,356,14,26
683,356,14,26
684,356,14,26
686,355,14,26
687,355,14,26
690,355,14,27
692,355,13,28
695,355,13,29
698,355,13,28
700,356,14,27
703,356,14,26
705,356,14,25
708,356,14,24
710,356,14,23
712,356,14,23
715,357,15,23
717,357,15,23
720,358,15,23
722,359,14,22
725,360,14,22
729,361,14,23
732,362,15,23
736,363,15,24
742,364,15,23
748,366,15,22
754,367,15,21
760,369,15,21
765,370,15,22
771,372,15,22
777,374,16,22
782,377,16,22
788,379,17,22
794,381,17,21
799,384,16,21
805,386,16,20
810,389,17,20
815,392,17,19
820,395,18,19
825,399,18,19
831,402,19,20
836,406,19,20
840,410,20,20
844,413,20,21
848,417,21,21
853,422,21,21
857,426,21,22
862,431,21,22
862,436,21,22
861,440,21,21
861,445,21,21
856,450,22,22
851,455,22,22
846,460,23,23
840,464,24,24
834,467,24,24
828,471,25,25
824,474,24,25
820,477,23,25
816,480,22,25
810,482,22,27
804,485,23,30
798,487,23,32
792,488,24,31
786,490,24,30
780,491,25,29
774,492,29,27
769,492,32,25
763,493,36,23
757,489,36,26
750,485,37,28
744,481,37,31
737,479,39,32
730,478,42,34
723,476,44,35
722,476,46,34
722,476,48,32
721,476,50,31
719,477,48,29
717,478,45,28
715,479,43,26
713,478,37,30
711,476,30,33
709,475,24,37
704,473,27,39
700,470,30,41
695,468,33,43
689,469,37,45
683,469,41,47
677,470,45,49
672,473,48,50
667,477,50,52
662,480,53,53
658,483,53,53
654,486,54,54
650,489,54,54
647,494,49,50
644,499,43,46
641,504,38,42
637,505,36,40
632,505,35,38
628,506,33,36
625,506,33,37
622,506,33,39
619,506,33,40
616,505,32,37
612,504,31,33
609,503,30,30
605,501,30,31
600,499,31,31
596,497,31,32
589,495,32,34
582,493,34,35
575,491,35,37
573,490,33,36
572,490,32,34
570,489,30,33
568,487,30,33
565,486,29,34
563,484,29,34
561,481,30,35
559,479,30,36
557,476,31,37
556,473,31,37
556,471,31,37
555,468,31,37
554,465,32,36
554,461,32,36
553,458,33,35
555,455,33,35
556,451,33,36
558,448,33,36
560,445,33,36
563,441,33,36
565,438,33,36
570,435,31,36
575,432,30,36
580,429,28,36
585,426,27,36
589,423,26,37
594,420,25,37
603,417,24,37
613,414,23,38
622,411,22,38
630,409,21,38
638,407,20,38
646,405,19,38
652,403,19,38
657,402,19,38
663,400,19,38
666,399,18,38
668,397,18,37
671,396,17,37
671,394,18,37
670,393,18,37
670,391,19,37
671,390,18,36
673,389,17,35
674,388,16,34
675,387,15,33
676,386,14,31
677,385,13,30
678,384,13,29
678,382,12,27
679,381,12,26
680,379,12,28
682,377,11,31
683,375,11,33
684,374,11,30
686,372,12,28
687,371,12,25
688,370,13,25
690,368,14,26
691,367,15,26
693,365,15,27
695,362,16,29
697,360,16,30
700,358,17,31
704,357,19,31
707,355,20,32
710,353,20,33
713,350,19,33
716,348,19,34
717,346,18,34
717,345,17,35
718,343,16,35
718,341,15,34
718,338,15,33
718,336,14,32
717,333,14,31
716,331,15,30
715,328,15,29
714,326,15,30
712,324,15,30
711,322,15,31
709,320,15,31
708,318,15,32
706,316,15,32
705,314,14,32
704,313,13,33
703,311,12,33
701,309,12,33
698,307,13,32
696,305,13,32
695,303,13,32
693,302,12,31
692,300,12,31
691,298,11,31
690,297,11,30
689,295,10,30
688,293,10,30
687,292,10,31
686,290,10,31
685,289,10,30
684,288,10,28
683,287,10,27
682,286,10,27
680,284,10,26
679,283,10,26
678,282,10,27
677,280,10,29
676,279,10,30
675,278,10,29
674,277,10,28
673,276,10,27
672,275,10,28
670,274,9,30
669,273,9,31
668,272,9,31
667,272,10,30
666,271,10,30
665,270,10,29
665,270,9,29
664,269,9,28
663,268,9,28
663,267,10,27
662,266,10,27
662,266,10,27
663,266,10,26
663,266,10,26
663,266,10,26
662,265,10,26
662,265,10,26
662,265,10,26
662,265,11,26
662,265,11,26
663,264,10,26
663,264,10,25
664,263,9,25
664,263,9,25
664,262,10,24
664,262,10,24
665,262,10,24
665,262,9,24
666,262,9,24
666,262,9,24
667,261,9,24
667,261,9,24
667,261,9,24
667,261,10,24
667,261,10,24
668,262,10,24
668,263,9,23
669,264,9,23
669,265,9,23
670,265,10,24
670,266,10,24
671,267,10,24
671,269,10,24
672,270,10,24
672,270,10,24
673,270,11,23
673,270,11,23
674,270,11,23
675,269,11,22
676,269,11,22
677,269,11,23
677,268,10,25
678,268,10,26
679,268,10,25
680,267,11,24
681,267,11,23
682,268,11,23
683,268,11,22
684,269,11,22
685,269,12,22
685,269,12,23
686,269,13,23
688,269,12,23
689,270,12,22
691,270,11,22
692,271,11,24
693,271,11,25
694,272,11,27
695,273,11,26
697,273,10,24
698,274,10,23
699,275,10,24
701,277,9,25
702,278,9,26
704,279,9,25
705,280,9,25
707,281,9,24
709,282,10,24
710,284,12,24
712,285,13,24
713,286,13,25
715,288,12,25
716,289,12,26
718,290,13,26
719,292,14,26
721,293,15,26
723,294,15,25
724,296,14,25
726,297,14,24
727,298,14,24
728,299,14,25
729,300,14,25
730,301,14,24
731,301,14,24
732,302,14,23
733,303,14,23
733,305,14,22
734,306,14,22
735,307,14,23
736,307,13,23
737,308,13,24
737,309,12,21
738,309,10,19
738,310,9,16
739,310,10,18
740,310,11,20
741,310,12,22
741,310,12,21
741,311,12,21
741,311,12,20
742,311,12,20
742,310,12,21
743,310,12,21
743,310,12,21
744,310,12,21
744,310,12,21
744,310,12,21
745,311,11,21
745,311,11,21
746,311,11,21
746,311,10,22
747,311,10,22
748,311,10,22
748,311,10,23
749,311,10,23
750,311,10,23
752,312,9,22
753,312,9,22
755,312,10,22
756,313,10,23
758,313,11,23
760,313,11,23
762,313,11,22
764,313,11,22
766,313,11,22
769,314,10,22
771,314,10,22
773,314,10,22
775,315,11,23
777,315,11,23
780,315,11,23
782,315,11,22
785,315,11,22
788,315,11,22
790,316,11,22
793,316,11,22
795,316,11,22
798,316,10,23
800,316,10,23
803,317,10,23
805,317,10,23
808,318,10,23
810,318,10,23
812,319,10,23
814,319,10,23
817,319,10,22
820,320,10,20
823,320,10,19
826,320,10,19
828,321,9,19
831,321,9,19
833,321,10,20
835,322,10,20
837,322,11,21
840,323,11,21
843,323,11,20
846,324,11,20
848,324,11,20
850,324,12,19
852,324,12,19
855,324,12,19
858,325,12,18
861,325,12,18
864,326,12,18
867,326,12,18
870,327,12,18
873,327,12,18
876,328,11,17
879,328,11,17
883,328,11,17
886,329,11,16
890,329,11,16
894,329,11,17
897,329,11,17
901,329,11,18
905,330,11,18
910,331,11,17
914,332,11,17
919,332,11,17
923,333,12,18
928,333,12,18
932,334,12,17
937,335,13,17
941,336,13,16
947,336,13,16
954,337,13,16
960,337,13,16
965,337,13,17
970,338,14,17
975,338,14,18
980,338,14,18
986,339,15,19
991,339,15,19
996,340,15,19
1001,341,14,20
1006,342,14,20
1011,342,14,20
1016,342,13,19
1021,342,13,19
1024,342,13,19
1026,342,12,19
1029,342,12,19
1030,342,12,19
1031,341,12,18
1032,341,12,18
1033,341,12,18
1034,340,13,18
1035,340,13,18
1035,340,13,19
1035,339,13,20
1035,339,13,21
1036,338,12,20
1036,338,12,20
1037,337,11,19
1037,337,11,20
1038,336,11,22
1038,336,11,23
1039,335,11,23
1039,335,11,23
1040,334,11,23
1040,334,11,22
1041,333,11,21
1041,333,11,20
1042,332,11,21
1043,332,11,23
1044,331,11,24
1045,331,11,24
1046,331,12,25
1047,331,12,25
1048,330,12,25
1049,330,12,25
1050,329,12,25
1052,329,12,24
1053,328,12,22
1055,328,12,21
1057,328,12,21
1059,328,11,20
1061,328,11,20
1062,328,12,20
1063,327,12,20
1064,327,13,20
1065,327,13,20
1066,326,13,21
1067,326,13,21
1068,326,13,21
1070,325,13,21
1071,325,13,21
1072,325,13,20
1073,325,13,20
1074,325,13,19
1076,325,13,19
1077,324,12,20
1079,324,12,20
1080,324,12,20
1081,323,13,19
1082,323,13,19
1083,323,13,19
1083,322,14,19
1084,322,14,19
1085,322,14,19
1086,322,14,19
1087,322,14,19
1088,322,13,19
1089,321,13,19
1090,321,12,19
1091,321,12,19
1091,322,13,18
1092,322,13,18
1092,322,13,18
1092,322,14,18
1092,322,14,18
1093,322,14,18
1093,322,14,17
1094,322,14,17
1095,322,14,17
1096,323,13,17
1097,323,13,17
1097,323,13,17
1098,323,14,18
1098,323,14,18
1098,323,15,18
1099,324,15,17
1099,324,16,17
1100,324,16,17
1101,324,15,18
1102,324,15,18
1103,324,15,18
1105,324,16,19
1106,324,16,19
1107,324,17,20
1107,324,18,20
1108,324,19,21
1110,324,19,21
1111,324,18,20
1113,324,18,20
1115,325,18,20
1118,325,17,19
1120,326,17,19
1122,327,17,21
1124,327,17,24
1126,328,17,26
1126,328,17,25
1125,329,16,24
1125,329,16,23
1125,329,16,22
1124,330,15,22
1124,330,15,21
1124,330,15,22
1123,330,15,24
1123,330,15,25
1122,330,15,25
1122,331,16,24
1121,331,16,24
1121,331,16,25
1121,332,15,25
1121,332,15,26
1120,332,16,27
1119,333,16,27
1118,333,17,28
1118,333,17,28
1118,333,16,27
1118,333,16,27
1117,333,16,27
1117,334,16,26
1116,334,16,26
1115,334,17,26
1114,335,17,27
1113,335,18,27
1111,335,19,27
1110,335,19,28
1108,335,20,28
1108,335,19,27
1109,336,18,25
1109,336,17,24
1110,337,17,23
1110,337,17,23
1111,338,17,22
1111,338,18,23
1110,338,18,24
1110,338,19,25
1110,338,19,25
1109,339,20,26
1109,339,20,26
1110,339,19,26
1111,339,18,26
1112,339,17,26
1112,339,17,25
1113,340,16,25
1113,340,16,24
1113,340,15,24
1113,340,15,25
1113,340,14,25
1112,340,15,25
1112,341,16,24
1111,341,17,24
1111,341,17,24
1110,341,18,24
1110,341,18,24
1110,341,18,25
1109,342,18,25
1109,342,18,26
1109,343,18,25
1109,343,18,25
1109,344,18,24
1109,344,18,24
1109,345,18,25
1109,345,18,25
1109,346,18,25
1109,346,17,25
1109,347,17,25
1109,348,18,25
1108,348,18,24
1108,349,19,24
1108,350,19,24
1109,350,18,25
1109,351,18,25
1109,352,18,25
1108,353,19,26
1108,354,19,26
1108,355,19,26
1107,356,19,25
1107,357,19,25
1107,357,19,25
1107,358,19,26
1107,358,19,26
1106,359,20,26
1104,361,21,26
1103,362,22,26
1103,363,22,26
1104,365,23,25
1104,366,23,25
1105,367,22,25
1106,367,21,26
1107,368,20,26
1107,369,20,26
1106,370,20,27
1106,371,20,27
1106,372,21,27
1106,373,21,27
1106,374,22,27
1107,375,22,27
1108,377,21,26
1109,378,21,26
1110,380,21,26
1110,381,21,26
1111,383,21,26
1112,384,21,26
1112,386,21,25
1113,387,21,25
1113,389,22,24
1113,391,22,24
1113,393,23,23
1113,394,23,23
1112,396,24,23
1112,397,24,23
1112,398,24,24
1112,400,24,26
1112,401,24,27
1112,402,24,26
1111,403,25,26
1111,404,25,25
1111,405,25,27
1112,406,25,28
1112,407,25,30
1112,409,25,30
1113,410,25,29
1113,412,25,29
1113,413,26,29
1112,415,26,28
1112,416,27,28
1112,418,27,28
1113,419,28,28
1113,421,28,28
1114,422,28,27
1114,424,29,27
1115,425,29,26
1115,426,29,26
1116,428,30,27
1116,429,30,27
1117,430,29,28
1117,432,29,28
1118,433,28,29
1118,434,29,30
1117,436,29,30
1117,437,30,31
1117,439,30,32
1118,442,30,32
1118,444,30,33
1118,447,30,33
1117,449,30,33
1117,452,30,33
1117,455,29,33
1118,457,29,34
1118,460,28,34
1119,463,27,34
1119,466,27,34
1120,469,26,34
1120,471,28,34
1121,473,29,35
1121,475,31,35
1122,477,31,35
1122,479,31,36
1123,481,31,36
1124,483,31,36
1125,486,31,35
1126,488,31,35
1126,490,31,35
1126,492,31,36
1126,494,31,36
1125,495,32,36
1124,497,34,35
1123,498,35,35
1121,499,35,36
1118,499,35,36
1116,500,35,37
1113,501,35,37
1110,501,36,38
1107,502,36,38
1105,503,35,38
1104,503,34,38
1102,504,33,38
1100,505,33,38
1098,506,33,39
1096,507,33,39
1095,509,33,39
1093,511,33,38
1092,513,33,38
1092,514,33,38
1091,516,33,39
1091,517,33,39
1090,519,33,39
1090,520,33,40
1089,522,33,40
1089,525,32,40
1088,527,32,39
1088,530,31,39
1086,532,32,39
1085,535,32,38
1083,537,33,38
1081,539,34,38
1079,541,34,37
1077,543,35,37
1076,546,35,38
1074,548,36,39
1073,551,36,40
1071,554,36,40
1070,557,37,40
1068,560,37,40
1067,564,37,40
1065,567,36,41
1064,571,36,41
1063,574,36,41
1061,577,36,40
1060,580,36,40
1058,583,37,40
1056,585,38,41
1054,588,39,41
1054,591,38,41
1053,593,37,42
1053,596,36,42
1051,599,37,43
1049,603,38,45
1047,606,39,46
1047,611,38,46
1046,615,37,45
1046,620,36,45
1044,624,36,44
1041,627,37,43
1039,631,37,42
1037,635,37,43
1034,638,37,43
1032,642,37,44
1030,646,37,44
1027,649,38,43
1025,653,38,43
1022,658,38,42
1018,662,37,42
1015,667,37,41
