268,92,33,108
269,96,30,99
268,97,30,96
268,97,28,94
263,94,27,96
259,96,27,90
260,95,25,89
262,95,25,87
261,94,25,88
263,96,24,87
265,97,23,84
264,97,23,81
260,97,23,81
256,96,23,81
251,96,23,81
247,96,23,81
246,96,23,81
246,95,23,81
247,97,23,78
244,99,23,75
240,100,23,74
240,100,23,74
239,100,23,74
239,101,23,73
237,101,23,73
235,102,23,73
234,102,23,73
237,103,20,73
238,103,20,73
239,102,20,73
239,101,20,71
238,101,20,71
237,101,22,71
237,101,22,71
235,101,22,71
235,101,20,71
234,100,20,71
235,98,20,71
236,97,20,71
235,97,20,71
233,96,20,71
229,97,20,71
226,97,20,71
226,96,20,71
228,96,20,71
231,96,20,71
232,97,20,69
231,98,20,69
230,98,20,69
229,98,20,69
226,98,20,69
224,98,20,69
225,98,19,69
225,98,19,69
223,98,21,69
221,98,21,69
218,98,21,69
215,99,21,66
213,99,21,66
210,99,21,66
209,99,19,66
208,101,19,57
206,101,19,57
206,101,19,57
206,101,19,57
208,100,19,57
208,100,19,57
208,98,19,57
208,100,19,57
209,99,19,59
207,99,19,55
206,101,15,51
204,101,15,51
203,102,15,49
204,102,15,49
203,102,15,49
203,102,15,49
199,100,15,49
196,100,15,49
195,101,15,47
196,100,15,47
198,100,15,47
198,100,15,45
194,101,15,43
190,100,15,43
188,100,15,43
188,100,15,43
187,100,15,43
188,99,15,43
185,99,15,43
180,99,15,41
176,100,15,39
172,100,15,39
169,99,15,37
167,97,15,33
170,95,12,33
171,93,12,33
172,93,12,33
171,92,12,33
168,90,12,33
163,91,12,31
160,87,12,32
162,84,12,32
168,81,12,32
174,78,12,32
180,78,12,32
183,78,12,32
181,81,12,31
179,82,12,31
177,82,12,31
178,82,12,31
183,81,12,31
196,83,10,28
204,82,10,28
209,86,10,28
210,92,10,28
209,92,10,28
211,92,10,28
212,94,10,28
212,96,10,28
211,95,10,28
214,95,10,28
218,96,10,28
223,101,10,27
229,101,10,27
233,101,10,27
235,101,10,27
234,103,8,27
233,104,8,27
232,105,8,27
237,106,8,27
238,107,8,27
239,108,8,27
239,108,10,27
243,108,10,27
248,109,10,27
251,107,10,27
253,105,10,27
253,105,10,27
250,107,8,27
246,108,8,26
240,108,8,26
240,109,8,26
238,109,8,24
237,109,8,24
237,109,8,24
240,110,8,24
242,112,8,24
243,112,8,24
242,112,8,24
237,109,8,24
230,110,8,24
228,111,8,24
231,111,8,24
239,112,7,22
241,112,7,22
243,112,7,22
237,112,7,22
237,113,7,22
240,112,7,22
243,111,7,22
243,111,7,22
246,111,7,22
246,111,7,22
245,111,7,22
242,109,7,22
243,110,7,22
243,111,7,22
243,112,7,22
244,112,7,22
245,113,7,22
245,112,7,22
247,111,7,22
245,111,7,22
245,111,7,22
245,111,7,22
244,112,9,22
245,112,9,22
245,111,9,22
244,111,9,22
246,112,9,22
247,113,9,22
249,114,9,22
251,113,9,22
251,112,9,22
252,112,9,22
252,112,9,22
252,111,9,22
252,112,9,22
250,111,9,22
250,110,9,22
249,110,7,22
249,110,7,22
251,110,7,22
255,110,7,22
255,110,7,22
255,108,7,22
254,106,7,22
254,106,7,22
252,107,7,22
250,108,7,22
247,108,7,22
245,110,7,20
245,112,7,20
247,112,7,20
250,112,7,20
251,112,7,20
250,113,7,20
248,113,7,20
244,113,7,20
244,113,7,20
242,116,7,20
241,115,7,20
240,114,7,20
239,112,7,20
239,112,7,20
239,112,7,20
238,113,7,20
240,111,7,20
240,112,7,20
238,112,7,20
235,111,7,20
234,112,7,20
234,112,7,20
237,112,7,20
236,112,7,20
238,113,7,20
237,113,7,20
238,113,7,20
238,111,7,20
237,112,7,17
235,111,7,19
233,111,7,19
234,111,7,19
236,111,7,19
237,111,7,19
237,111,7,19
236,111,7,19
239,111,7,19
242,111,7,19
242,110,7,19
240,111,7,19
238,111,7,19
238,111,7,19
241,110,7,19
242,110,7,19
243,111,7,18
245,111,7,18
245,112,7,18
244,112,7,18
242,112,7,18
243,114,7,18
245,114,7,18
247,112,7,18
248,114,7,18
249,114,7,18
249,113,7,18
249,112,7,18
247,114,7,18
248,114,7,18
250,114,7,18
253,115,7,18
255,116,7,18
255,115,9,19
253,113,7,19
252,113,7,19
252,113,7,19
253,112,7,19
253,112,7,19
253,112,7,19
252,114,7,17
251,113,7,17
250,113,7,17
250,112,7,17
248,113,7,17
249,112,7,17
248,112,7,17
249,112,7,17
247,112,9,17
246,112,9,17
245,111,9,17
243,112,9,17
242,111,9,17
241,111,9,17
240,111,9,17
240,112,9,17
239,111,9,17
239,110,9,17
237,110,9,17
236,110,9,17
235,112,9,15
234,113,9,15
234,112,9,15
235,113,9,15
234,113,9,15
235,112,9,15
236,114,9,15
236,114,9,15
237,114,9,15
238,112,9,15
238,112,9,15
237,113,9,15
237,112,9,15
238,114,9,15
241,113,9,15
240,114,9,15
239,114,9,15
237,115,9,15
238,115,9,15
239,114,9,15
239,113,9,15
241,117,9,15
241,113,9,15
241,113,9,15
241,111,9,15
240,111,9,15
240,113,9,15
241,115,9,15
242,113,9,15
243,113,9,15
243,112,9,15
244,113,9,15
241,114,9,15
239,114,9,15
240,114,9,15
239,114,9,15
239,114,9,15
240,114,9,15
240,113,9,15
240,113,9,15
238,113,9,15
237,113,9,15
235,113,9,15
235,114,9,15
235,115,9,15
236,116,9,15
235,116,9,15
233,113,9,15
233,115,9,15
232,115,9,15
231,116,9,15
231,116,7,15
229,115,7,15
230,114,7,15
229,114,7,15
228,114,7,15
229,116,7,15
228,115,7,15
228,116,7,15
228,116,7,15
228,115,7,15
226,117,7,15
225,116,7,15
225,117,7,15
225,117,7,15
225,116,7,15
225,116,7,15
226,116,7,15
226,115,7,15
226,115,7,15
225,114,7,16
225,113,7,16
226,114,7,16
228,114,7,16
228,114,7,16
228,114,7,16
228,115,7,16
229,113,7,16
227,114,7,16
226,112,7,16
226,113,7,16
225,113,7,16
225,113,7,16
226,111,7,16
227,112,7,16
226,112,7,16
225,112,7,16
225,112,7,16
224,112,7,16
223,111,7,16
221,111,7,16
222,111,7,16
222,111,7,16
222,111,7,16
220,111,7,16
220,111,7,16
219,113,7,16
219,111,7,17
218,112,7,17
219,110,7,17
219,111,7,17
219,110,7,17
219,111,7,17
219,110,7,17
219,109,7,17
218,111,8,17
216,109,8,17
217,109,8,17
215,110,8,17
215,109,8,17
215,109,8,17
216,109,8,17
216,109,8,17
214,110,8,17
215,109,8,17
215,108,8,17
214,107,8,17
214,110,8,17
214,110,8,17
213,109,8,17
213,109,8,17
213,109,8,17
213,109,8,17
213,110,8,17
212,111,8,17
212,110,8,17
211,110,8,17
211,110,8,17
211,110,8,17
211,110,8,17
211,109,8,17
211,110,8,17
211,110,8,17
211,108,8,17
211,108,8,17
210,109,8,17
211,109,8,17
212,108,8,17
212,107,8,17
213,108,8,17
214,108,8,17
214,108,6,17
214,107,8,17
216,105,8,17
218,104,7,17
219,107,7,17
220,106,7,17
223,106,7,17
222,107,7,17
224,107,7,17
227,107,7,17
229,108,7,17
231,107,7,17
233,108,7,17
234,109,7,17
235,110,7,17
235,110,7,17
237,111,7,17
237,111,7,17
239,111,7,17
242,110,7,17
243,112,7,17
243,113,7,17
242,112,9,17
242,114,9,17
246,115,9,17
248,115,9,17
250,116,9,17
250,116,9,17
250,115,9,17
249,115,9,17
249,115,9,17
248,114,9,17
248,114,9,17
249,114,9,17
249,112,9,17
248,111,9,17
248,111,9,17
247,110,9,17
246,111,9,17
246,111,9,17
246,111,9,17
246,111,9,17
247,111,9,17
246,112,9,17
246,112,9,17
247,112,9,17
248,111,9,17
249,111,9,17
250,111,9,17
249,111,9,17
247,110,9,17
247,111,9,17
248,111,9,17
248,111,9,17
249,111,9,17
248,108,10,19
246,108,10,19
247,108,10,19
248,108,10,19
249,108,10,19
249,107,10,19
248,108,10,19
245,108,10,20
243,109,10,20
240,109,10,21
239,110,10,21
241,111,10,21
244,111,10,21
242,111,10,21
239,112,10,21
236,113,10,21
236,113,10,21
236,115,10,21
235,114,10,21
236,112,10,25
235,114,10,25
231,113,10,25
231,112,10,25
229,114,10,25
229,112,10,25
227,112,10,25
227,113,10,25
225,114,10,25
223,115,10,25
223,115,10,25
223,115,10,25
222,114,10,25
222,113,10,25
219,113,10,25
218,113,10,27
218,112,10,27
217,113,10,27
216,113,10,28
216,113,10,28
215,114,10,28
213,112,10,28
212,111,10,28
212,111,10,28
211,111,10,28
210,112,10,28
209,112,10,28
209,112,10,30
209,112,10,30
208,112,10,30
206,112,10,30
206,112,10,30
205,108,10,36
206,105,10,36
206,106,10,36
206,105,10,36
206,106,10,36
205,107,10,36
205,106,10,36
205,106,10,36
206,106,10,36
206,106,10,36
207,106,10,36
206,105,13,38
207,104,13,38
209,104,13,38
210,104,13,38
209,104,15,38
208,104,15,38
207,106,15,38
206,104,15,38
206,104,15,39
206,103,15,41
206,104,15,41
207,103,15,41
207,102,15,43
209,102,15,43
210,103,15,43
209,103,15,43
209,101,15,43
208,101,15,43
209,101,15,43
209,100,15,43
211,100,15,43
211,99,15,43
211,100,15,43
212,99,15,43
212,100,15,43
213,99,15,43
215,100,15,43
219,100,15,43
221,100,15,43
222,100,15,43
222,100,15,43
223,100,15,43
225,100,15,43
226,101,15,43
227,101,15,43
230,100,15,43
231,100,15,43
233,103,15,43
234,103,16,43
236,103,16,43
237,104,16,44
238,105,16,44
239,105,16,44
238,105,16,44
239,106,16,44
238,107,16,44
237,106,16,44
234,104,16,44
232,102,18,45
230,103,18,45
229,101,18,45
228,102,18,45
228,102,18,45
228,100,18,47
227,101,18,47
226,101,18,47
224,101,18,47
223,101,18,47
224,99,18,47
225,99,18,47
229,100,16,46
230,101,16,46
230,101,16,46
230,104,16,46
229,103,16,46
228,102,16,46
227,102,16,46
227,102,16,46
227,101,16,46
227,102,16,46
227,101,16,46
228,101,16,46
228,101,16,46
229,100,16,46
230,101,16,46
231,101,16,46
232,101,16,46
232,101,16,46
232,101,16,46
231,100,18,46
231,100,18,46
232,100,18,46
233,100,18,46
234,100,18,46
235,100,18,46
236,100,18,46
236,101,18,46
234,101,18,46
234,101,18,46
235,101,18,46
236,101,18,46
237,101,18,46
238,101,18,46
238,101,18,46
238,101,18,46
240,103,16,46
242,103,16,46
241,103,18,46
241,103,18,46
241,103,18,46
241,104,18,46
241,103,18,46
242,104,18,46
242,105,18,46
243,105,18,46
246,106,18,46
246,106,18,46
246,106,18,46
246,105,18,46
246,104,18,46
246,102,18,48
247,103,18,51
245,102,18,51
245,101,18,51
246,97,18,58
247,97,18,58
247,98,18,56
247,98,18,56
249,98,18,56
250,98,18,56
248,98,20,56
248,99,20,56
248,99,20,58
246,99,20,58
245,99,20,58
246,100,20,58
247,100,20,58
248,100,20,58
247,98,20,58
245,99,20,62
243,99,20,62
242,99,20,62
241,99,20,62
241,99,20,62
242,99,20,62
242,99,20,62
242,99,20,62
243,99,20,62
243,99,20,62
243,98,20,64
244,98,20,64
246,98,20,64
248,99,20,64
248,100,20,64
250,102,20,64
251,102,20,64
252,102,20,64
253,102,20,64
254,102,22,69
254,102,22,69
256,102,22,69
257,102,22,69
258,102,22,69
260,99,22,72
262,99,22,72
264,100,22,72
266,100,22,72
267,99,22,72
268,99,22,72
269,99,22,72
270,99,22,72
265,97,29,87
263,95,33,93
263,95,33,93
264,95,33,93
264,95,33,93
267,96,33,93
269,94,34,99
270,96,34,99
269,97,36,102
269,96,36,104
269,96,36,104
270,95,36,104
271,95,36,104
272,95,36,104
275,94,38,110
276,94,38,110
277,93,38,110
278,94,38,110
279,93,38,115
278,91,38,115
277,91,38,115
276,92,38,115
276,91,38,117
277,91,38,123
277,91,38,123
277,90,38,123
278,91,38,122
279,91,38,122
277,91,40,122
277,90,40,129
276,90,40,129
276,90,40,129
277,90,40,129
279,89,40,138
279,89,40,138
280,89,40,138
281,89,40,138
282,89,40,138
282,89,40,144
281,89,43,146
281,87,43,148
282,88,46,152
284,88,46,152
283,88,46,152
283,87,49,157
285,89,49,157
288,89,53,160
290,88,53,162
292,88,54,165
294,88,50,165
294,86,50,165
295,86,47,165
299,84,47,165
300,82,47,165
303,80,50,165
304,82,50,162
306,82,50,162
307,82,50,162
307,82,50,162
308,81,50,162
308,79,50,162
308,78,50,162
308,80,50,158
307,79,50,158
305,79,50,158
303,81,50,155
300,82,50,153
299,83,50,151
299,84,50,149
299,83,50,149
299,85,50,148
300,85,50,148
301,85,50,148
301,87,50,146
300,87,50,146
297,87,50,146
294,87,50,146
292,87,50,144
290,88,50,143
290,86,50,143
290,85,50,143
288,85,50,143
286,88,50,138
285,88,50,138
285,90,50,136
285,87,50,136
286,87,50,136
286,85,50,136
285,85,50,136
286,85,50,136
286,84,50,136
286,84,50,136
289,84,50,136
288,83,50,136
287,83,50,136
285,83,50,136
283,83,50,136
283,85,50,133
283,86,50,131
283,86,50,131
283,87,50,129
283,87,50,129
283,87,50,129
