160,85,33,21
161,86,33,20
159,85,34,20
159,85,33,21
157,84,34,20
156,82,33,22
156,83,34,21
153,81,34,20
152,81,35,20
150,79,34,21
148,79,34,21
147,79,34,21
145,78,34,21
145,76,34,21
143,76,34,21
140,75,34,21
139,74,34,21
137,74,34,21
136,73,34,21
134,72,34,21
134,73,31,18
132,73,31,18
130,72,31,18
128,71,31,18
128,71,31,18
128,71,31,18
128,70,31,18
126,70,31,18
125,70,31,18
127,70,29,18
127,71,29,18
126,70,32,18
127,70,32,18
128,71,32,18
126,72,32,18
128,72,32,18
128,74,32,18
129,74,31,18
129,74,31,18
132,76,31,18
133,76,31,18
134,77,29,18
137,78,29,18
138,79,29,18
139,80,29,18
139,81,29,18
140,82,30,18
142,82,30,18
141,83,30,18
142,83,30,18
144,83,30,18
144,85,32,18
144,85,32,18
147,85,32,18
149,85,32,18
148,86,32,18
149,85,32,18
150,85,32,18
151,84,32,18
151,85,32,18
151,85,31,18
152,85,31,18
151,85,31,18
151,85,31,18
150,85,31,18
150,85,31,18
150,85,31,18
150,85,31,18
150,85,31,18
150,83,31,18
149,83,29,18
148,83,27,18
147,83,27,18
146,83,27,18
145,83,26,18
143,83,28,18
142,83,28,18
141,83,28,18
141,83,28,18
141,81,28,18
139,81,28,18
137,81,28,18
136,81,28,18
135,81,28,18
134,81,27,18
131,82,27,18
131,81,27,18
127,82,27,18
127,82,25,18
124,83,26,18
125,83,27,18
123,84,27,18
120,84,25,18
119,83,27,18
118,83,26,18
114,84,26,18
112,84,26,18
113,85,25,18
111,86,25,18
108,87,24,18
105,87,26,18
103,89,26,18
102,89,26,18
102,90,26,18
102,90,26,18
102,91,26,18
97,92,29,18
95,93,29,18
93,94,29,18
92,94,29,18
92,96,29,18
90,96,29,18
88,96,29,18
88,96,29,18
87,96,29,18
86,98,29,18
85,99,29,18
85,101,29,18
84,101,27,18
81,102,27,18
80,102,27,18
79,102,27,18
79,102,27,18
78,104,25,18
77,104,25,18
75,104,27,18
75,105,27,18
75,105,27,18
73,108,27,18
71,108,27,18
70,109,26,16
69,111,26,16
67,111,26,16
67,111,26,16
67,111,26,16
60,111,28,18
58,112,28,18
57,113,28,18
56,114,28,18
54,116,28,18
54,115,28,18
55,116,28,18
56,116,28,18
55,116,28,18
53,116,28,18
51,118,28,18
50,118,28,18
50,118,28,18
49,118,30,18
48,118,30,18
48,119,30,18
48,120,30,18
48,121,30,18
48,122,30,18
48,123,32,18
48,123,32,18
48,123,32,18
51,123,32,18
52,126,32,18
53,126,32,18
54,126,32,18
53,128,32,18
53,128,32,18
53,130,32,18
52,130,32,18
51,130,32,18
52,132,32,18
53,132,32,18
54,132,32,18
54,132,29,18
54,133,29,18
54,133,29,18
54,133,29,18
54,133,29,18
54,133,29,18
54,133,29,18
54,133,29,18
54,132,29,18
53,132,29,18
53,132,29,18
53,131,29,18
53,131,29,18
53,131,29,18
53,131,29,18
53,131,29,18
53,131,29,18
53,131,29,18
53,131,29,18
53,131,29,18
52,128,29,18
52,128,29,18
52,127,29,18
52,127,29,18
52,126,29,18
52,127,29,18
52,126,29,18
52,126,29,18
52,126,29,18
52,125,29,18
51,120,29,18
51,120,29,18
51,118,29,18
51,117,29,18
51,117,29,18
51,117,29,18
51,115,29,18
51,114,29,18
51,114,29,18
51,113,29,18
51,113,29,18
51,113,29,18
51,113,29,18
51,113,29,18
51,113,29,18
51,113,29,18
51,109,29,18
52,109,29,18
53,110,27,17
53,108,27,17
54,108,27,17
54,108,27,17
54,107,27,17
55,107,27,17
53,106,27,17
53,106,27,17
53,106,27,17
53,106,27,17
55,106,27,17
57,106,27,17
58,106,27,17
58,106,27,17
58,106,27,17
58,106,27,17
59,106,27,17
59,102,30,19
59,102,30,19
59,102,30,19
60,102,30,19
61,102,30,19
65,102,30,19
67,100,30,19
69,100,30,19
69,100,26,19
72,100,26,19
74,100,26,19
75,100,26,19
76,100,26,19
76,100,26,19
76,100,26,19
76,100,26,19
77,100,26,19
79,97,26,19
81,96,26,19
82,96,26,19
82,96,26,19
82,96,26,19
84,94,26,19
85,94,26,19
86,94,26,19
87,94,26,19
87,94,26,19
88,93,26,19
89,92,26,19
90,91,26,19
90,91,26,19
90,90,26,19
93,90,26,19
95,92,26,19
94,91,26,19
94,90,26,19
95,90,26,19
96,90,26,19
96,90,26,19
98,90,26,19
100,90,26,19
100,91,26,19
101,91,26,19
101,91,26,19
101,91,26,19
103,90,26,19
104,90,26,19
105,90,26,19
105,90,26,19
105,90,26,19
105,90,26,19
107,90,26,19
107,90,26,19
109,90,26,19
108,90,26,19
109,89,26,19
109,89,26,19
109,89,26,19
109,89,26,19
109,89,26,19
113,89,26,19
115,89,26,19
114,89,26,19
115,88,26,19
116,88,26,19
116,87,26,19
117,87,26,19
117,87,26,19
117,87,26,19
117,87,26,19
119,86,26,19
122,86,26,19
123,87,26,19
123,87,26,19
123,87,26,19
123,87,26,19
123,86,26,19
125,85,26,19
126,85,26,19
125,86,26,19
127,86,26,19
127,85,24,19
127,85,24,19
128,85,24,19
131,85,24,19
131,84,24,19
131,84,24,19
131,84,24,19
131,84,24,19
131,84,24,19
134,84,24,19
135,84,24,19
135,84,24,19
136,83,24,19
138,83,24,19
138,83,24,19
139,83,24,19
139,85,24,19
140,85,24,19
140,85,24,19
143,85,24,19
143,86,24,19
143,86,24,19
145,86,24,19
145,86,24,19
147,87,24,19
149,88,24,19
149,88,24,19
150,89,24,19
151,90,24,19
152,91,24,19
153,91,24,19
155,91,24,19
155,90,24,19
157,90,24,19
158,91,24,19
159,92,24,19
160,92,24,19
160,92,24,19
161,92,24,19
162,92,24,19
160,92,24,19
159,92,24,19
158,92,26,19
158,92,26,19
157,92,26,19
157,92,26,19
157,92,26,19
156,92,26,19
154,92,26,19
154,92,26,19
153,91,26,19
152,90,26,19
153,91,26,19
152,91,26,19
152,91,26,19
152,91,26,19
152,91,26,19
149,91,26,19
149,91,26,19
149,91,26,19
146,91,26,19
145,91,26,19
145,89,26,19
144,90,26,19
143,90,26,19
142,89,26,19
141,89,26,19
140,89,26,19
140,90,26,19
139,90,26,19
140,90,26,19
140,90,26,19
139,89,26,19
139,89,26,19
138,88,26,19
138,88,26,19
138,88,26,19
139,88,26,19
139,87,26,19
138,86,26,19
136,86,26,19
135,86,26,19
135,86,26,19
135,86,26,19
135,85,26,19
135,85,26,19
135,85,26,19
134,84,26,19
134,84,26,19
133,83,26,19
132,83,26,19
132,83,26,19
132,83,26,19
132,83,26,19
132,83,26,19
132,83,26,19
132,83,26,19
132,83,26,19
132,83,26,19
132,83,26,19
132,83,26,19
132,83,26,19
132,83,26,19
132,83,26,19
132,83,26,19
135,82,26,19
135,82,26,19
135,82,26,19
135,82,26,19
138,82,26,19
138,83,26,19
139,83,26,19
139,84,26,19
139,85,26,19
139,86,26,19
140,86,26,19
141,86,26,19
142,86,26,19
143,86,26,19
144,86,26,19
145,86,26,19
146,86,26,19
147,87,26,19
148,88,26,19
147,88,26,19
148,88,26,19
148,88,26,19
148,88,26,19
148,88,26,19
148,88,26,19
148,88,26,19
148,88,26,19
148,88,26,19
148,88,26,19
148,88,26,19
148,88,26,19
148,88,26,19
148,88,26,19
145,88,26,19
145,88,26,19
145,88,26,19
145,88,26,19
145,88,26,19
145,88,26,19
145,88,26,19
145,88,26,19
145,88,26,19
145,88,26,19
145,88,26,19
145,88,26,19
145,88,26,19
145,88,26,19
145,88,26,19
145,88,26,19
145,88,26,19
145,88,26,19
145,88,26,19
145,88,26,19
145,88,26,19
145,88,26,19
145,88,26,19
145,88,26,19
145,85,26,19
145,85,26,19
145,85,26,19
145,85,26,19
145,84,26,19
145,84,26,19
145,84,26,19
145,84,26,19
145,84,26,19
145,84,26,19
145,84,26,19
145,84,26,19
147,83,26,19
147,83,26,19
147,83,26,19
147,83,26,19
147,83,26,19
149,83,26,19
149,82,26,19
149,82,26,19
149,82,26,19
149,82,26,19
149,82,26,19
149,82,26,19
149,82,26,19
149,82,26,19
149,78,26,19
149,78,26,19
151,78,26,19
151,78,26,19
151,78,26,19
151,78,26,19
151,75,26,19
151,75,26,19
151,75,26,19
151,75,26,19
151,72,26,19
151,72,26,19
152,71,26,19
153,70,26,19
153,70,26,19
153,70,26,19
153,68,26,19
153,68,26,19
153,66,26,19
153,66,26,19
153,66,26,19
153,66,26,19
153,64,26,19
153,64,26,19
153,63,26,19
153,62,26,19
153,62,26,19
153,61,26,19
153,61,26,19
153,61,26,19
153,61,26,19
153,60,26,19
153,60,26,19
151,60,26,19
151,60,26,19
151,60,26,19
149,60,26,19
148,60,26,19
147,60,26,19
146,60,26,19
145,60,26,19
144,60,26,19
143,60,26,19
143,60,26,19
142,60,26,19
143,60,26,19
142,60,26,19
143,60,26,19
142,60,26,19
141,60,26,19
140,60,26,19
140,59,26,19
140,58,26,19
141,58,26,19
141,57,26,19
141,58,26,19
141,59,26,19
141,58,26,19
140,58,26,19
139,58,26,19
140,58,26,19
140,58,26,19
141,58,26,19
142,58,26,19
142,58,26,19
142,58,26,19
142,58,26,19
142,58,26,19
142,58,26,19
