124,92,46,58
124.22,92.08,46.72,59.26
123.76,92.08,46.72,59.26
123.99,92.308,46.49,59.032
123.76,92.08,46.5,59.49
123.99,92.308,46.04,59.262
123.76,92.764,46.5,58.576
123.53,93.447,46.5,57.893
123.3,93.903,46.27,57.887
122.85,94.359,46.72,57.891
122.39,95.726,46.04,58.574
122.17,96.41,46.26,58.8
121.48,97.778,45.81,57.432
120.34,97.55,46.73,58.12
119.66,97.55,46.49,57.66
119.43,97.778,45.81,58.802
117.83,98.461,46.96,58.119
117.15,98.234,46.5,58.576
116.24,98.234,46.04,58.576
116.24,98.234,46.04,57.896
116.92,98.006,45.82,56.754
117.83,97.094,45.59,56.756
118.29,95.954,46.27,57.436
119.2,94.587,46.27,57.663
121.03,94.131,45.58,57.209
122.62,94.131,46.04,56.529
123.76,92.991,46.5,57.209
126.04,92.764,45.58,56.066
127.64,92.08,45.35,56.3
128.78,91.396,44.9,55.844
128.78,90.712,44.9,55.608
128.55,88.889,44.9,56.071
128.09,87.521,44.67,56.069
126.5,85.926,44.9,56.064
124.9,85.014,44.44,55.386
123.3,84.102,44.22,55.158
122.39,82.507,44.22,55.613
120.57,82.963,44.9,54.017
120.11,82.963,43.99,54.697
118.97,83.875,43.77,54.925
118.06,85.014,43.99,55.616
117.61,87.521,43.53,55.159
118.06,89.801,43.08,55.839
118.06,92.764,42.62,54.926
118.06,95.043,41.94,54.697
118.29,96.41,42.39,55.38
119.43,97.094,42.39,54.926
120.11,97.778,42.4,54.472
120.34,98.006,42.4,54.014
121.94,97.778,41.93,53.562
122.85,97.322,41.94,53.108
123.08,96.182,41.93,53.108
123.3,95.726,42.4,53.794
125.13,95.954,42.39,53.336
125.13,95.726,43.3,53.334
124.22,95.271,43.76,53.789
123.99,95.499,43.3,53.561
124.22,94.587,43.76,54.243
123.76,95.043,43.76,53.337
123.76,95.043,43.31,52.417
123.3,95.726,43.77,52.654
122.85,97.55,43.3,52.19
123.08,100.28,42.39,51.97
122.39,102.56,41.94,51.29
122.39,104.16,41.03,50.6
122.39,104.84,41.48,50.6
123.53,106.89,40.12,50.6
124.67,108.03,40.12,49.69
126.04,108.49,39.43,49.69
126.04,107.58,39.2,49.91
126.04,105.76,38.97,49
127.18,104.39,37.38,47.4
126.72,101.42,37.15,47.64
126.72,99.601,37.15,46.039
127.18,96.182,36.69,45.808
126.95,92.991,37.61,45.589
126.95,90.029,37.84,45.351
126.27,87.977,38.52,45.353
126.27,85.926,38.74,44.674
125.81,84.33,38.52,46.04
125.58,83.875,38.07,46.725
124.44,84.558,39.21,46.722
123.76,85.698,38.98,46.042
123.76,86.838,38.98,46.042
123.08,88.661,39.2,46.269
122.39,90.712,38.75,45.808
121.03,92.308,39.2,45.352
120.34,93.675,38.75,45.585
118.29,95.271,37.84,46.039
116.92,96.41,38.07,46.04
114.87,98.006,39.2,45.354
113.96,98.461,38.06,46.039
112.59,99.145,38.29,46.725
111.22,99.829,38.07,46.491
109.86,101.2,37.83,46.95
107.81,103.7,37.38,46.04
105.98,105.3,37.61,45.81
104.62,105.98,37.6,47.18
103.93,107.12,38.29,47.41
103.7,109.17,38.75,47.18
103.7,109.4,38.52,47.18
105.07,108.72,38.75,47.63
106.21,107.81,39.66,47.63
107.81,107.35,40.57,46.95
109.17,106.89,41.26,47.41
112.14,106.89,41.25,47.41
115.1,105.98,42.16,48.09
119.43,105.98,41.25,47.41
122.17,105.3,42.16,48.55
124.9,105.3,42.17,49
127.86,105.53,42.17,48.09
130.14,104.16,42.85,48.55
133.11,103.48,41.7,48.77
134.47,103.02,41.94,48.55
135.84,102.56,41.94,48.55
136.75,103.02,41.48,49
137.44,103.7,41.25,48.78
137.21,105.3,40.8,49
136.07,106.89,40.34,48.32
134.25,107.35,41.48,48.78
131.74,107.35,41.48,49.23
129,106.89,42.17,49.92
126.95,106.21,41.26,49.46
125.58,105.07,41.71,49.23
123.99,102.11,41.94,49.68
121.03,99.145,42.84,50.145
118.97,96.41,42.63,51.05
117.15,95.043,42.17,50.597
115.33,94.359,43.07,50.601
114.19,94.131,43.99,49.919
112.82,94.359,42.39,50.601
111,95.499,42.16,50.601
109.86,96.866,41.02,50.374
108.03,98.917,41.71,50.603
107.12,101.88,41.94,50.37
108.26,103.48,40.8,51.05
108.03,106.21,41.03,50.6
109.4,108.26,40.57,49.92
110.31,109.17,41.26,50.37
111.45,108.72,41.94,50.6
111.91,109.4,42.39,49.92
113.28,110.09,41.71,49.91
113.28,109.86,41.93,50.37
113.28,108.72,41.93,50.37
113.05,107.81,42.16,49.68
111.91,105.98,42.39,50.37
110.31,104.16,42.4,50.14
108.49,103.25,41.94,50.6
104.62,102.79,42.16,50.14
102.11,102.11,41.94,49.68
99.145,100.97,42.395,49.91
96.41,100.97,42.17,49.69
93.22,100.74,42.16,50.6
91.396,101.65,41.714,50.14
89.573,101.65,41.477,50.37
89.345,101.65,40.795,51.06
88.661,101.2,41.029,51.05
87.521,101.2,41.479,50.37
87.521,101.2,41.479,50.37
87.293,101.42,42.397,50.6
88.205,103.7,40.795,49.92
88.661,105.07,40.339,49.92
89.117,105.53,40.343,49.91
89.345,105.53,40.795,50.37
88.661,107.81,41.479,49.91
88.889,108.49,40.801,50.83
88.205,110.77,40.115,49.91
87.521,111.45,40.799,49.01
87.066,111.23,40.574,49
86.382,111.68,40.338,48.55
85.698,111.91,40.112,48.32
85.242,110.54,39.428,48.32
84.331,109.4,39.199,48.55
83.191,107.81,39.429,48.77
82.051,106.89,39.199,48.32
81.368,106.21,38.742,47.41
80.456,105.53,38.514,47.86
78.86,104.16,38.97,47.63
77.265,103.02,39.205,48.55
75.897,103.02,38.973,48.32
74.302,103.7,38.518,48.09
71.795,103.7,38.515,48.55
69.744,104.39,38.516,47.86
68.604,104.39,38.516,47.4
67.009,104.39,38.521,47.18
65.185,104.39,38.745,45.81
64.045,104.39,38.515,46.04
63.134,104.39,38.286,46.49
62.906,104.39,38.294,46.49
63.818,104.39,37.382,46.49
64.729,104.16,37.151,47.18
65.641,105.98,36.919,46.5
66.553,107.81,37.607,46.49
67.464,108.26,37.836,46.73
68.376,108.72,37.604,46.49
68.376,108.72,37.834,46.72
69.288,108.72,37.602,46.72
68.376,108.72,37.834,46.72
68.148,108.26,37.832,46.04
66.78,107.81,38.52,45.35
66.097,106.89,38.293,45.82
65.185,105.3,39.205,46.49
64.045,104.39,39.205,46.49
63.134,102.79,39.426,46.73
62.906,101.65,38.974,47.18
62.45,100.28,38.97,47.41
61.994,99.373,39.426,47.867
61.994,99.373,39.426,47.867
63.818,99.373,39.202,47.867
65.869,98.006,39.431,48.544
68.832,97.322,38.748,48.548
70.199,96.866,39.201,47.864
71.795,95.954,39.205,47.636
73.846,94.587,38.294,49.003
75.214,94.131,37.836,48.319
75.214,93.219,38.976,48.321
75.669,92.991,38.751,48.549
76.353,92.991,38.067,48.549
76.809,92.536,38.751,48.774
78.86,91.852,38.06,48.998
79.772,90.94,38.518,48.32
82.051,90.029,38.289,49.461
84.103,89.117,38.747,50.143
86.382,89.573,38.748,49.687
88.661,89.801,38.749,50.599
90.256,89.801,38.974,50.829
91.624,91.624,39.426,51.056
95.043,93.447,38.977,52.193
96.866,95.954,39.434,51.286
99.373,98.006,39.887,52.654
101.88,100.28,38.97,51.97
104.16,101.65,38.97,52.65
105.98,103.02,39.89,52.19
108.26,104.39,39.89,53.1
111.22,108.26,41.49,54.02
113.96,113.28,41.25,53.79
116.92,115.1,40.12,54.24
116.01,114.19,42.62,54.47
117.15,112.82,41.03,55.61
116.01,111.45,41.03,55.39
113.5,108.72,42.4,56.52
110.77,105.53,43.08,56.98
108.95,101.88,43.98,58.58
105.75,100.51,44.22,58.58
101.2,99.829,44.44,58.571
96.41,98.917,45.13,58.573
92.308,96.41,43.992,59.49
87.749,95.043,43.761,58.807
83.191,92.536,44.669,59.484
79.088,91.852,45.132,59.488
74.758,90.712,44.212,59.948
72.251,90.256,43.529,60.174
71.795,90.256,43.305,59.264
74.074,90.256,42.626,59.264
77.037,91.624,42.393,59.256
81.596,92.991,42.844,59.939
85.698,94.815,43.762,59.715
89.345,95.499,43.535,59.711
92.536,97.778,43.304,58.802
94.815,99.829,42.625,59.031
96.41,103.25,42.39,59.48
98.461,106.21,42.169,58.8
100.28,108.72,41.03,57.89
102.34,111,41.71,57.89
104.16,111.91,41.94,58.35
106.89,112.36,41.49,56.76
108.49,111.91,41.25,56.75
110.77,111,41.48,56.07
112.36,109.86,41.94,54.93
115.33,106.67,41.02,55.15
117.61,102.56,41.93,55.39
119.89,98.917,40.57,54.703
121.03,95.726,40.79,54.014
120.8,91.624,41.25,54.476
119.89,88.661,41.25,53.559
118.52,85.242,42.62,54.018
116.47,82.963,42.62,53.787
113.5,80,42.85,53.56
110.31,75.897,43.08,54.703
106.89,72.251,44.22,54.019
103.93,69.744,43.08,53.786
101.2,67.008,43.3,54.022
97.778,64.273,43.992,54.017
95.043,62.45,43.077,54.7
92.08,60.855,44.44,54.925
90.028,59.715,45.582,55.845
88.433,60.171,45.587,55.839
87.066,61.538,46.954,56.072
85.926,62.45,46.494,56.75
84.786,63.818,46.724,56.982
84.103,66.325,46.947,56.525
82.735,67.464,47.405,57.436
81.14,69.288,48.09,57.892
80.228,70.427,47.862,58.343
78.632,73.39,47.868,57.66
77.265,75.897,47.865,57.433
76.581,77.949,48.549,58.571
77.037,80.684,48.093,58.116
77.037,82.507,48.543,59.483
78.86,84.558,48.55,59.262
80.684,85.698,48.776,60.402
82.963,86.382,49.687,60.858
85.698,87.294,50.142,61.086
