146,150,32,73
147,150,32,73
148,150,32,73
148,150,32,74
148,150,32,73
148,150,32,73
147,150,33,75
147,150,33,76
147,150,33,76
146,151,34,75
147,150,34,75
148,151,33,75
148,151,33,75
148,150,33,74
149,150,32,74
148,150,32,75
149,149,32,75
149,149,32,74
148,150,33,73
149,150,32,75
149,150,33,74
149,150,33,74
148,149,34,76
149,149,33,75
149,149,33,74
150,150,33,74
150,150,33,75
151,150,32,74
151,150,32,73
150,150,33,74
151,150,33,73
150,150,33,73
150,150,33,74
150,150,32,74
150,150,33,74
149,151,33,75
148,151,34,76
148,151,33,75
147,152,33,76
147,152,33,75
146,152,33,75
146,152,33,76
146,151,33,75
146,151,33,74
146,151,33,75
146,151,33,74
147,152,32,75
146,151,32,75
146,151,33,75
145,151,33,74
145,152,33,74
144,152,32,74
143,153,33,73
144,153,33,73
144,153,33,73
144,151,32,75
143,151,34,76
144,152,32,74
144,152,33,74
144,152,33,75
144,152,33,75
144,152,33,75
145,152,33,75
145,152,33,75
146,153,33,75
146,153,33,75
146,153,33,74
145,153,33,75
146,153,33,76
146,152,32,75
146,152,33,75
146,152,32,75
146,152,33,75
146,151,33,76
145,152,33,75
146,152,32,74
145,152,33,74
145,152,33,74
145,152,32,74
145,152,32,75
144,152,33,74
145,152,33,74
145,151,33,74
146,151,32,74
146,152,33,73
147,151,33,75
147,152,33,74
148,151,33,75
148,150,33,76
149,152,32,74
148,152,34,75
148,153,33,74
149,152,33,75
149,153,33,75
150,153,32,76
150,154,32,75
150,154,33,75
151,155,32,74
151,155,32,74
152,155,32,74
152,154,32,76
152,154,33,76
152,154,33,76
152,153,33,76
152,154,33,75
152,153,33,76
152,153,33,76
152,153,32,75
152,153,33,75
152,153,33,75
152,153,33,75
153,153,33,75
152,154,33,75
153,153,33,76
153,153,33,76
153,153,33,76
153,153,34,76
154,153,34,76
155,152,33,75
155,153,33,75
155,153,33,75
154,153,33,75
154,153,33,75
154,153,33,75
154,153,33,76
154,152,33,76
154,152,33,76
153,151,34,76
153,151,33,77
153,151,33,77
153,151,33,76
153,152,32,75
152,151,34,77
152,152,33,76
152,151,33,75
152,150,33,76
153,150,32,76
153,150,32,76
152,149,33,77
152,150,33,76
152,150,33,75
152,150,32,75
151,150,33,75
151,150,33,75
151,150,33,75
151,150,33,75
150,150,33,75
149,151,34,75
149,151,33,75
149,151,33,74
148,149,34,77
148,151,33,74
148,150,34,75
148,150,33,75
148,149,33,76
148,149,33,76
147,150,33,75
147,149,33,76
146,149,34,76
146,149,34,76
146,149,33,76
146,150,33,75
145,150,34,76
145,150,33,75
145,150,33,75
144,150,34,76
144,150,34,76
145,150,34,76
145,150,34,76
145,150,34,75
145,150,34,75
145,150,33,75
145,150,33,75
144,150,34,76
144,150,34,76
144,149,34,77
143,149,34,76
144,150,34,75
144,149,34,76
144,150,34,75
144,148,34,78
144,148,34,78
144,149,33,76
144,149,34,76
145,148,34,77
146,149,34,76
148,148,33,77
149,148,34,76
151,147,34,77
154,147,32,75
157,147,32,74
160,146,33,75
162,144,34,77
165,144,34,76
167,143,33,76
169,142,34,76
171,141,34,77
171,140,35,77
171,138,35,78
171,138,34,78
170,136,34,79
168,136,34,78
164,136,35,77
161,135,35,79
157,134,36,80
153,133,35,81
148,133,36,81
142,132,36,80
136,131,36,80
132,132,35,80
126,131,36,81
121,132,36,81
117,132,36,80
115,132,36,81
111,131,36,82
110,133,35,81
108,135,35,81
106,137,34,80
106,138,35,81
105,140,35,80
104,142,35,80
104,144,35,79
105,147,34,79
105,149,35,79
106,150,34,80
107,152,35,80
108,153,35,81
108,155,36,82
110,155,36,82
111,157,35,80
111,158,35,79
111,159,35,79
112,161,34,77
110,161,34,77
110,162,33,76
108,161,34,77
106,161,33,77
105,160,34,78
104,159,33,78
103,160,33,78
101,160,34,79
99,160,34,78
96,159,34,80
93,158,34,80
90,158,34,80
87,157,34,80
83,156,35,80
80,155,35,80
77,154,35,81
73,153,35,81
70,152,35,81
66,150,36,83
63,148,36,84
62,148,35,81
62,148,35,82
59,147,36,84
57,148,36,82
55,146,37,82
54,144,38,83
51,141,38,87
51,140,39,88
50,140,39,88
50,139,39,89
51,139,38,89
52,138,38,90
54,138,37,91
56,138,39,91
59,137,38,92
63,138,38,91
67,137,38,92
72,137,38,92
76,137,39,92
80,136,40,93
86,138,38,91
91,137,38,92
95,138,39,91
100,137,40,92
106,137,39,91
110,137,40,91
114,137,40,92
117,137,40,92
120,138,40,91
124,138,39,90
126,139,40,91
129,140,39,91
131,140,40,91
134,141,40,91
137,142,39,91
139,143,40,89
141,144,39,89
143,145,39,89
145,146,38,87
145,147,38,86
146,148,39,86
148,148,38,86
148,149,38,85
149,151,37,84
149,153,37,82
149,154,36,82
149,155,36,82
148,157,36,81
148,158,36,81
147,160,36,79
146,162,36,79
145,163,35,80
142,165,35,78
140,165,35,78
137,167,35,77
133,168,34,77
130,169,35,78
127,169,34,78
124,170,35,78
120,170,36,79
119,169,35,79
117,168,35,79
113,166,36,80
109,167,36,78
106,166,36,79
102,166,36,80
99,165,35,79
95,165,35,79
91,164,35,79
88,164,36,78
85,163,35,79
81,162,36,80
79,161,35,79
76,160,34,80
72,158,34,81
71,157,32,80
69,156,33,79
65,155,33,80
65,155,34,80
64,152,32,81
63,152,31,80
62,150,33,80
63,148,33,81
63,146,33,81
66,145,33,81
67,144,33,80
69,142,34,80
72,141,34,81
75,139,33,82
79,138,35,83
82,137,34,82
87,136,33,83
92,135,33,83
98,134,33,83
103,134,33,83
110,134,32,80
112,131,37,83
116,131,39,82
123,131,38,82
130,131,38,84
135,131,37,83
142,130,36,85
149,132,36,82
156,132,37,83
161,132,37,83
169,132,36,82
175,132,36,82
181,132,36,81
188,132,35,79
194,132,36,80
200,132,36,80
204,133,38,82
210,131,37,82
213,133,38,82
217,134,38,82
220,136,38,82
224,138,37,81
226,139,37,81
227,141,37,81
227,142,37,81
226,143,35,81
227,146,32,80
224,148,33,80
220,150,34,79
216,150,35,80
211,152,35,78
207,153,35,77
202,153,33,78
197,155,33,77
191,155,33,78
185,156,36,79
178,156,37,80
172,158,36,80
166,159,36,80
160,160,36,79
154,160,36,79
148,160,36,79
141,160,36,79
133,160,36,80
127,159,36,80
121,159,36,81
115,158,36,80
109,156,37,82
104,155,37,81
99,152,36,82
94,150,36,80
93,151,33,75
87,147,35,77
84,144,34,75
81,141,33,75
81,136,32,76
79,133,33,76
81,129,33,76
82,126,34,75
87,125,32,74
89,122,34,74
94,116,34,77
100,113,34,76
104,110,34,76
110,107,35,77
115,103,34,77
121,102,34,77
125,98,35,77
129,95,35,78
133,91,35,78
136,88,35,77
142,85,34,77
144,83,34,76
146,80,35,78
149,76,35,78
152,76,35,77
153,72,35,78
154,68,36,79
154,65,36,80
154,60,36,81
154,56,36,80
153,55,36,81
151,53,37,82
148,51,36,82
148,48,36,82
145,48,36,81
141,47,36,81
138,49,36,80
134,49,36,80
132,50,35,80
129,49,36,83
127,51,35,83
123,51,35,83
121,54,34,83
118,57,33,84
115,60,33,83
112,64,33,82
111,68,34,82
108,71,32,81
108,71,33,87
105,75,33,85
103,82,33,80
103,84,32,83
102,90,32,83
100,92,32,83
98,98,32,82
98,102,31,82
97,105,32,83
97,111,32,81
98,115,32,82
98,119,32,83
98,125,32,83
98,129,32,82
97,133,34,81
100,136,33,80
100,139,34,80
101,141,35,78
104,142,34,77
104,144,34,78
106,146,34,77
106,148,35,78
107,150,34,78
107,152,35,79
108,154,34,78
109,155,34,77
109,157,35,77
110,157,35,78
111,157,34,78
111,158,35,78
111,159,35,78
111,159,35,79
110,160,35,79
109,159,36,81
109,160,36,80
109,160,36,82
109,160,36,82
108,160,36,81
108,159,36,82
109,158,36,82
109,158,37,82
108,156,38,84
107,157,38,83
106,155,38,85
105,154,38,86
103,153,39,86
102,152,39,86
102,152,38,86
101,151,39,86
101,149,38,85
100,148,38,85
100,147,38,85
98,146,39,86
98,144,39,88
96,142,40,89
95,140,40,89
94,138,41,89
93,134,41,91
92,132,42,92
91,128,42,94
90,126,42,94
89,126,43,95
90,122,43,94
90,118,43,97
90,116,44,97
91,113,44,98
93,110,44,99
95,108,45,100
99,105,44,100
103,105,44,100
109,103,45,101
116,103,45,101
124,105,45,102
130,105,45,102
136,108,46,103
144,111,46,103
154,112,46,104
161,113,46,104
168,112,47,103
173,113,46,105
179,115,47,104
183,117,47,104
186,119,46,103
188,122,45,102
187,122,46,103
189,125,46,103
190,127,46,103
191,129,43,102
191,132,43,99
190,135,41,96
189,137,42,96
188,139,40,97
185,143,40,95
183,146,39,94
179,148,40,94
174,151,41,93
172,155,38,90
168,157,39,90
165,160,39,90
162,164,39,88
160,167,38,89
158,167,37,88
157,167,37,85
153,170,37,87
148,175,38,85
144,174,40,88
144,174,39,87
144,174,39,87
143,176,39,86
141,177,39,87
137,179,39,86
134,177,38,85
129,176,38,84
125,176,38,83
121,175,39,85
119,177,38,84
118,178,38,83
117,178,38,83
116,177,38,82
114,177,38,82
113,177,38,83
115,177,37,83
117,178,37,82
118,178,38,82
121,178,37,81
123,178,37,81
125,179,36,80
127,182,37,79
129,184,36,78
131,185,36,79
134,187,36,79
136,188,35,78
139,188,36,79
142,189,35,78
146,189,35,78
150,189,35,77
153,188,35,77
157,188,35,76
161,187,35,76
165,188,35,76
169,188,35,77
172,184,35,79
177,184,35,78
178,180,36,79
180,178,36,78
182,173,36,79
183,169,36,79
184,167,36,80
183,167,36,79
182,166,39,78
181,164,38,79
183,162,38,79
180,160,40,79
180,160,40,80
179,158,42,81
179,157,37,81
176,155,38,84
173,156,37,83
170,156,37,83
166,157,37,83
162,157,37,83
159,158,37,83
155,158,38,83
152,158,37,85
148,160,38,84
145,163,38,82
144,163,38,85
143,165,38,84
142,168,38,83
142,171,37,83
143,174,38,83
145,177,38,83
146,179,38,83
148,181,37,83
148,182,38,82
149,183,37,82
151,185,36,81
152,186,36,79
153,187,36,79
155,187,37,79
157,186,37,81
159,186,37,81
162,187,36,80
165,187,36,80
167,188,36,79
170,188,36,79
172,186,36,80
175,185,36,80
178,184,36,80
181,183,36,81
184,182,36,80
187,182,36,79
192,181,36,79
195,181,36,79
197,179,36,79
199,178,36,78
202,176,36,78
204,174,36,79
208,173,37,80
211,172,36,80
214,170,37,80
219,168,36,80
220,165,37,80
221,163,37,82
223,162,37,82
223,162,38,83
224,161,38,83
225,160,38,83
226,159,38,83
227,158,38,85
228,157,39,85
230,156,39,85
231,156,39,84
233,154,38,85
234,152,39,86
235,150,40,86
236,148,40,88
237,146,41,88
237,145,41,90
238,145,40,88
238,143,40,89
237,141,42,90
237,140,42,92
236,138,42,93
235,137,42,92
233,136,42,93
229,134,43,95
226,133,43,95
223,132,43,95
220,130,43,97
216,128,43,97
212,127,44,98
208,126,43,98
203,126,45,97
200,122,44,99
195,124,44,96
188,123,45,97
184,123,45,97
178,123,45,97
172,121,45,98
167,120,44,98
162,119,44,98
159,119,44,98
153,119,44,97
149,118,44,98
144,118,43,96
138,120,43,95
134,121,43,95
131,120,43,95
126,120,43,94
123,122,43,94
122,122,42,91
120,123,42,92
118,124,41,91
118,125,40,89
116,126,40,89
115,128,40,87
114,130,40,86
115,130,39,87
115,133,40,86
117,133,40,87
117,135,39,86
119,137,39,86
120,138,39,85
122,141,39,85
123,144,38,84
125,147,38,83
128,151,37,82
130,154,37,81
134,156,37,81
136,159,36,80
139,162,37,80
142,163,36,79
145,164,36,80
146,164,37,81
149,164,36,81
151,164,37,81
153,163,37,80
156,161,37,80
158,159,37,81
160,156,38,81
162,153,38,81
164,149,37,81
167,145,37,81
169,141,37,80
172,137,36,79
173,134,36,80
176,127,36,80
176,122,37,79
177,116,37,81
176,112,37,81
178,106,37,80
176,102,41,80
176,96,42,80
175,91,42,78
174,86,42,79
174,79,40,81
173,75,42,81
170,70,44,82
165,65,45,80
166,62,42,81
163,58,43,80
157,55,46,82
155,53,43,82
150,52,45,82
147,50,45,85
141,52,46,84
137,52,46,86
133,52,45,86
130,53,43,87
125,55,45,89
121,56,44,90
116,58,46,92
112,60,44,90
109,62,43,92
105,65,43,93
102,68,44,92
100,73,44,94
99,77,43,94
99,82,44,94
97,87,44,96
97,92,44,95
97,96,43,97
97,102,45,97
96,108,45,99
97,113,46,98
97,118,46,98
98,123,46,100
100,128,45,99
100,132,46,100
101,135,45,101
104,139,45,100
106,142,46,100
107,146,47,99
110,149,44,100
112,153,47,101
116,156,45,100
119,161,47,99
123,164,45,98
127,167,46,97
130,169,48,98
135,173,45,95
139,175,44,94
142,177,45,94
146,179,45,94
150,180,45,94
154,179,45,95
158,179,45,94
162,178,44,93
167,178,43,92
171,177,42,91
173,176,43,90
176,177,42,86
180,175,42,88
180,173,42,88
185,171,42,88
187,168,41,86
188,164,41,85
189,161,40,84
189,158,40,83
189,156,40,83
190,154,40,83
190,152,40,83
191,149,39,81
191,144,39,82
190,140,39,80
192,135,39,80
191,130,39,81
190,126,39,80
189,123,39,80
187,120,39,82
185,117,38,83
182,114,38,83
178,111,38,83
175,108,39,84
172,107,38,85
168,107,39,85
166,108,38,86
157,107,45,88
157,109,42,90
156,113,43,92
156,118,41,95
154,123,39,94
154,129,39,95
154,132,40,95
152,132,41,94
152,129,41,95
151,125,43,95
152,120,43,95
153,113,43,91
152,106,43,91
151,101,43,90
150,96,43,97
148,95,43,94
144,95,45,96
142,97,44,96
139,100,44,98
134,105,46,99
130,110,46,98
130,114,46,97
128,118,46,100
126,121,47,99
127,121,47,101
126,121,48,101
126,118,49,103
127,114,49,103
127,109,49,102
126,102,48,103
124,97,48,103
124,92,48,102
124,88,48,103
123,87,49,102
122,86,48,103
121,87,48,106
121,90,49,103
122,94,49,104
122,99,50,105
124,103,50,107
128,109,50,109
129,113,51,108
132,117,51,109
135,118,51,109
140,117,51,109
143,113,52,111
145,106,52,113
149,98,52,114
150,90,53,114
155,81,52,115
156,73,53,114
158,66,53,115
159,61,53,115
158,59,53,120
158,55,54,126
157,56,54,126
156,61,55,123
154,64,55,126
154,68,55,130
154,73,56,131
153,79,57,131
155,82,56,135
156,84,57,132
158,85,58,134
160,80,59,136
161,78,59,131
163,72,59,136
163,65,59,136
163,55,59,143
161,50,62,143
160,48,60,143
157,47,61,144
154,49,62,145
153,53,62,148
152,61,62,148
149,66,69,152
152,77,63,149
151,82,67,151
151,88,63,153
153,96,64,148
154,95,64,144
156,91,65,151
157,81,65,155
158,74,65,158
159,68,66,157
157,57,66,159
157,49,67,161
152,46,67,159
149,43,67,160
145,36,68,166
143,34,69,167
139,33,70,169
138,36,69,173
136,42,70,174
135,45,75,177
135,51,75,178
138,56,72,177
139,59,72,178
141,65,74,175
141,66,76,177
143,70,75,174
146,71,74,173
149,72,76,171
155,71,76,173
160,72,74,166
168,70,74,166
175,65,74,167
183,62,73,166
189,60,74,165
199,59,74,159
205,54,73,158
214,55,70,155
220,56,74,152
225,56,73,149
228,56,67,148
228,59,72,146
226,63,70,142
226,66,70,141
222,71,70,139
218,75,68,136
214,79,67,134
210,84,63,133
206,87,62,133
198,91,62,133
192,97,61,128
183,100,62,127
178,102,60,130
170,108,59,127
165,111,59,129
159,116,57,125
155,121,56,124
151,125,56,125
148,129,55,123
146,135,53,121
146,137,52,120
144,142,55,120
144,146,54,118
146,149,55,116
148,151,55,115
151,153,53,115
154,154,53,114
157,155,52,112
160,155,54,114
163,156,52,111
166,153,48,111
169,152,50,109
171,152,53,107
175,148,52,107
178,145,52,108
181,143,50,108
182,140,54,107
182,136,52,108
183,132,50,109
183,128,49,106
184,126,51,106
182,122,49,104
180,119,51,103
179,113,49,106
175,110,49,105
171,106,48,104
167,103,50,105
163,101,49,104
159,98,48,105
156,99,47,101
151,99,49,102
150,97,51,103
148,101,49,100
146,101,46,99
144,102,50,101
143,104,48,99
144,105,47,99
144,108,44,98
144,110,48,97
145,111,46,97
147,115,46,93
147,117,50,94
150,117,48,94
153,121,46,93
153,115,49,103
155,116,49,103
158,118,49,101
162,119,48,101
167,121,47,100
172,122,47,100
177,124,47,97
183,125,46,96
188,125,46,96
195,125,46,95
200,125,46,95
206,126,45,93
212,126,45,93
218,125,45,93
223,124,45,93
228,124,46,93
231,124,45,92
233,124,45,92
236,123,44,91
236,124,44,90
236,123,43,89
235,123,42,88
232,124,43,87
230,124,42,87
226,125,41,86
222,125,41,86
217,124,42,86
211,123,42,87
206,123,42,87
200,122,42,87
194,122,43,87
188,123,42,87
182,123,42,87
176,123,42,87
170,124,42,87
164,124,42,87
157,125,43,87
152,126,42,87
146,126,43,87
140,127,43,87
135,129,42,87
130,130,42,86
126,132,42,86
122,133,42,87
118,136,42,85
114,137,42,86
111,139,42,86
107,141,42,86
105,143,42,85
103,145,42,85
102,147,42,86
101,149,42,87
101,152,42,85
102,153,41,85
104,155,41,85
105,157,41,84
107,158,41,84
111,160,40,83
114,162,40,83
117,163,40,83
122,165,40,82
125,166,40,82
131,167,40,83
136,169,40,83
140,171,40,83
146,173,40,82
152,174,39,81
157,174,39,80
162,174,39,79
167,174,39,80
172,174,39,80
178,175,38,78
183,174,38,78
187,173,38,78
193,172,38,79
199,171,38,78
205,171,38,78
211,168,39,80
217,168,39,79
222,167,38,78
229,165,37,77
234,164,38,76
239,163,37,76
244,161,37,76
249,160,37,75
254,160,37,73
258,159,36,72
260,155,36,74
263,154,36,74
266,152,36,74
267,150,37,74
269,148,37,75
270,147,37,74
271,145,37,74
272,143,36,74
271,141,37,74
271,139,37,76
269,138,38,76
268,135,38,77
265,133,38,78
262,132,38,78
258,131,39,79
254,130,40,79
250,129,40,81
246,129,40,81
242,129,40,81
239,129,40,80
232,129,40,81
229,128,41,82
224,129,40,81
218,128,42,82
214,129,41,83
207,129,42,84
202,129,42,84
197,129,43,84
192,129,42,85
187,129,42,84
181,129,42,85
175,129,42,85
171,129,43,85
166,129,42,85
161,128,43,86
155,130,43,86
152,130,43,87
148,132,43,86
144,134,42,85
141,134,42,85
138,136,41,85
135,138,42,84
132,139,41,85
130,142,41,84
128,144,41,83
127,145,41,83
126,147,41,83
125,150,41,83
126,152,41,83
125,155,41,83
126,158,40,82
127,159,40,82
127,161,40,82
128,162,40,83
130,164,41,83
132,166,41,82
135,167,40,82
139,168,39,81
143,168,40,81
148,169,39,81
153,170,39,80
158,170,39,79
161,170,40,79
165,170,39,79
169,170,38,79
172,169,39,80
175,169,38,78
178,169,38,78
182,168,37,77
184,167,38,78
189,165,37,76
191,165,36,74
194,163,35,73
196,160,36,73
198,158,36,73
200,155,36,74
203,152,36,74
204,149,37,75
206,146,37,74
208,142,36,75
209,137,37,75
210,134,36,73
212,130,35,72
212,124,36,73
213,120,35,73
213,114,36,73
212,109,37,75
210,103,38,75
209,99,37,75
207,93,37,76
206,88,38,76
204,84,37,76
201,80,38,76
198,75,38,77
195,71,38,78
191,69,38,77
186,66,38,78
181,65,39,78
176,64,39,79
170,64,39,79
164,65,39,79
157,67,40,79
151,69,40,80
145,73,40,80
138,78,40,81
134,83,40,81
129,88,40,81
124,95,41,82
118,100,41,82
115,106,41,83
112,112,41,83
108,117,42,84
106,122,42,85
104,128,42,85
102,133,42,86
102,139,42,85
102,144,41,85
102,148,42,85
104,152,42,86
106,155,42,86
109,158,42,86
112,161,42,86
116,163,41,85
118,165,41,85
121,166,41,86
123,169,41,84
127,170,41,85
131,171,41,86
134,172,41,85
137,173,41,85
139,173,41,86
142,173,42,87
146,175,42,86
149,175,41,86
152,176,42,86
154,176,42,87
157,177,42,88
158,178,43,89
160,179,42,89
161,178,42,89
161,178,43,90
162,177,43,90
162,175,44,91
161,174,45,92
161,173,44,92
161,171,44,92
161,168,44,93
160,165,45,93
160,162,46,95
159,157,47,96
159,153,47,97
159,149,46,97
159,144,47,97
160,138,47,98
160,133,47,99
160,127,48,100
161,121,48,100
162,117,48,100
163,111,48,101
164,108,48,100
165,102,48,101
165,98,49,102
165,95,49,101
166,92,49,101
167,89,48,100
167,87,49,100
168,87,48,99
169,86,47,98
169,86,47,98
170,86,47,97
170,87,46,97
170,87,46,97
170,89,46,96
170,90,46,95
171,92,45,94
170,94,46,93
170,95,45,93
169,97,45,93
169,98,45,92
168,100,44,91
166,101,45,93
166,103,44,92
165,105,44,93
163,108,45,92
163,110,44,92
161,112,44,92
160,114,44,92
160,117,43,90
159,120,43,89
158,122,44,90
158,125,43,89
156,127,43,90
155,130,43,90
155,131,43,91
155,134,43,89
155,137,43,89
155,139,43,89
155,142,43,89
156,144,43,88
156,147,42,87
158,150,42,87
160,153,41,85
160,155,41,85
161,156,41,85
162,157,41,87
161,158,43,88
163,159,42,87
164,159,42,88
164,159,43,88
166,158,43,89
167,158,43,89
168,157,44,89
170,156,44,90
172,156,43,89
174,155,44,90
176,153,44,91
179,152,44,91
182,149,45,92
186,147,45,93
189,146,45,92
192,143,45,93
196,141,45,93
199,139,45,93
203,138,44,92
205,137,45,92
209,136,45,92
211,136,46,92
215,135,45,92
218,133,45,92
222,132,45,93
223,133,45,92
227,133,45,92
231,134,44,90
233,132,45,92
235,132,44,91
238,133,44,90
240,132,44,90
241,132,44,89
243,131,43,89
243,130,43,89
243,130,43,89
242,131,43,90
240,131,44,90
240,132,43,88
238,133,42,87
236,133,43,87
234,134,42,86
232,134,42,86
230,135,42,85
228,134,42,86
227,135,42,84
226,135,41,84
221,137,42,85
219,137,41,85
216,139,40,84
212,141,41,84
208,142,41,85
204,143,41,85
201,143,41,85
196,143,42,86
192,144,41,85
187,145,42,85
183,146,42,84
180,145,42,86
176,146,42,86
174,147,41,85
170,147,42,86
168,149,41,85
165,150,41,85
163,151,41,84
160,151,41,84
158,150,42,85
154,150,43,86
153,150,42,86
150,150,42,86
147,150,42,85
143,150,42,85
141,149,42,86
138,148,43,87
136,147,43,88
135,148,43,88
134,147,43,89
132,147,44,89
131,147,44,89
130,147,44,89
129,145,44,91
128,145,45,92
127,146,44,91
125,147,44,90
125,146,44,91
125,144,45,92
125,143,45,93
128,142,45,93
129,140,46,95
131,139,46,95
134,140,46,94
137,139,46,94
140,138,47,95
145,139,46,94
149,138,46,95
155,138,46,95
161,137,47,96
167,137,46,95
171,134,47,96
176,133,47,95
181,132,47,95
185,130,47,96
191,130,46,95
195,128,47,95
199,127,48,97
205,126,48,97
210,126,47,96
215,125,48,97
220,124,48,97
224,122,49,98
229,122,48,98
233,121,49,100
238,121,49,101
241,121,51,103
244,121,51,103
246,120,51,105
249,120,51,105
252,120,51,105
254,120,51,105
254,120,51,104
257,119,51,103
256,118,51,103
254,116,51,103
252,113,52,103
251,110,50,102
247,108,51,102
243,106,51,102
238,105,50,102
233,104,51,103
229,103,51,103
223,103,52,103
217,102,51,103
213,103,50,103
205,104,51,102
198,103,52,104
190,103,52,104
184,103,52,105
178,103,53,106
170,104,53,105
165,104,52,106
159,105,53,105
152,106,52,105
146,106,53,105
141,106,52,105
136,108,52,105
131,111,52,103
127,112,51,102
122,113,52,102
118,115,51,102
114,116,51,102
109,116,51,102
105,117,51,100
103,117,50,101
101,118,50,100
99,119,50,100
98,120,50,99
98,121,49,98
98,123,49,97
100,124,48,97
102,126,48,96
104,128,48,96
107,129,47,95
110,131,47,94
113,133,47,93
114,135,47,93
116,137,46,92
117,140,46,91
117,143,45,91
116,145,45,91
114,148,45,89
112,149,45,89
109,150,45,88
106,152,44,88
102,152,45,89
99,154,44,88
97,154,44,87
95,154,44,86
94,155,43,84
95,154,42,86
96,155,43,85
97,156,42,85
98,156,42,86
99,158,43,84
102,158,43,85
106,160,43,85
110,162,42,84
115,164,42,83
121,166,42,84
126,168,43,83
133,170,42,82
138,171,42,83
143,173,42,81
149,174,42,82
155,174,42,82
161,175,41,82
167,176,41,81
172,175,42,82
179,176,41,80
184,175,41,80
190,174,41,79
196,172,40,79
201,171,39,78
205,168,40,80
210,165,41,81
215,163,40,80
220,159,42,81
225,156,41,82
229,154,42,81
234,151,41,81
239,148,41,81
242,145,41,81
246,142,41,81
248,139,41,82
248,135,42,83
250,133,41,82
249,130,42,83
248,127,42,84
246,125,42,83
244,122,42,85
240,119,43,85
237,117,42,85
233,115,43,86
228,113,44,86
225,114,42,85
218,114,43,85
214,114,43,85
208,115,43,85
202,116,43,85
196,118,42,84
190,120,43,84
184,121,43,85
180,123,43,87
176,125,44,87
172,128,44,87
169,131,44,88
168,134,44,88
167,138,44,87
167,142,44,87
168,146,43,87
169,149,43,88
170,153,44,88
172,156,44,88
174,162,43,86
177,165,43,86
180,167,43,86
184,168,43,86
187,170,43,86
191,171,42,86
194,172,42,84
195,171,42,84
197,170,42,83
198,167,42,85
199,164,42,84
200,159,42,86
200,156,43,85
200,151,43,85
200,146,43,85
200,141,43,85
201,135,43,87
200,131,43,86
200,124,43,87
199,119,44,88
198,114,44,88
198,109,44,88
196,105,46,92
195,100,45,92
193,96,44,93
191,91,45,94
189,87,44,97
186,84,45,96
182,80,46,98
177,76,46,100
171,73,45,100
165,71,45,101
159,70,48,100
153,67,49,103
146,66,48,104
140,64,47,106
135,64,47,107
128,64,48,107
122,62,49,112
114,62,50,114
106,64,51,114
103,63,48,117
96,64,50,119
91,66,50,118
85,68,52,120
76,71,53,118
69,72,54,120
67,75,49,121
62,79,49,121
60,81,49,123
57,87,51,121
56,91,53,121
58,94,51,120
59,98,51,120
61,103,51,117
66,108,49,116
72,112,49,115
78,116,49,115
86,121,53,115
92,125,50,111
103,129,55,112
111,133,54,110
121,136,52,110
128,138,54,109
137,142,54,108
149,142,54,108
158,144,53,108
166,147,54,107
177,149,54,107
186,151,54,107
198,152,54,108
207,153,55,109
215,154,55,109
224,155,55,109
228,155,55,110
231,152,55,109
234,153,55,108
234,152,55,107
232,152,53,104
230,154,53,103
226,153,52,103
221,153,52,102
215,153,51,101
211,152,51,100
204,152,51,99
198,151,51,99
190,150,51,99
183,150,51,98
178,149,50,97
169,148,51,97
164,149,50,95
158,149,50,96
152,150,50,95
147,152,50,94
144,153,48,94
141,157,48,92
139,160,48,92
136,165,48,90
137,171,46,89
137,176,46,89
138,181,46,87
141,186,46,87
146,191,45,87
150,195,45,86
155,200,46,87
159,204,45,85
165,207,45,86
171,209,44,85
177,212,45,85
185,212,44,83
191,210,44,83
197,209,43,81
205,208,43,81
210,205,43,80
217,201,42,80
222,199,43,81
227,196,43,81
231,192,43,81
234,189,44,82
237,184,44,81
239,180,44,81
241,178,43,80
242,174,43,80
244,170,43,80
245,166,43,80
245,162,43,81
246,158,43,81
246,153,43,82
246,149,44,83
245,146,44,83
245,142,44,83
244,138,45,85
244,134,45,85
243,131,45,85
241,125,45,86
239,122,46,88
237,120,46,88
233,116,46,89
229,112,47,90
226,109,47,90
223,107,47,90
219,106,47,90
214,103,47,91
209,101,47,91
204,99,48,91
198,98,48,92
193,97,48,93
187,96,49,93
183,96,49,93
179,96,48,93
175,96,48,93
171,98,48,92
167,99,48,93
163,101,49,93
159,104,49,93
156,107,49,93
155,110,48,93
152,114,48,93
152,119,48,93
151,123,48,92
150,126,48,92
151,131,47,91
150,135,46,90
149,137,47,91
148,141,47,89
148,143,46,90
148,145,46,90
150,149,45,89
149,151,46,89
149,154,46,88
150,156,45,88
150,159,45,88
150,163,45,86
151,167,45,86
151,171,45,86
154,175,44,86
158,179,44,85
159,184,44,85
161,188,44,85
164,191,44,85
168,193,44,85
172,196,44,85
176,197,44,84
180,197,44,85
185,197,44,85
190,197,44,84
194,194,44,83
198,191,43,83
202,186,43,82
204,181,43,82
206,175,43,82
205,167,43,82
205,160,43,82
204,152,43,82
201,144,43,82
198,138,43,82
194,131,44,83
190,126,43,82
185,120,43,82
179,116,43,82
174,113,43,81
168,109,43,82
161,108,43,82
154,106,44,83
147,106,43,83
138,107,44,83
132,108,44,84
124,110,44,83
117,113,44,83
110,115,44,84
105,118,44,84
101,121,44,85
97,124,44,84
95,127,44,84
92,130,44,85
91,132,44,86
91,136,44,85
91,139,44,85
92,142,44,85
93,144,43,84
96,147,42,83
98,149,42,82
100,151,43,83
103,153,42,82
108,154,42,82
113,155,41,82
118,157,41,81
123,158,41,82
128,160,41,81
133,161,41,80
137,161,41,81
141,162,41,81
148,162,41,81
154,162,40,81
160,164,41,81
166,165,41,81
173,166,41,81
180,167,41,82
187,169,41,82
194,171,40,81
200,170,40,81
205,169,41,81
209,167,41,81
216,167,41,82
221,167,41,82
223,166,42,82
228,162,41,81
232,162,41,80
234,162,40,80
236,161,41,80
237,159,41,81
237,157,42,83
239,156,41,82
239,155,42,83
240,154,43,83
241,152,42,83
241,151,42,83
241,150,43,84
241,148,42,85
240,146,43,86
238,144,43,86
238,142,43,86
237,141,44,87
237,139,44,89
236,138,44,88
235,135,45,91
233,135,46,91
232,133,46,92
230,131,46,93
226,130,46,93
223,128,47,95
220,127,47,95
216,126,48,96
211,124,49,98
208,124,48,98
204,122,50,100
200,122,50,100
196,121,49,100
191,120,51,101
187,120,51,102
183,120,50,102
178,120,51,102
173,120,51,102
169,120,51,103
165,119,51,104
160,121,52,103
155,120,51,104
150,122,51,104
146,123,52,103
143,124,51,103
140,126,51,102
138,127,51,102
135,128,51,102
133,129,51,102
131,130,50,103
128,131,51,102
126,134,51,101
125,136,50,100
124,139,49,99
123,143,49,99
123,147,49,99
124,152,49,99
124,157,48,98
125,161,49,98
127,165,49,98
130,169,49,98
133,172,48,97
136,176,48,95
140,178,47,95
143,181,46,93
147,181,46,92
150,181,46,92
154,180,45,91
158,178,46,92
163,176,46,92
168,174,45,90
174,171,45,90
178,168,45,89
184,163,44,88
186,158,44,88
190,155,43,86
192,150,44,87
195,146,43,86
196,141,43,87
197,138,43,86
196,134,43,86
195,130,44,86
194,126,44,87
193,123,43,86
190,121,43,86
187,119,43,85
182,118,44,85
177,118,43,86
170,118,43,86
162,118,43,86
154,118,44,87
146,117,45,89
138,116,46,90
130,117,46,89
123,117,46,90
116,116,46,91
107,118,46,90
98,117,47,91
92,115,47,92
85,114,48,93
81,114,47,93
76,112,47,94
70,110,48,95
67,109,48,95
64,107,48,96
63,105,48,97
63,103,49,98
63,100,50,100
66,99,50,100
70,98,51,101
75,96,51,102
82,95,51,102
89,96,52,103
96,94,52,104
105,95,53,104
114,96,53,104
124,98,53,104
135,102,53,103
146,103,52,103
155,102,53,105
167,105,53,104
178,109,52,103
187,111,52,103
193,112,53,105
196,116,53,106
199,120,53,106
200,124,53,106
200,127,53,106
197,130,53,106
193,132,54,111
189,135,53,107
184,136,54,109
178,136,55,109
171,135,56,111
165,135,56,111
160,133,55,116
153,130,56,119
147,128,57,119
141,124,57,122
135,122,57,123
129,117,57,124
125,114,58,123
120,109,58,127
117,104,59,128
118,100,59,129
117,95,60,130
118,86,61,134
115,86,60,132
115,82,61,135
117,79,61,137
117,76,62,137
118,71,62,141
119,68,62,143
121,64,63,143
123,61,64,144
126,58,64,146
126,54,65,148
136,54,65,146
137,51,65,152
140,49,69,149
146,47,69,154
151,52,69,148
157,50,69,150
165,53,69,149
170,55,70,146
176,57,72,146
185,58,70,146
193,61,69,144
199,65,71,144
204,68,70,139
215,73,69,139
220,76,69,140
222,80,69,139
223,85,69,138
225,89,68,137
224,93,68,136
223,96,68,135
220,99,67,134
217,102,67,133
211,106,66,132
204,109,65,131
198,110,66,131
191,113,65,130
183,115,66,130
177,116,65,130
170,117,65,131
160,120,65,130
154,121,65,129
148,122,64,129
141,123,64,128
133,124,64,128
127,125,63,127
120,125,63,126
114,126,63,125
111,127,62,123
106,127,61,123
102,127,61,123
98,127,61,122
96,127,61,121
95,127,61,120
95,127,60,119
96,128,59,118
97,129,59,116
99,130,58,115
101,132,58,114
105,133,57,113
108,133,57,112
114,134,56,111
120,134,56,111
124,134,56,111
130,134,56,109
136,136,55,108
143,135,55,108
149,135,55,107
154,134,55,107
160,133,54,105
166,133,53,105
172,132,53,105
178,131,53,104
184,130,52,102
189,129,52,102
194,128,52,102
200,127,51,101
202,126,51,100
206,125,50,99
209,124,50,98
210,123,50,97
212,121,50,97
212,120,50,96
213,119,49,95
213,117,48,95
212,115,49,96
211,113,49,95
210,113,48,93
209,112,47,92
205,110,48,92
201,107,48,94
197,105,48,95
193,105,48,94
189,104,48,93
183,103,48,93
179,103,47,91
174,102,47,92
168,102,47,92
162,102,47,92
156,103,47,91
150,103,46,91
143,104,47,91
139,105,47,92
133,106,48,93
128,107,47,93
122,108,48,93
118,110,48,93
113,112,47,91
108,114,48,92
104,116,47,92
99,117,46,92
96,120,47,91
94,122,46,91
93,125,46,90
92,127,46,90
92,130,45,90
93,133,45,90
94,136,45,89
96,140,45,88
97,142,45,88
100,144,45,88
104,145,45,89
108,148,45,88
112,150,44,87
116,151,45,88
121,153,44,87
125,153,45,87
130,154,44,87
135,154,44,87
141,155,43,85
147,155,43,84
153,155,42,84
159,154,43,85
166,153,43,85
172,153,43,84
178,152,43,86
185,151,43,86
190,151,43,86
197,150,43,86
202,149,43,85
208,147,43,86
214,148,43,86
220,148,43,85
225,147,43,85
231,148,42,84
235,146,42,83
238,144,43,84
242,143,43,84
244,141,43,86
246,139,44,86
248,136,44,87
248,133,44,87
248,131,44,87
247,128,44,87
245,126,44,88
244,123,45,89
242,120,44,89
239,119,44,89
235,117,45,90
233,115,45,89
227,114,45,90
223,112,45,90
217,111,45,90
212,109,46,92
206,108,45,91
200,108,45,90
193,107,45,91
186,106,45,90
180,106,45,90
174,107,44,88
168,106,45,90
162,107,45,89
155,109,44,88
150,110,44,89
145,112,44,88
140,114,44,88
135,116,45,89
131,118,45,90
128,120,43,89
124,123,44,88
121,125,44,88
119,127,44,89
118,129,44,89
117,132,44,88
118,135,43,87
120,138,43,86
121,140,43,86
122,140,44,88
124,142,44,88
128,143,43,87
131,144,43,86
133,144,43,87
134,144,44,87
136,144,43,86
140,143,43,86
141,142,44,86
145,141,43,86
149,140,43,85
153,138,43,85
159,136,42,85
164,134,42,84
169,132,42,83
174,128,43,84
179,124,42,84
183,121,42,83
188,116,42,84
192,111,42,83
197,108,43,83
201,102,42,84
205,98,42,84
209,93,42,84
212,87,42,85
216,81,42,85
218,75,43,85
221,70,42,84
224,64,42,85
225,59,42,85
226,53,42,84
226,49,41,83
225,45,42,84
224,40,42,83
220,38,41,83
217,36,41,84
214,34,44,85
211,33,44,85
204,34,46,85
199,35,46,85
194,37,45,86
186,40,47,85
180,41,47,89
173,45,48,90
167,49,47,90
162,53,46,90
152,59,46,86
145,62,48,92
140,66,46,93
134,70,47,94
129,76,47,92
126,81,46,93
119,84,48,94
117,90,44,94
113,95,45,94
112,102,41,92
107,107,41,94
103,111,43,94
100,118,41,94
95,123,43,95
92,129,43,92
90,136,44,94
87,142,42,91
87,146,42,94
86,151,43,92
87,155,43,91
89,158,44,90
91,162,45,90
94,165,45,90
99,168,45,90
104,170,44,89
108,171,44,88
113,172,44,89
119,173,43,88
124,173,43,87
128,174,43,86
134,174,42,85
138,175,42,83
142,173,43,85
147,173,43,84
152,173,42,83
157,172,42,83
161,170,43,84
166,169,42,83
170,167,42,83
174,166,42,82
178,165,41,80
182,163,41,80
183,160,41,82
186,159,42,82
188,156,42,84
191,155,41,82
192,153,42,83
191,151,43,83
191,148,43,85
190,146,43,85
188,144,44,86
186,142,44,87
182,140,45,88
178,138,45,88
174,137,45,87
169,135,44,88
162,134,45,88
157,133,44,88
151,131,45,89
145,130,46,91
138,129,45,91
132,128,46,92
125,129,46,91
120,130,45,90
114,130,46,90
109,131,46,91
106,131,45,91
102,132,45,90
99,133,44,89
94,134,45,89
90,137,44,87
88,138,44,87
85,139,43,86
82,141,42,85
79,142,43,85
77,145,42,84
75,146,43,84
74,148,42,84
71,151,42,84
70,153,42,84
69,154,42,84
69,157,42,83
70,158,42,85
70,160,42,84
72,160,42,85
73,162,42,84
75,163,42,84
79,164,42,85
83,166,41,83
87,167,41,83
91,168,42,83
97,170,42,82
103,171,41,83
109,171,41,83
115,171,42,83
121,170,42,83
127,170,41,83
133,170,42,82
139,169,41,82
146,170,41,80
152,169,41,81
158,169,41,80
165,169,40,80
172,170,41,79
179,170,40,80
185,170,41,81
191,171,41,81
198,171,41,81
202,170,42,82
207,170,42,83
213,169,42,83
219,169,42,83
224,167,42,84
229,166,42,84
235,164,42,83
241,162,42,84
246,160,42,84
252,157,42,83
257,154,42,83
262,152,41,82
265,149,42,83
269,146,42,83
272,143,42,84
275,139,42,85
275,136,43,85
276,133,43,85
275,129,43,87
275,126,43,87
273,123,44,88
272,121,43,88
270,118,44,87
267,116,44,89
264,114,44,89
261,112,43,89
257,110,44,89
253,108,44,90
248,108,45,89
243,107,44,89
237,105,45,90
231,104,46,90
226,103,45,91
220,103,44,90
213,104,45,90
204,105,45,90
197,108,44,89
187,109,45,89
179,111,44,89
170,114,44,89
161,118,44,88
154,120,44,88
147,122,44,88
140,127,44,88
132,129,44,88
126,133,44,87
121,138,43,86
115,141,44,88
112,145,44,89
109,149,44,89
108,153,44,89
108,158,44,88
110,162,43,87
112,165,43,87
116,168,44,86
122,171,43,86
128,174,43,86
135,175,43,86
144,177,42,84
152,176,42,85
161,175,42,85
169,173,42,84
177,170,43,85
188,168,42,85
196,168,43,85
208,164,42,86
217,161,43,85
230,155,42,86
239,154,43,87
247,149,43,87
259,148,44,87
268,147,43,87
277,145,43,87
285,144,43,86
293,144,43,86
302,141,42,87
308,140,43,88
317,139,44,89
324,137,44,91
331,137,44,90
337,137,44,90
343,135,44,91
350,135,44,91
355,134,45,93
354,134,44,93
361,133,39,93
361,130,39,93
363,131,36,93
365,129,35,94
361,129,37,95
359,127,39,95
355,126,42,96
349,125,46,97
346,124,47,98
340,123,47,99
335,124,47,98
327,123,47,98
319,124,47,98
312,123,47,99
303,124,47,100
294,124,47,100
285,125,47,100
276,125,48,101
266,127,47,99
259,127,47,100
248,128,48,101
239,129,48,101
230,128,48,101
220,128,48,101
212,129,48,102
205,131,48,100
195,132,48,100
190,134,47,99
183,135,47,99
178,137,47,98
173,137,47,99
165,139,47,99
159,141,47,98
154,144,47,97
150,147,46,97
145,150,47,97
141,154,46,96
138,157,46,96
134,163,46,96
132,168,45,95
130,173,45,94
129,178,45,96
129,184,46,96
128,189,45,96
129,197,45,94
132,200,45,94
136,204,49,90
145,207,46,88
149,210,50,87
154,210,47,87
164,212,46,84
168,216,49,81
174,219,48,79
183,216,49,80
191,216,46,80
201,215,48,83
208,212,48,83
215,208,51,85
223,207,51,86
232,206,48,87
238,204,48,88
244,201,48,87
249,197,49,87
251,194,50,87
255,190,49,87
258,186,51,88
259,184,50,87
259,181,49,87
258,176,43,89
256,172,44,91
254,169,44,90
250,165,44,91
247,162,44,91
242,158,45,93
236,154,46,94
229,152,46,93
224,149,45,95
217,147,46,95
211,144,46,97
204,143,46,96
198,143,46,96
192,142,46,96
185,141,47,97
179,140,46,98
172,140,46,97
165,140,48,98
158,140,48,100
153,141,48,100
146,143,48,99
141,144,48,99
137,145,48,99
132,147,48,98
128,147,48,99
125,147,48,100
122,148,48,99
120,149,48,99
117,149,47,98
115,149,47,98
113,150,47,97
112,150,47,97
110,150,47,98
111,151,47,97
111,152,47,97
112,153,46,96
114,154,45,95
115,155,45,94
116,155,46,94
118,155,45,94
120,155,45,93
122,155,44,92
124,155,44,91
127,154,44,91
130,154,43,90
133,153,44,91
134,153,44,92
138,151,44,93
140,151,45,94
144,150,45,94
146,150,45,94
149,149,44,94
152,149,45,94
155,149,45,94
159,149,45,94
163,149,45,94
168,150,45,93
172,150,45,93
177,150,44,93
180,151,44,93
184,151,45,93
188,152,44,92
191,152,44,93
194,153,45,92
197,153,44,92
199,152,45,93
202,152,45,93
202,150,46,94
203,150,46,93
204,150,45,93
203,148,46,95
203,148,45,94
202,147,46,94
200,146,46,94
198,145,46,95
196,144,46,95
194,143,46,96
191,143,46,95
188,141,46,96
184,140,46,95
182,141,45,94
179,140,45,94
175,140,45,94
172,139,46,94
168,139,46,94
164,138,45,94
160,139,46,93
156,139,45,93
153,139,45,93
151,138,46,93
148,138,45,93
145,138,45,91
144,137,45,91
141,136,44,91
140,136,43,90
139,135,44,92
137,134,45,92
136,133,45,92
135,132,44,92
134,131,45,93
133,131,45,92
133,131,44,92
134,130,44,91
132,131,44,90
134,132,43,88
134,131,43,89
134,132,43,88
134,131,44,89
135,130,45,90
136,129,44,91
137,129,45,92
139,130,44,90
139,129,45,91
142,128,44,92
143,128,44,91
145,129,44,91
146,128,45,91
148,129,44,90
150,129,44,90
152,130,44,91
154,130,44,90
156,130,44,90
158,130,45,91
161,130,44,91
163,130,45,92
165,131,45,92
168,131,45,92
170,131,45,93
172,131,45,93
175,132,45,92
177,132,46,93
178,131,46,95
181,131,45,94
182,131,46,94
184,131,46,94
185,131,46,95
185,132,46,94
187,133,46,93
186,133,46,94
187,133,47,94
187,133,47,94
188,134,46,93
188,135,45,92
188,135,45,92
187,136,45,90
187,136,45,90
187,134,44,90
186,134,45,91
186,132,45,92
185,130,46,93
184,129,46,93
183,128,46,93
182,128,46,93
182,127,46,93
182,125,46,93
181,125,47,93
180,124,46,92
179,124,46,92
178,123,46,93
177,122,46,93
176,121,46,94
175,121,46,94
174,121,46,94
173,122,46,93
171,122,46,94
170,122,46,94
169,122,46,94
167,123,46,94
165,123,46,95
162,123,47,95
160,123,46,94
158,122,46,95
156,123,46,93
155,122,46,93
154,120,45,93
152,118,46,94
151,116,46,95
149,115,46,94
147,113,46,95
145,111,46,95
144,110,46,94
141,108,46,95
138,106,47,96
135,105,47,95
132,104,46,95
129,103,47,96
126,104,47,95
124,104,47,96
123,105,47,96
122,106,47,96
122,108,47,95
123,110,46,94
124,113,46,95
126,115,45,95
127,118,46,95
129,120,46,95
131,121,46,96
135,124,46,95
138,126,46,95
142,126,46,96
145,127,46,95
148,127,46,96
152,128,46,95
156,129,45,95
160,131,45,95
163,133,45,95
165,134,46,95
168,136,45,94
170,137,45,94
173,137,45,95
175,138,45,94
176,141,44,93
176,141,45,94
177,141,45,94
178,143,45,93
175,145,45,94
174,146,44,93
174,147,44,92
173,148,44,91
172,147,44,91
170,145,44,92
169,145,45,92
168,144,45,93
168,143,45,93
166,142,44,93
165,140,46,94
164,140,45,93
164,138,46,95
162,138,46,93
162,137,45,93
161,137,45,92
160,134,46,93
160,133,46,94
158,132,46,94
158,132,45,92
156,131,45,92
156,130,44,92
154,130,44,91
153,129,44,91
151,129,45,91
150,128,45,92
149,129,44,91
148,128,44,91
148,129,44,90
147,128,44,90
147,127,44,90
146,126,44,90
146,124,45,92
146,124,45,92
145,123,45,92
146,122,45,92
146,122,45,90
147,120,45,92
148,119,45,92
149,118,45,92
149,116,45,92
149,115,45,91
150,113,45,92
149,112,46,92
150,110,46,93
150,110,46,93
149,108,46,94
149,108,47,94
149,107,47,95
149,106,47,96
148,107,47,95
149,106,47,97
148,106,48,98
150,107,48,98
150,109,48,97
151,111,48,97
152,113,48,96
154,114,47,96
156,117,47,97
157,118,47,97
159,121,48,97
163,124,47,97
166,127,47,97
168,129,48,97
171,131,47,97
173,133,47,97
176,136,47,96
179,138,47,96
181,141,47,95
184,142,47,95
186,142,47,96
189,143,46,95
190,144,47,94
193,143,46,95
192,143,47,95
192,144,46,94
191,145,46,92
190,145,46,92
188,146,46,92
186,147,46,91
183,147,46,92
179,148,46,93
175,149,46,93
171,149,46,93
165,150,46,93
161,151,46,93
156,153,46,92
151,154,46,92
146,154,45,91
141,155,45,90
137,155,45,90
131,156,45,90
126,156,46,91
120,155,47,92
116,155,46,92
111,156,46,92
107,156,46,92
102,155,46,93
99,155,47,93
95,155,47,93
93,154,46,92
90,153,46,92
88,152,46,93
86,152,47,92
85,150,46,93
84,149,47,94
84,148,47,93
86,147,46,92
86,146,46,92
88,145,46,91
90,144,46,91
93,143,45,91
96,143,45,91
98,142,45,90
102,142,45,91
105,141,46,92
109,142,46,92
113,141,46,92
118,140,46,93
123,139,46,93
127,140,46,92
134,139,46,93
140,139,45,92
146,138,46,92
152,137,46,93
157,136,45,92
161,135,46,93
168,132,46,93
172,131,46,93
176,129,46,93
180,127,46,94
182,125,46,94
185,122,47,96
187,120,48,97
187,119,49,97
188,117,48,98
189,116,48,98
188,115,49,98
186,115,49,99
184,116,48,98
180,116,49,98
176,117,48,97
171,118,48,96
166,118,47,96
160,119,48,95
155,120,48,96
150,122,48,95
145,123,48,96
141,124,47,95
136,126,47,95
130,128,47,95
127,129,46,94
123,130,46,95
119,131,47,95
116,132,46,95
113,133,47,95
111,135,46,93
107,136,46,92
107,138,45,92
104,140,46,91
103,141,46,92
103,143,46,92
103,144,46,93
104,145,46,93
105,146,45,92
107,147,45,91
108,146,46,92
111,146,46,91
114,145,46,91
119,142,46,92
124,140,45,92
129,139,45,91
134,135,45,91
138,131,45,91
143,129,45,89
149,125,45,90
153,121,44,89
159,117,44,90
164,113,43,89
171,110,44,90
176,106,45,90
182,102,44,90
189,98,44,89
195,94,44,89
199,90,44,89
204,86,44,89
210,82,44,89
214,78,44,89
216,75,44,88
219,72,44,89
220,69,44,90
221,66,44,90
220,64,45,90
217,63,45,91
214,61,46,92
211,60,46,93
206,60,47,94
201,62,47,93
198,62,46,94
191,65,47,94
186,66,47,95
180,69,47,96
171,73,47,95
165,76,47,96
158,79,48,98
150,83,48,98
142,88,48,97
137,90,48,98
129,94,49,98
122,98,48,98
115,103,48,99
108,106,50,100
101,111,49,99
95,115,49,99
90,120,48,98
85,123,49,99
81,127,49,99
78,131,49,98
73,134,49,99
71,139,49,97
70,142,48,98
68,145,48,98
67,148,49,98
67,150,49,97
68,152,48,96
70,153,48,95
71,152,48,96
72,152,48,95
74,151,48,95
75,150,48,94
77,148,47,94
78,145,47,96
78,143,47,94
77,139,47,94
77,135,48,94
76,131,47,96
75,126,48,96
74,122,48,97
72,117,48,98
71,114,48,98
68,111,49,99
65,108,50,100
61,107,49,101
58,107,49,100
57,108,49,100
55,112,49,99
52,115,50,101
53,121,49,100
53,125,49,101
53,131,49,101
56,137,49,101
59,144,49,100
63,150,50,100
68,156,50,100
74,162,50,100
82,168,49,99
89,171,49,99
98,175,50,99
108,177,49,98
117,179,49,97
125,180,49,97
134,179,48,98
144,180,49,97
153,178,49,97
162,177,49,96
173,175,49,97
180,172,49,97
188,170,48,96
198,166,49,97
203,163,49,96
209,158,49,98
217,154,50,98
221,150,50,99
228,146,50,99
233,142,50,104
237,138,50,103
242,133,51,105
243,128,52,108
245,123,52,110
250,119,52,109
250,112,52,114
252,110,53,117
252,106,54,117
251,102,54,118
247,97,55,120
244,91,56,125
239,85,55,130
232,78,56,131
226,70,56,140
216,65,56,141
208,64,59,141
197,56,56,147
187,53,56,149
177,50,56,151
167,45,56,152
153,49,61,153
147,49,59,160
131,51,66,153
123,53,63,160
114,57,62,157
106,63,55,153
98,65,55,158
96,68,54,154
91,70,54,157
88,82,54,152
83,84,55,151
81,94,55,149
79,101,55,147
78,103,55,150
79,107,56,151
77,120,56,143
78,129,57,143
81,133,57,139
81,143,57,135
85,150,57,126
94,155,57,127
97,158,57,127
102,163,57,125
106,167,58,123
112,174,57,119
115,178,57,115
120,181,56,111
127,185,57,111
129,187,56,111
136,188,56,109
140,191,56,108
146,192,55,106
153,193,55,106
158,190,54,106
163,192,54,105
162,193,54,104
167,192,53,103
174,190,53,102
179,189,52,101
185,187,52,100
188,184,51,99
191,182,50,97
194,178,50,96
197,175,49,94
199,171,49,94
202,168,49,93
205,166,47,91
204,163,47,90
204,160,47,90
204,157,48,91
203,156,47,90
202,155,47,89
201,153,47,90
200,153,47,89
199,152,46,89
196,151,47,90
193,151,47,89
190,152,47,88
186,152,46,89
181,153,46,88
175,154,46,87
169,156,46,87
163,157,46,87
156,159,46,86
149,161,46,87
141,162,46,87
135,164,45,87
128,165,46,88
122,166,47,88
115,167,46,88
109,168,47,88
103,168,47,88
98,167,46,89
92,167,47,89
87,169,47,88
83,169,46,87
81,168,46,87
79,167,47,87
78,166,47,87
79,165,47,87
81,164,47,87
84,162,47,88
87,160,47,89
92,160,47,88
97,158,48,89
103,158,48,88
110,157,48,89
118,156,47,89
126,156,47,88
135,156,47,88
143,157,47,88
154,156,48,90
163,158,47,89
172,158,47,88
185,158,46,88
193,157,48,88
206,157,47,87
216,159,47,87
226,160,47,88
236,159,47,89
244,158,47,88
253,157,47,89
260,157,47,89
267,157,47,88
274,155,47,89
279,154,48,89
283,152,48,90
286,151,48,90
288,148,49,91
290,146,49,92
290,144,49,92
289,142,50,93
288,140,50,93
284,138,50,94
281,136,50,93
277,135,50,94
272,134,50,94
266,132,50,95
259,131,50,95
250,129,51,95
244,128,51,95
234,127,52,97
227,128,52,96
219,129,51,95
210,128,51,95
202,130,51,95
192,129,51,95
184,130,52,95
176,130,51,95
166,129,52,97
159,130,52,97
151,131,52,98
142,131,52,98
135,132,52,98
129,132,52,99
123,133,52,97
119,134,51,96
114,135,51,97
111,136,50,96
110,139,49,95
108,143,49,94
107,146,48,94
106,149,49,93
107,153,48,92
108,156,48,92
110,158,48,92
112,160,48,92
116,163,47,91
119,165,47,90
123,167,46,88
128,169,45,88
132,170,45,87
137,172,44,85
141,171,45,86
147,172,44,85
153,171,43,85
157,170,44,86
163,170,43,85
169,171,43,84
174,170,43,84
180,170,44,84
187,170,43,84
194,169,43,85
199,168,44,86
204,168,44,85
210,167,44,86
215,166,44,86
221,166,44,85
227,165,43,85
230,164,44,86
233,162,44,86
237,161,44,86
239,159,44,86
241,157,43,87
242,156,43,86
242,156,43,86
241,154,44,87
239,153,44,87
237,152,44,87
234,151,44,87
230,151,44,87
227,151,44,87
222,151,44,88
217,150,44,88
212,150,44,89
205,149,45,90
200,150,45,91
193,150,46,91
187,151,46,91
181,151,45,91
175,152,46,90
169,152,46,91
163,151,46,92
157,152,46,92
151,151,46,93
145,152,46,93
139,152,47,94
132,153,47,95
127,155,46,93
122,155,46,94
118,157,46,93
113,159,46,93
109,161,46,93
105,162,46,92
102,163,46,92
99,165,46,92
97,166,46,92
96,167,45,91
95,168,45,90
94,170,45,88
95,171,44,89
96,171,44,88
96,172,45,88
97,172,44,87
99,170,44,88
100,169,44,88
103,171,43,86
106,170,44,87
108,169,45,88
112,169,44,87
115,167,44,89
118,166,44,87
121,166,44,87
124,165,44,88
127,165,43,87
130,165,43,86
134,165,42,85
136,163,43,86
140,162,43,86
143,162,44,87
146,162,44,86
149,161,44,87
152,161,44,87
155,161,43,86
157,160,44,86
159,160,44,88
161,160,44,88
163,161,44,88
165,161,45,89
166,162,45,88
168,163,44,88
168,164,45,89
170,164,44,89
171,164,45,90
172,164,46,92
173,164,45,91
172,164,46,92
173,163,46,94
172,163,47,94
171,164,46,93
170,163,47,95
168,163,47,95
167,162,47,95
166,161,47,96
163,160,49,97
161,160,48,95
158,159,48,95
154,159,48,95
152,158,47,94
148,158,47,94
145,159,46,93
141,159,46,92
137,158,46,94
132,158,47,93
129,159,46,92
126,159,46,93
121,159,47,94
118,159,47,94
114,159,47,95
110,160,47,93
105,160,48,94
102,161,47,94
97,161,47,94
92,162,47,94
89,162,46,93
83,163,46,92
79,163,46,92
74,163,46,91
70,163,45,90
65,163,45,89
62,163,45,89
58,162,45,90
55,161,45,90
55,161,45,90
55,161,44,89
54,161,44,88
56,162,44,87
59,162,42,86
61,162,43,87
67,161,43,87
71,160,44,89
76,159,45,90
82,158,44,90
88,157,45,90
94,156,45,89
101,155,44,89
110,153,44,90
114,152,44,90
120,150,48,89
124,148,51,89
131,147,51,89
139,145,54,89
144,142,54,91
150,139,54,92
154,134,56,93
157,132,58,94
163,130,59,94
165,128,59,94
165,123,64,96
172,121,58,97
170,120,60,97
169,122,63,97
165,123,63,96
163,122,63,95
160,122,61,96
157,121,59,98
151,121,65,98
145,122,58,98
143,122,53,100
132,125,58,98
127,126,52,100
118,130,54,98
113,131,51,99
101,134,54,98
94,137,54,97
89,138,49,100
83,140,48,99
76,143,47,98
68,147,47,97
62,149,47,95
58,152,47,96
54,154,46,96
50,157,44,96
46,158,46,96
45,161,46,94
46,164,42,90
42,165,44,91
40,166,48,92
43,168,47,93
44,170,46,92
47,168,45,94
49,170,46,94
53,172,46,93
57,171,44,91
64,168,46,91
72,168,42,88
77,166,43,90
83,163,43,89
88,158,43,89
95,152,43,90
101,148,43,90
108,140,47,91
114,136,50,86
121,129,49,86
129,122,49,87
136,115,52,85
141,105,54,89
149,97,53,90
152,89,54,91
157,83,52,90
159,76,53,89
161,70,53,89
160,65,54,89
162,61,52,87
159,58,54,88
157,55,57,89
154,55,55,90
151,55,56,91
145,54,57,93
144,57,55,92
139,60,52,90
134,61,57,91
130,67,53,92
122,74,55,90
119,80,53,90
115,87,49,90
110,94,48,92
107,99,47,94
102,107,49,95
99,115,49,95
99,122,46,97
98,131,47,98
99,139,47,97
98,148,47,96
99,153,47,99
102,164,46,98
103,172,48,94
107,179,45,94
109,186,47,93
114,189,45,95
120,194,44,92
125,197,44,93
130,201,45,90
136,202,45,90
142,203,45,89
151,204,42,89
156,203,42,89
162,202,42,90
167,200,42,90
171,198,43,90
176,196,42,90
180,193,43,90
185,191,42,89
188,189,43,90
192,186,42,89
194,184,43,90
196,181,43,90
198,178,43,91
199,177,43,91
200,175,43,92
201,176,44,90
202,175,44,90
203,173,44,91
204,172,44,91
205,171,45,92
205,171,45,92
206,169,45,94
205,169,45,94
205,170,45,92
205,168,45,94
205,168,45,94
205,165,46,96
206,164,46,95
207,161,46,96
208,158,46,97
210,156,46,97
212,153,48,99
214,151,48,99
217,148,48,100
219,145,48,101
221,144,48,102
222,143,49,104
222,143,49,104
221,141,50,106
219,141,51,106
218,139,50,108
215,139,50,106
212,138,50,106
207,137,51,107
202,134,51,109
197,133,51,110
192,133,51,110
187,133,51,109
183,133,51,109
178,133,51,108
174,134,51,107
171,133,50,107
167,133,50,107
164,135,49,106
160,136,49,104
157,138,48,104
155,139,48,105
152,141,49,103
151,143,48,103
149,145,48,102
148,147,48,102
147,150,48,101
147,154,47,100
146,156,47,100
146,159,47,99
146,161,47,98
147,164,47,97
149,166,46,98
150,168,46,97
152,170,46,96
154,172,45,95
157,174,44,94
161,176,44,94
164,177,44,93
167,178,44,93
171,178,43,92
174,179,43,91
178,179,43,91
181,178,43,91
185,178,43,90
190,178,42,89
193,176,42,89
197,175,43,89
201,174,42,89
203,173,42,88
205,172,42,88
205,171,43,90
206,170,42,89
204,169,42,89
202,167,42,91
199,166,43,91
197,164,43,91
193,163,43,91
191,162,42,90
187,160,43,91
183,159,43,91
179,157,43,92
174,156,43,93
168,155,44,94
164,156,44,93
159,156,44,93
153,156,44,92
149,156,43,92
144,156,44,93
138,156,44,93
134,156,43,92
129,155,44,93
123,155,44,94
119,154,44,94
116,154,44,94
112,154,44,95
107,154,45,96
103,155,45,97
97,159,45,95
93,161,45,94
92,163,43,94
88,165,44,94
86,167,44,95
83,169,45,97
81,173,45,96
79,177,44,95
78,179,45,96
78,182,45,96
80,184,44,95
81,186,44,95
85,188,44,95
89,188,44,95
93,189,44,94
99,188,44,94
105,188,44,93
111,188,43,92
118,187,44,92
126,186,44,92
132,185,44,91
141,184,43,91
150,183,43,90
159,182,43,89
167,179,43,89
175,177,42,89
182,174,42,88
189,171,43,89
196,169,43,88
203,167,42,87
209,163,42,88
216,160,42,87
222,158,42,87
229,156,42,87
237,155,41,86
243,152,42,87
250,151,42,87
257,148,42,87
265,148,42,87
271,145,42,88
277,144,42,87
282,142,41,88
284,140,42,88
286,138,43,89
287,136,42,89
285,134,43,90
283,132,43,91
282,130,43,91
278,129,44,91
273,126,44,92
270,125,44,92
263,122,45,93
257,121,45,94
250,119,45,95
243,118,46,96
236,117,46,95
228,115,46,96
220,115,46,96
213,115,46,100
203,115,45,98
195,115,45,100
186,114,45,102
176,116,44,103
166,117,45,101
158,118,44,102
150,121,45,100
141,123,46,100
134,125,45,101
128,126,45,100
122,128,46,101
118,131,46,101
114,134,47,101
111,137,47,101
108,139,47,102
106,142,47,103
105,144,48,103
104,146,47,102
104,148,47,99
105,149,45,100
105,151,45,98
106,150,45,98
106,149,45,99
106,148,46,98
106,146,46,96
107,145,45,96
106,142,45,100
105,140,45,99
104,137,46,101
102,134,46,100
102,130,45,101
100,126,46,102
98,122,46,101
96,118,46,102
94,113,47,105
93,109,46,104
91,105,46,106
90,101,46,108
88,96,47,107
86,91,48,108
86,86,48,110
87,82,48,110
88,76,48,114
89,71,49,117
93,68,48,115
96,63,49,118
100,59,50,117
107,56,50,119
117,50,51,121
121,48,55,122
128,45,61,123
137,41,64,125
147,38,65,123
160,32,65,127
171,32,68,125
183,27,72,127
195,24,70,128
206,18,75,132
218,17,73,130
227,13,73,132
239,16,71,128
251,11,70,134
258,11,69,137
264,15,67,133
264,15,71,141
265,17,71,140
264,17,68,142
259,21,68,140
251,25,68,141
242,29,68,143
236,33,63,142
220,33,67,145
206,39,68,142
193,41,70,144
179,44,68,146
167,50,70,143
153,53,70,145
143,58,67,142
132,62,65,145
124,72,61,139
118,80,60,139
110,87,62,139
107,91,62,140
106,102,57,133
105,110,62,134
107,114,55,134
109,124,55,131
112,132,57,126
116,138,57,126
121,143,60,124
124,147,61,125
133,152,58,123
142,154,57,123
152,157,55,119
160,156,54,116
167,155,54,116
178,152,54,115
185,149,54,116
193,144,54,117
202,140,53,116
209,136,53,115
216,130,53,115
215,122,63,125
217,112,62,127
220,105,61,128
222,100,61,129
219,92,65,135
219,88,61,135
213,84,64,136
212,82,61,137
201,78,64,140
196,76,63,144
187,77,68,144
182,77,66,144
176,82,64,144
172,85,63,142
167,89,62,146
162,93,63,149
163,98,60,149
164,103,61,147
161,110,64,145
164,111,61,152
169,119,59,145
174,124,62,143
179,130,62,144
186,134,63,143
193,136,63,141
200,142,60,140
206,144,63,143
213,146,65,143
222,146,62,141
226,146,62,138
232,145,62,139
237,141,64,146
243,139,66,145
248,136,65,145
252,132,67,146
256,127,68,151
258,123,67,153
262,119,69,156
263,114,70,158
263,110,70,158
264,106,68,159
264,101,69,166
260,96,69,170
258,92,71,170
256,87,75,172
250,84,71,174
243,79,74,176
237,75,72,177
230,71,74,178
221,69,72,178
211,66,76,178
205,60,72,182
196,55,77,183
185,45,82,190
175,37,82,192
166,33,86,194
163,25,83,196
152,21,88,197
147,20,86,192
143,13,83,198
138,11,83,195
127,11,86,194
119,5,87,196
116,5,88,195
115,4,86,197
110,3,86,195
110,3,83,197
106,8,83,194
107,12,83,193
104,16,83,192
108,22,82,188
109,29,78,187
112,35,81,183
114,41,80,180
122,51,81,179
125,57,80,179
130,66,80,178
135,74,80,178
141,80,80,178
146,92,80,168
155,99,74,163
164,105,72,161
172,111,71,160
181,115,73,160
191,120,74,155
205,126,69,151
212,131,73,148
222,133,75,146
234,138,74,144
242,135,76,145
252,133,74,149
258,130,79,148
266,126,79,149
270,125,81,146
283,117,72,152
285,113,76,150
288,112,77,148
288,102,81,155
291,97,78,157
292,94,77,156
288,85,77,161
290,75,77,166
288,70,77,166
284,64,77,166
278,58,77,166
273,53,76,176
265,47,78,178
255,37,77,182
242,24,89,194
235,20,84,193
228,15,82,198
212,7,91,204
205,4,93,205
194,3,91,208
182,4,92,209
170,4,95,215
157,3,95,221
147,6,97,225
133,5,101,236
122,10,104,234
111,6,105,241
101,6,108,243
95,7,107,245
87,9,106,249
78,7,115,253
72,6,118,259
66,5,122,265
60,6,122,265
58,6,128,266
55,5,131,270
53,5,133,277
51,4,134,279
50,2,134,278
56,3,131,279
53,1,134,279
52,1,144,276
54,2,138,273
57,2,140,266
59,5,142,259
59,4,146,252
68,3,139,247
68,2,146,238
76,2,142,231
78,3,146,224
94,4,136,209
104,4,128,198
113,5,118,183
125,3,113,178
130,3,116,168
141,3,108,160
149,3,105,147
158,4,101,140
178,3,81,132
181,3,82,128
188,4,84,126
191,4,88,119
198,3,82,117
204,4,83,119
212,2,83,123
215,4,82,123
221,2,82,127
229,3,83,129
233,2,83,132
238,3,83,136
246,2,83,141
247,3,84,141
254,3,83,146
262,5,82,153
268,4,82,158
271,9,82,157
277,17,82,154
282,21,76,153
282,31,79,151
285,36,82,152
281,42,82,145
281,44,81,149
279,50,81,143
279,54,73,142
274,57,71,144
270,59,69,145
265,63,68,139
258,64,71,142
254,65,70,143
250,66,65,143
240,65,69,143
234,64,66,144
229,67,66,142
219,68,68,140
213,69,65,139
203,67,65,141
194,68,70,142
185,69,70,140
179,68,63,140
168,69,64,140
160,70,66,138
155,69,63,139
148,71,64,140
141,72,61,140
124,65,71,149
118,68,71,147
112,70,71,148
107,73,71,147
103,76,70,145
100,80,70,144
98,84,69,142
99,87,68,141
101,91,68,139
103,94,67,139
106,99,67,137
111,102,67,136
117,105,67,136
126,109,65,134
134,110,64,133
142,112,65,133
153,113,65,134
162,116,65,134
173,113,65,134
188,109,65,135
193,114,65,133
204,111,66,134
214,110,65,134
221,112,65,135
231,108,64,133
233,113,64,132
238,114,65,131
244,113,64,131
253,110,63,130
254,115,63,129
256,118,62,126
260,119,62,125
263,116,62,124
265,120,61,124
268,120,60,122
266,126,59,120
265,128,59,119
266,131,58,117
264,135,58,117
263,140,57,114
258,145,57,115
254,147,57,114
249,154,57,113
243,159,56,111
240,163,55,110
235,165,55,110
231,170,54,108
226,171,53,107
221,174,53,106
214,175,53,105
210,176,52,104
205,176,53,104
202,174,52,104
199,170,52,103
196,167,52,103
194,164,51,102
192,163,51,102
191,161,51,101
191,159,51,101
192,158,51,101
193,157,51,101
195,155,50,101
195,154,51,101
196,151,52,103
196,149,53,104
196,147,52,104
195,143,52,105
193,140,54,105
191,136,52,105
188,133,53,105
187,130,52,105
184,127,53,106
182,124,53,105
