843,236,179,111
836,234,179,112
835,234,178,110
830,232,176,109
828,234,171,108
823,235,173,109
822,237,167,108
816,240,167,110
814,243,167,109
806,247,169,111
805,249,161,107
801,254,161,107
796,255,161,107
793,260,161,107
788,269,161,101
784,273,159,101
779,275,159,105
775,281,159,105
770,286,159,105
766,291,159,105
761,295,159,105
756,301,159,105
760,305,150,105
757,311,150,105
753,319,150,105
748,323,150,105
749,331,146,101
746,336,146,101
742,342,146,101
738,348,146,101
735,356,146,101
731,363,146,101
728,370,146,101
731,378,142,98
727,384,142,98
725,391,142,98
724,399,138,95
723,405,138,95
719,408,138,95
716,414,138,95
715,419,138,95
712,424,138,95
712,427,138,95
708,431,138,95
707,434,138,95
705,437,138,95
707,439,134,90
705,441,134,90
705,443,134,90
703,446,134,90
702,446,134,90
701,448,134,90
700,449,134,90
702,447,132,84
701,447,132,84
703,447,130,79
702,446,130,79
703,443,130,79
706,441,130,78
706,439,130,78
706,437,130,78
707,432,130,78
710,434,133,75
713,431,133,75
713,429,133,75
712,423,137,73
714,424,135,70
714,422,135,70
717,417,135,70
718,415,135,70
717,414,140,70
721,412,138,67
724,407,138,67
727,407,138,67
731,404,138,67
732,401,138,65
735,397,138,65
733,394,146,61
735,390,146,64
735,387,149,66
738,383,149,66
742,382,151,66
743,379,151,66
745,375,151,66
750,376,151,64
750,372,151,64
750,369,155,64
753,366,155,64
756,364,157,64
757,362,159,64
757,358,161,65
759,357,161,65
761,355,161,65
764,353,162,65
765,350,162,65
768,349,162,65
768,345,162,65
785,345,151,60
788,345,151,60
792,342,148,60
792,342,148,60
798,339,147,60
800,337,147,60
802,336,147,60
806,334,146,60
808,334,146,60
808,331,146,60
808,329,146,60
815,327,141,60
816,326,141,60
821,323,139,60
824,321,138,60
825,321,138,60
827,320,138,60
828,315,138,60
828,312,138,60
828,309,138,60
833,305,138,60
833,300,138,60
836,298,138,60
838,296,138,60
839,293,138,60
840,292,138,60
840,290,138,60
840,289,138,60
840,289,138,60
840,289,138,60
840,289,138,60
840,289,138,60
840,289,138,60
840,289,138,60
840,289,138,60
840,289,138,60
840,289,138,60
840,289,138,60
837,289,138,60
837,289,138,60
837,289,138,60
837,289,138,60
837,289,138,60
832,289,138,60
832,289,138,60
826,285,134,66
823,284,134,66
822,284,134,66
818,284,134,66
818,284,131,71
815,287,131,71
812,289,131,71
809,291,131,71
811,295,127,71
808,298,125,74
806,301,125,74
804,305,125,74
805,308,119,74
802,310,119,74
802,317,115,72
799,319,115,72
798,323,115,72
796,326,115,72
793,329,115,72
798,337,108,70
797,343,107,66
794,345,107,70
790,348,107,72
788,353,107,65
794,357,101,68
794,362,98,66
794,367,98,67
792,373,98,67
794,376,96,66
792,381,96,64
791,387,96,64
791,391,96,64
793,395,92,62
793,399,92,62
794,405,89,61
795,410,86,60
794,412,86,60
792,416,86,60
794,422,83,59
796,424,83,59
796,436,82,51
796,436,82,51
798,440,82,51
799,445,83,51
799,449,83,51
800,454,83,51
800,459,88,54
800,461,88,54
802,465,86,54
802,471,86,54
802,474,85,54
805,479,85,54
805,484,85,54
806,490,83,54
806,493,83,54
807,497,83,54
810,498,83,54
812,500,83,54
812,504,83,54
812,507,83,52
812,509,83,52
812,509,83,52
814,509,83,52
817,507,83,52
818,505,83,52
818,504,83,52
817,499,83,52
817,495,83,52
817,491,83,52
817,486,83,52
817,480,83,52
817,474,83,52
817,468,83,52
817,462,83,52
817,456,83,52
817,450,81,52
817,442,81,52
817,436,81,52
817,434,81,52
811,428,81,52
811,423,81,52
811,415,81,52
810,414,81,52
807,414,81,51
807,402,81,58
804,395,81,58
803,387,81,58
800,382,81,58
799,374,81,58
798,372,81,58
795,368,77,58
795,364,77,58
795,359,77,58
794,354,77,56
792,353,77,56
791,348,77,56
788,344,77,56
787,340,77,56
781,335,77,56
781,334,77,56
778,328,77,56
778,326,77,56
778,324,77,56
771,319,77,56
769,316,77,56
768,311,77,56
763,306,77,56
762,305,77,56
762,296,77,56
762,295,69,56
760,291,69,56
759,285,69,56
756,282,69,56
755,278,69,56
752,274,69,64
752,269,69,64
751,263,65,64
750,260,64,64
748,256,64,64
746,251,64,64
744,249,64,64
742,245,64,64
742,241,64,64
741,240,64,64
739,236,64,64
736,233,64,64
735,232,64,64
735,229,64,64
733,227,64,64
732,225,64,64
732,223,64,64
732,219,64,64
730,216,64,78
730,213,64,78
730,209,64,78
729,206,64,78
728,206,64,78
728,205,64,78
728,205,64,78
728,205,64,78
728,205,64,78
725,199,64,78
724,195,64,78
721,192,64,78
720,189,64,78
717,189,64,78
717,188,64,78
717,188,64,78
717,203,64,73
716,205,64,74
716,204,64,74
716,203,64,74
716,203,64,74
716,203,64,74
716,203,64,74
710,201,70,76
708,198,70,76
708,195,70,76
708,194,70,76
708,193,70,76
708,189,70,76
708,190,70,76
707,188,70,76
703,186,70,76
702,184,70,76
699,184,75,80
699,182,75,80
699,187,75,74
696,189,75,74
696,194,75,74
694,194,75,74
694,194,75,74
694,194,75,74
694,205,75,74
693,208,75,74
693,210,75,74
693,211,75,74
693,219,75,74
693,220,75,74
693,222,75,74
693,223,75,74
693,224,75,74
693,225,75,74
693,228,75,74
693,232,75,74
693,238,72,74
693,241,72,74
693,246,72,74
693,255,68,74
693,260,68,74
693,266,67,76
693,268,67,76
691,273,67,76
692,276,63,76
690,274,63,79
689,273,63,79
689,271,63,79
690,270,60,76
688,268,60,76
688,265,60,76
688,263,60,76
688,262,60,76
688,261,60,76
688,260,60,76
688,260,60,76
688,260,60,76
688,260,60,76
686,258,60,76
685,256,60,76
685,253,60,76
685,251,60,76
685,250,60,76
685,247,60,76
685,244,60,76
685,240,60,76
685,237,60,76
686,231,60,76
687,231,59,75
687,228,59,75
687,223,59,75
687,220,59,75
687,217,59,75
687,215,59,75
687,211,59,75
687,205,59,75
687,202,59,75
687,198,59,75
687,194,59,75
687,188,54,75
687,186,54,75
687,184,54,75
686,181,54,75
685,181,53,74
684,175,53,74
684,173,53,74
683,172,53,74
681,171,53,74
679,168,53,74
678,166,53,74
677,165,53,74
677,165,53,74
677,165,53,74
677,165,53,74
677,165,53,74
677,164,47,74
677,165,47,71
676,165,47,71
675,165,47,71
675,165,47,71
675,165,47,71
675,165,47,71
675,165,47,71
675,165,47,71
675,169,47,71
675,169,47,71
675,174,47,71
675,174,47,71
675,188,47,71
673,187,44,77
672,191,44,77
672,195,44,77
672,198,44,77
672,202,44,77
672,206,44,77
670,211,44,77
670,214,44,77
672,215,44,77
672,215,44,77
672,216,44,77
672,216,44,77
672,216,44,77
672,216,44,77
672,216,44,77
672,216,44,77
670,213,44,77
670,213,44,77
668,209,44,77
668,209,44,77
668,209,44,77
668,206,44,77
668,204,46,77
668,204,46,77
668,204,46,77
668,204,46,77
668,204,46,77
668,204,46,77
668,204,46,77
668,204,46,77
668,204,46,77
673,199,46,77
673,199,46,77
673,199,46,77
673,199,46,77
673,199,46,77
673,199,46,77
673,199,46,77
673,199,46,77
674,202,48,75
674,202,48,75
674,202,48,75
674,202,48,75
674,202,48,75
674,202,48,75
674,202,48,75
674,202,48,75
674,211,52,73
674,213,52,73
674,215,52,73
674,215,52,73
674,215,52,73
674,215,52,73
674,215,52,73
674,215,52,73
674,215,52,73
674,215,52,73
674,215,52,73
673,211,52,73
673,211,52,73
673,211,52,73
673,211,52,73
673,211,52,73
673,211,52,73
673,205,52,73
673,204,52,70
673,204,52,70
673,201,52,68
673,201,52,68
673,201,52,68
673,201,52,68
673,194,52,68
673,194,52,68
673,190,52,68
673,182,52,68
673,181,52,68
673,175,52,68
670,168,52,68
670,166,52,68
670,162,52,63
670,158,52,63
670,155,52,63
667,150,52,63
667,149,52,63
667,144,52,63
667,142,53,63
664,139,53,63
664,135,53,63
664,131,53,63
664,126,53,63
664,123,53,63
664,123,53,63
657,116,55,66
657,115,55,66
657,113,55,66
657,111,55,66
655,110,55,66
654,109,55,66
653,108,55,66
653,108,55,66
653,108,55,66
648,105,55,64
647,104,55,64
647,104,55,64
647,104,55,64
647,104,55,64
647,109,55,59
647,115,55,67
646,117,55,67
646,124,55,67
646,129,55,67
646,135,55,67
642,135,55,67
642,137,55,67
641,150,55,67
641,153,55,67
641,158,55,67
637,163,57,69
637,166,57,69
637,174,57,69
637,181,57,68
637,181,55,68
635,189,55,68
635,195,53,67
635,199,53,67
635,205,53,67
632,209,53,67
632,212,53,67
632,214,53,67
632,219,53,67
629,222,53,66
629,223,53,66
627,225,53,66
627,228,53,66
625,230,53,66
623,238,51,63
623,241,51,63
623,246,51,63
621,249,51,63
621,253,51,63
621,253,49,63
617,253,49,63
614,253,49,63
614,258,49,59
614,259,50,62
613,260,50,62
609,260,50,62
607,260,50,62
606,260,50,62
606,260,50,62
606,260,50,62
606,260,50,62
601,260,50,62
601,260,50,62
601,260,50,62
596,260,50,62
596,260,50,62
596,260,50,62
596,260,50,62
592,265,50,62
589,268,53,62
587,269,53,62
587,270,53,62
586,272,53,62
585,273,53,62
585,276,53,62
583,275,53,62
581,276,53,62
582,281,53,62
582,281,51,62
582,284,51,62
581,285,51,62
580,287,51,62
578,289,51,62
578,289,51,62
578,289,51,62
578,289,51,62
575,293,52,62
575,294,52,62
575,294,52,62
575,294,52,62
572,291,52,62
571,289,52,62
570,289,52,62
571,287,52,62
571,287,52,62
571,284,52,62
570,283,52,62
568,281,52,62
568,281,52,62
568,281,52,62
568,281,52,62
568,273,55,62
568,271,55,62
568,267,55,62
568,264,55,62
568,262,55,62
568,258,55,62
568,254,55,62
573,247,56,62
576,241,53,62
576,236,53,62
576,229,57,63
579,224,54,63
579,221,54,63
579,219,54,63
579,218,54,63
579,218,54,63
582,215,56,65
582,214,56,65
