344,560,28,103
346,559,29,104
349,559,28,105
349,559,28,105
348,558,29,105
350,560,29,105
352,559,29,105
352,562,30,102
356,559,23,108
355,562,25,104
355,562,25,104
356,562,25,104
356,562,25,104
357,562,25,104
358,562,25,104
367,562,25,104
372,562,25,104
375,562,25,104
375,562,25,104
377,561,25,104
380,561,25,104
382,561,25,104
377,560,27,104
381,560,27,104
384,560,27,104
387,560,27,104
389,562,27,104
392,562,27,104
394,562,27,104
393,562,27,104
395,562,27,104
393,562,27,104
396,562,27,104
398,562,27,104
398,562,27,104
400,562,27,104
401,562,27,104
403,562,27,104
404,562,27,104
405,562,27,104
408,562,27,104
410,562,27,104
412,564,27,104
413,566,27,104
409,565,27,104
410,563,27,104
413,563,27,104
412,564,27,104
413,564,27,104
416,564,27,104
418,564,27,104
420,564,27,104
421,564,27,104
422,564,27,104
423,564,27,104
424,564,27,104
426,564,27,104
426,564,27,104
427,564,27,104
428,564,27,104
428,564,27,104
429,564,27,104
430,564,27,104
431,564,27,104
433,564,27,104
439,564,27,104
444,562,28,104
446,562,28,104
448,562,28,104
449,562,28,104
451,562,28,104
454,562,28,104
456,562,28,104
457,560,28,104
459,560,28,104
458,560,28,104
459,558,28,104
463,558,28,104
466,558,28,104
466,558,28,104
468,558,28,104
469,560,28,104
470,560,28,104
471,559,28,104
473,559,28,104
475,557,28,104
476,556,28,104
479,556,28,104
481,556,28,104
483,556,28,104
484,556,28,104
486,556,28,104
487,556,28,104
492,556,28,104
495,556,28,104
496,556,28,104
497,556,28,104
498,556,28,104
498,556,28,104
502,556,28,104
506,556,28,104
507,556,28,104
508,556,28,104
509,556,28,104
510,556,28,104
511,556,28,104
513,556,28,104
516,556,28,104
520,556,28,104
521,556,28,104
522,556,28,104
523,556,28,104
524,556,28,104
526,556,28,104
527,554,28,104
527,553,28,105
529,553,28,105
531,553,28,105
534,553,28,105
536,553,28,105
536,550,29,107
538,550,29,107
540,550,29,107
540,551,29,107
542,551,29,107
544,551,29,107
546,551,29,107
548,551,29,107
550,551,29,107
553,551,29,107
557,551,29,107
564,551,27,107
566,549,27,109
565,549,27,109
567,549,27,109
569,549,27,109
572,547,27,109
574,547,27,109
575,547,27,109
580,547,27,109
582,547,27,109
584,547,27,109
584,547,27,109
586,549,27,109
587,549,27,109
588,549,27,109
589,550,27,109
590,550,27,109
590,551,27,109
595,551,27,109
598,551,27,109
600,551,27,109
599,551,27,109
602,550,27,109
603,549,27,109
605,549,27,109
609,550,27,109
611,550,27,109
612,550,27,109
612,550,27,109
612,550,27,109
613,550,27,109
615,550,27,109
617,550,27,109
620,550,27,109
622,550,27,109
625,550,27,109
627,550,27,109
630,553,27,109
633,553,27,109
632,553,27,109
633,553,27,109
634,553,27,109
635,553,27,109
638,553,27,109
641,553,27,109
643,553,27,109
646,553,27,109
649,551,27,109
649,551,27,109
649,551,27,109
651,551,27,109
653,551,27,109
655,551,27,109
657,551,27,109
657,549,27,109
659,549,27,109
660,549,27,109
663,550,27,109
665,550,27,109
667,550,27,109
669,550,27,109
672,550,27,109
677,550,27,109
682,550,27,109
682,550,24,109
682,550,26,109
684,550,26,109
685,550,26,109
687,550,26,109
689,550,26,109
692,550,26,109
693,551,26,109
696,551,26,109
700,551,26,109
702,551,26,109
703,551,26,109
701,552,28,109
703,552,28,109
705,552,28,109
706,552,28,109
708,552,28,109
712,552,28,109
715,552,28,109
718,552,28,109
721,552,28,109
723,552,28,109
722,552,28,109
724,552,28,109
726,552,28,109
728,553,28,109
729,553,28,109
730,553,28,109
730,553,28,109
733,553,28,109
736,553,28,109
740,553,28,109
742,553,28,109
742,553,28,109
742,553,28,109
743,554,28,109
747,554,28,109
751,554,28,109
749,554,28,109
749,554,28,109
753,554,28,109
756,554,28,109
757,554,28,109
758,550,28,112
761,550,28,112
762,550,28,112
763,550,28,112
763,550,28,112
766,550,28,112
767,550,28,112
768,550,28,112
770,550,28,112
772,550,28,112
775,546,29,114
778,546,29,114
780,546,29,114
783,546,29,114
785,546,29,114
787,546,29,114
790,546,29,114
793,546,29,114
795,546,29,114
797,546,29,114
799,546,29,114
797,546,29,114
799,546,29,114
800,546,29,114
806,546,29,114
805,546,29,114
806,546,29,114
808,546,29,114
810,546,29,114
810,546,29,114
815,546,29,114
817,546,29,114
818,545,29,114
818,545,29,114
819,545,29,114
821,545,29,114
823,545,29,114
825,545,29,114
827,545,29,114
828,542,29,116
831,542,29,116
836,542,29,116
839,542,29,116
838,542,29,116
841,544,29,114
842,544,29,114
842,544,29,114
848,544,29,114
850,544,29,114
854,544,29,114
853,544,29,114
855,544,29,114
857,544,29,114
858,544,29,114
862,544,29,114
861,544,29,114
864,544,29,114
867,545,29,110
869,545,29,110
870,545,29,110
869,545,29,110
872,545,29,110
872,545,29,110
881,545,29,110
883,545,29,110
884,545,29,110
884,542,29,113
887,542,29,113
889,542,29,113
890,542,29,113
890,542,29,113
892,542,29,113
894,542,29,113
896,542,29,113
899,542,29,113
901,542,29,113
903,542,29,113
905,542,29,113
908,542,29,113
904,542,29,113
906,542,29,113
908,542,29,113
910,542,29,113
914,542,29,113
917,542,29,113
915,542,29,113
916,542,29,113
918,542,29,113
920,542,29,113
921,542,29,113
923,542,29,113
923,542,29,113
925,542,29,113
926,542,29,113
927,542,29,113
931,542,29,113
933,542,29,113
936,542,29,113
938,542,29,113
942,542,29,113
944,542,29,113
945,542,29,113
948,542,29,113
951,542,29,113
950,541,28,113
953,541,28,113
953,541,30,113
955,541,30,113
955,539,30,113
955,540,30,113
958,542,30,113
960,542,30,113
962,542,30,113
963,542,30,113
966,542,30,113
969,542,30,113
971,542,30,113
972,542,30,113
971,542,30,113
974,542,30,113
973,542,30,113
975,542,30,113
977,542,30,113
978,542,30,113
978,542,30,113
978,542,30,113
979,542,30,113
979,542,30,113
979,542,30,113
984,542,30,113
989,542,30,113
990,542,30,113
993,542,30,113
995,542,30,113
996,542,30,113
996,542,30,113
996,542,30,113
996,542,30,113
996,542,30,113
1000,542,30,113
1002,542,30,113
1004,542,30,113
1006,542,30,113
1008,542,30,113
1010,542,30,113
1012,542,30,113
1012,542,30,113
1014,542,30,113
1016,542,30,113
1018,542,30,113
1018,542,30,113
1021,542,30,113
1024,542,30,113
1026,540,30,113
1028,539,30,113
1030,539,30,113
1029,539,30,113
1031,539,30,113
1033,539,30,113
1034,539,30,113
1035,539,30,113
1035,539,30,113
1035,539,30,113
1035,537,30,113
1036,536,30,113
1039,536,30,113
1042,536,30,113
1044,536,30,113
1046,536,30,113
1048,536,30,113
1048,536,30,113
1050,536,30,113
1051,536,30,113
1052,536,30,113
1055,536,30,113
