833,357,23,52
824,359,23,52
819,359,22,52
817,360,22,52
810,360,22,52
803,360,22,52
796,360,22,52
795,359,22,52
790,358,22,52
779,359,22,52
777,359,22,52
768,359,22,52
767,359,22,52
763,359,22,52
757,359,22,52
751,359,22,52
746,359,22,52
740,359,22,52
735,359,22,52
727,359,22,52
722,359,22,52
719,359,22,52
714,359,22,52
706,359,22,52
701,359,22,52
700,359,22,52
694,359,22,52
687,359,22,52
682,359,22,52
675,359,22,52
669,359,22,52
666,359,22,52
659,359,22,52
653,359,22,52
647,359,22,52
647,359,22,52
640,359,22,52
631,359,22,52
631,359,22,52
631,359,22,52
627,368,22,52
628,375,22,52
628,375,22,52
628,383,22,52
628,392,22,52
628,392,22,52
628,392,22,52
628,397,22,52
628,405,22,52
628,405,22,52
628,405,22,52
628,417,22,52
628,422,22,52
628,422,22,52
628,422,22,52
627,438,22,52
628,440,22,52
627,440,22,52
625,445,22,52
625,445,22,52
625,445,22,52
625,445,22,52
620,445,22,52
616,445,22,52
611,445,22,52
609,445,22,52
599,445,22,52
592,445,22,52
585,445,22,52
581,445,22,52
578,445,22,52
569,445,22,52
564,445,22,52
563,445,22,52
558,445,22,52
550,445,22,52
545,445,22,52
541,445,22,52
533,445,22,52
528,445,22,52
524,445,22,52
515,445,22,52
509,445,22,52
509,443,22,52
502,443,22,52
496,445,22,52
495,445,22,52
485,445,22,52
477,446,22,52
472,446,22,52
471,446,22,52
464,446,22,52
456,446,22,52
455,446,22,52
445,446,22,52
438,446,22,52
437,446,22,52
431,446,22,52
425,446,22,52
423,446,22,52
416,446,22,52
412,446,22,52
405,446,22,52
400,446,22,52
394,446,22,52
386,446,22,52
381,446,22,52
376,446,22,52
369,446,22,52
365,446,22,52
359,446,22,52
358,444,22,52
353,444,22,52
344,444,22,52
343,444,22,52
342,444,22,52
341,444,22,52
341,444,22,52
341,444,22,52
341,444,22,52
341,444,22,52
343,442,22,52
343,442,22,52
343,442,22,52
343,442,22,52
343,442,22,52
343,442,22,52
343,442,22,52
343,442,22,52
343,442,22,52
343,442,22,52
343,442,22,52
343,442,22,52
343,442,22,52
343,442,22,52
343,442,22,52
343,442,22,52
343,442,22,52
343,442,22,52
343,442,22,52
343,442,22,52
343,442,22,52
343,442,22,52
343,442,22,52
343,442,22,52
343,442,22,52
343,442,22,52
343,442,22,52
343,442,22,52
343,442,22,52
343,442,22,52
343,442,22,52
343,442,22,52
343,442,22,52
343,442,22,52
343,442,22,52
343,442,22,52
343,442,22,52
343,442,22,52
351,445,22,52
355,445,22,52
361,445,22,52
367,445,22,52
372,445,22,52
378,445,22,52
393,445,22,52
390,429,22,52
381,420,22,52
383,424,22,52
383,424,22,52
383,423,22,52
379,408,22,52
373,404,22,52
371,405,22,52
371,405,22,52
371,405,22,52
369,396,22,52
362,381,22,52
360,381,22,52
361,381,22,52
360,381,22,52
359,372,22,52
353,358,22,52
349,358,22,52
351,360,22,52
350,360,22,52
350,360,22,52
350,360,22,52
350,360,22,52
350,360,22,52
350,360,22,52
350,360,22,52
350,360,22,52
350,360,22,52
350,360,22,52
350,360,22,52
350,360,22,52
350,360,22,52
350,360,22,52
350,360,22,52
347,360,22,52
344,359,22,52
344,359,22,52
344,359,22,52
342,352,22,52
343,351,22,52
343,351,22,52
343,351,22,52
343,351,22,52
343,351,22,52
343,359,22,52
343,362,22,52
343,362,22,52
343,362,22,52
343,362,22,52
343,362,22,52
343,362,22,52
343,362,22,52
343,362,22,52
343,362,22,52
343,362,22,52
343,362,22,52
343,362,22,52
343,362,22,52
343,362,22,52
343,362,22,52
343,362,22,52
343,362,22,52
343,362,22,52
343,362,22,52
343,362,22,52
345,361,22,52
354,361,22,52
358,361,22,52
363,359,22,52
372,359,22,52
376,359,22,52
380,359,22,52
385,359,22,52
393,359,22,52
398,359,22,52
404,359,22,52
411,359,22,52
418,359,22,52
423,359,22,52
425,359,22,52
434,359,22,52
443,359,22,52
448,359,22,52
451,359,22,52
459,359,22,52
467,359,22,52
469,359,22,52
473,359,22,52
482,359,22,52
489,359,22,52
498,359,22,52
502,359,22,52
509,359,22,52
513,359,22,52
520,359,22,52
522,359,22,52
529,359,22,52
533,359,22,52
545,359,22,52
551,359,22,52
554,359,22,52
562,359,22,52
568,359,22,52
576,359,22,52
582,359,22,52
587,359,22,52
591,359,22,52
600,359,22,52
604,359,22,52
611,359,22,52
615,359,22,52
616,359,22,52
626,361,22,52
627,371,22,52
627,372,22,52
627,372,22,52
627,390,22,52
627,389,22,52
627,389,22,52
627,389,22,52
627,403,22,52
627,403,22,52
627,403,22,52
627,409,22,52
627,419,22,52
627,420,22,52
627,420,22,52
626,430,22,52
627,437,22,52
627,438,22,52
632,446,22,52
633,446,22,52
642,446,22,52
650,446,22,52
654,446,22,52
664,446,22,52
670,446,22,52
675,446,22,52
682,446,22,52
688,446,22,52
694,446,22,52
701,446,22,52
707,446,22,52
713,446,22,52
718,446,22,52
723,446,22,52
729,446,22,52
737,446,22,52
743,446,22,52
751,446,22,52
759,446,22,52
762,446,22,52
768,444,22,52
773,444,22,52
780,445,22,52
792,445,22,52
793,445,22,52
798,445,22,52
804,445,22,52
808,445,22,52
817,445,22,52
819,445,22,52
824,445,22,52
831,445,22,52
833,445,22,52
834,445,22,52
832,445,22,52
833,445,22,52
833,445,22,52
834,445,22,52
834,445,22,52
834,445,22,52
834,445,22,52
834,445,22,52
841,445,22,52
846,445,22,52
851,445,22,52
857,445,22,52
860,440,22,52
866,428,22,52
872,419,22,52
871,423,22,52
871,423,22,52
878,410,22,52
882,397,22,52
883,404,22,52
883,401,22,52
892,381,22,52
894,378,22,52
891,387,22,52
895,376,22,52
902,362,22,52
904,356,22,52
904,360,22,52
904,360,22,52
904,360,22,52
893,360,22,52
886,360,22,52
883,360,22,52
877,360,22,52
871,360,22,52
863,360,22,52
856,360,22,52
849,360,22,52
845,360,22,52
835,360,22,52
829,360,22,52
824,360,22,52
823,358,22,52
819,357,22,52
809,357,22,52
804,357,22,52
795,357,22,52
785,357,22,52
784,357,22,52
776,357,22,52
769,358,22,52
766,358,22,52
759,357,22,52
750,358,22,52
745,359,22,52
740,360,22,52
734,360,22,52
725,360,22,52
721,359,22,52
715,359,22,52
708,358,22,52
702,357,22,52
696,358,22,52
690,359,22,52
686,359,22,52
679,359,22,52
668,359,22,52
666,359,22,52
659,359,22,52
654,359,22,52
