849,193,86,189
854,182,86,197
856,172,96,195
863,169,88,187
873,161,77,185
878,157,75,183
880,151,79,177
880,144,84,177
876,141,89,169
865,134,108,177
865,134,108,177
865,134,108,177
865,130,116,177
863,130,116,177
862,127,116,177
866,120,115,150
866,120,115,150
866,120,111,150
866,120,107,150
866,120,104,150
866,120,101,150
867,120,96,150
869,110,93,159
869,110,93,159
869,110,93,159
868,110,97,139
869,113,102,131
869,116,102,131
869,116,111,134
869,121,117,134
869,121,124,134
870,121,123,150
870,124,123,150
870,127,123,150
870,131,123,150
870,134,123,150
870,137,123,150
859,145,135,150
859,153,135,150
859,158,135,150
859,164,135,150
859,171,135,150
859,178,122,151
853,184,122,151
846,190,122,151
846,196,110,146
840,202,110,116
834,202,111,105
829,202,110,70
828,202,110,72
827,202,110,70
826,203,110,71
818,202,110,65
818,202,110,71
818,202,110,76
818,205,110,75
817,204,110,66
814,205,145,66
813,206,110,59
806,205,174,71
806,206,190,59
804,205,191,71
809,203,169,66
805,196,179,81
805,196,179,81
805,196,179,81
805,196,179,81
805,191,179,81
805,187,179,81
805,184,179,81
804,179,156,82
805,176,161,81
804,171,161,81
804,165,161,81
804,159,161,81
802,153,161,98
796,147,161,98
796,141,161,98
796,132,156,98
796,129,138,140
796,129,138,140
788,116,152,158
784,110,150,153
783,103,146,177
779,102,143,198
779,98,143,198
779,96,143,198
779,96,143,198
771,92,143,198
771,90,143,198
771,88,153,198
771,88,153,198
779,88,153,198
786,88,153,198
792,88,153,198
792,88,153,198
793,96,158,185
793,98,158,185
793,98,165,185
793,101,165,185
794,101,168,185
794,105,168,185
794,105,168,188
792,105,168,188
793,107,168,188
793,110,168,188
793,112,168,188
793,115,168,188
793,117,168,188
793,120,168,188
791,125,168,188
791,128,168,188
791,131,168,188
791,134,168,188
791,138,168,188
791,145,168,188
791,150,168,188
791,157,168,188
788,161,168,188
788,168,168,188
790,167,171,188
790,170,171,188
790,173,171,188
790,174,171,188
790,173,171,188
790,173,171,188
790,173,171,188
790,171,171,188
790,167,171,188
799,164,135,188
797,158,135,188
792,156,135,188
787,151,135,188
786,146,119,188
776,144,119,188
766,136,125,188
755,133,132,188
746,130,140,197
737,130,140,197
731,128,140,197
724,126,140,197
721,124,151,197
728,122,138,197
727,122,138,197
726,124,138,197
720,127,139,197
718,127,139,199
713,130,139,199
710,134,139,199
708,137,139,199
708,141,139,199
708,143,139,199
708,149,139,199
708,160,154,199
708,163,154,199
708,168,154,199
708,170,154,199
708,173,154,199
708,176,154,199
726,177,135,199
729,179,135,199
729,179,135,199
738,177,125,199
738,177,125,199
746,174,125,199
754,170,125,199
755,168,125,199
758,162,125,199
759,152,125,199
759,148,125,199
768,142,125,199
772,133,125,199
775,126,125,199
778,117,125,199
778,111,125,199
778,102,125,199
778,94,125,199
778,91,125,199
778,86,125,199
778,78,125,199
778,77,125,199
778,76,125,199
778,72,125,199
778,70,125,199
778,67,125,199
778,64,125,199
778,62,125,199
778,62,116,199
778,60,122,183
772,57,122,183
772,56,122,183
769,53,122,183
767,51,122,183
763,49,122,183
759,59,122,183
757,57,145,185
757,57,145,185
750,59,155,175
750,65,155,170
744,68,161,165
740,75,163,165
734,81,163,171
728,83,167,171
728,90,167,171
726,94,167,171
726,99,171,171
726,106,171,171
726,114,171,171
726,128,171,171
720,136,175,171
717,147,179,171
714,154,182,171
717,162,179,171
719,172,177,171
721,183,175,171
723,198,174,171
728,209,174,171
728,220,174,171
734,227,160,171
734,236,160,171
734,246,154,171
735,249,144,171
735,259,138,170
735,262,130,170
735,269,119,161
732,275,105,154
730,279,109,154
727,279,109,154
721,284,109,154
714,285,109,154
714,285,109,154
698,284,147,155
688,284,147,155
687,284,147,155
631,280,199,155
631,272,199,155
623,263,199,155
615,262,199,155
612,254,199,155
612,244,199,155
612,231,199,155
632,224,168,155
632,214,168,154
632,202,168,154
635,195,156,154
635,189,151,139
635,180,151,139
635,172,140,139
619,172,140,139
614,162,140,137
614,161,140,137
614,161,140,137
615,153,140,137
609,148,146,142
598,143,157,147
598,135,157,154
593,127,151,162
590,120,140,170
590,114,140,170
576,109,132,170
574,101,132,175
573,97,132,175
571,93,132,175
569,88,132,175
568,86,129,175
557,80,143,187
556,79,146,182
556,77,143,184
556,77,143,184
546,73,151,180
543,73,151,180
540,73,151,180
537,73,151,180
534,73,151,180
529,73,151,180
526,73,151,180
534,73,140,180
534,73,137,180
533,73,124,180
533,73,124,180
533,73,111,180
533,73,106,180
533,73,99,180
533,87,99,180
533,99,99,180
533,106,99,180
533,110,99,180
517,110,115,180
528,125,93,166
528,125,93,166
528,129,93,166
520,136,93,166
503,140,119,173
503,143,119,173
503,149,119,173
503,154,119,173
501,154,114,173
501,154,114,173
501,160,114,173
501,160,114,173
501,170,115,174
501,172,115,174
501,172,115,174
502,172,117,174
503,172,126,174
522,163,108,174
522,163,108,174
532,163,108,174
532,163,108,174
540,155,108,174
557,155,95,174
557,155,95,174
576,148,95,174
585,140,95,249
592,140,95,249
602,140,95,249
614,137,95,249
627,137,95,249
636,137,95,249
640,136,117,180
640,136,117,180
651,128,160,180
666,119,149,180
671,120,169,150
671,120,169,150
671,86,190,184
680,105,185,148
680,118,184,139
686,133,193,124
690,131,193,124
698,122,193,124
698,123,193,124
704,125,193,124
704,116,203,137
704,118,203,137
704,117,203,137
721,110,221,146
724,117,203,137
724,119,203,137
727,121,203,136
727,134,203,121
727,138,203,116
727,140,203,113
727,147,203,115
727,147,203,115
727,152,203,115
721,155,203,115
721,163,203,115
721,163,203,115
721,175,203,115
715,180,203,115
715,183,203,115
714,189,203,115
710,196,203,115
707,199,203,115
698,202,203,115
693,202,159,115
693,203,159,115
693,214,159,115
680,220,159,115
680,220,159,115
678,228,159,115
678,228,159,115
678,228,159,115
678,238,159,115
678,238,159,115
678,238,159,115
678,238,159,115
678,238,159,115
679,229,190,152
669,229,176,152
661,229,176,152
651,229,176,152
641,229,176,152
632,229,191,152
617,235,195,152
609,235,195,152
595,235,195,152
583,235,190,152
572,235,195,152
555,235,194,152
547,235,189,152
538,235,188,152
529,238,191,141
520,235,189,141
509,235,193,139
497,237,197,127
496,235,194,132
486,235,193,127
478,233,181,115
471,233,189,115
